1.194727502922126039e-01 2.338525347635849183e-01
2.639583624999914946e-01 1.258344258472476884e-01
8.438817145897647976e-02 -1.206395803767659203e-01
2.382536855721382185e-01 -7.029835184288588668e-01
7.931148160503949107e-01 5.256300806586562402e-01
-7.971223192898242438e-01 5.366530065912016312e-01
-2.165473241169446617e-01 -1.973311880088526316e-01
-5.268264702715592662e-01 -5.082587585306799216e-01
3.131057400390755419e-01 1.350746541001401901e-02
2.174755909482077865e-01 9.284874059431305060e-01
7.349681236951122187e-03 9.823947464444289235e-01
-3.564121828197583941e-01 -8.768699694570836201e-02
-4.382062432044906419e-01 -2.350696121681030704e-01
6.631198954582804284e-01 3.160144882282001078e-03
-4.431436414273570712e-02 4.899743457644314404e-01
-6.690893326466063051e-02 1.856879470690426803e-01
-2.918139245502211487e-01 5.987838055046155183e-01
-8.426296147471903364e-01 -4.006034289029076767e-01
1.986377006715249749e-01 -5.607246312151734635e-01
3.629744543872699403e-01 -4.199862269865783926e-01
-4.525073621950670422e-02 -1.057849205555057015e-01
1.074175083110731066e-01 -1.848513212843072573e-02
-2.510945533607518154e-01 1.799623171253292853e-01
-1.076552992298083211e-01 8.222754354896810725e-01
6.410265904758765121e-01 -5.165068857209549336e-01
7.606992037143953667e-01 -5.603166222458262347e-01
2.201387723449284017e-01 -3.326565049215004510e-01
-5.385646411871947148e-01 7.526178618864061143e-01
7.689811903178098706e-01 4.218280429487111238e-01
-4.936280925767386751e-01 1.120946873742691974e-01
4.736617271349115033e-01 -2.397335699091907024e-02
