7.445505618367023182e-01 2.799389331525130586e-01
7.286323865911468189e-01 -1.480151529056989990e-01
5.697568921771800632e-02 7.822019827928667901e-01
-8.749024948582206918e-04 -9.609072876160613674e-01
2.834579925590798855e-01 -3.742878535803231266e-01
-1.558269024176226480e-01 -4.086327169304659890e-01
1.195921385134597337e-01 -6.175945288771920172e-01
-9.467195957495433412e-02 9.647621274261573010e-01
-7.980429447185224401e-01 4.442953011546884046e-01
-2.216366193779795157e-01 3.591689599424130463e-02
-1.668308245120895261e-01 -8.229690793875164001e-01
2.918860692760036901e-01 -1.385814476162927633e-01
1.274537597364826524e-01 -8.178438772165841364e-01
4.073047066153165918e-01 -2.909161534357787016e-01
-3.828017834731354263e-01 6.087705867426953521e-01
2.677257049608192663e-01 -6.657729835563148679e-01
7.374335429293550348e-01 2.501333128360883062e-01
2.796405577922167485e-01 -6.705733060387610855e-01
8.555452282513638096e-01 3.119352959344070531e-01
-2.904690866099801649e-01 -2.587610943243705552e-01
4.283920975653565666e-01 7.022656471595156713e-01
5.446099149414571627e-01 8.288405697406378003e-01
-1.908311952452668159e-01 7.501614936042528825e-01
8.285849107531264579e-01 -3.690394143123183479e-01
-1.877320998309195410e-01 -7.703744587245080488e-01
-6.571729214980328582e-01 1.094828396607501197e-01
-5.914116167470295782e-01 2.174666837006189457e-01
-6.480748253590595809e-02 6.057774570449721008e-01
4.994212122702250678e-01 5.896415022683132445e-01
