3.707865754685180093e-02 8.021036283251723464e-01
-4.949955373606074183e-01 -8.165605065022054632e-01
1.791776807543998817e-01 -1.998622280250827998e-01
6.189729202325202628e-01 4.370425646831477273e-01
4.456501839477358118e-01 8.845185714727021864e-01
3.109880290395590219e-01 7.022042987805154901e-02
-2.392985174404711479e-01 -2.005102245573830988e-01
-2.172486670291995381e-02 5.692364861313641278e-01
-7.538045644370106046e-02 1.290251115475278265e-01
5.390078539645655198e-01 -5.905240045626372059e-01
-2.600175190578664086e-01 8.091931266741752005e-01
3.485687374108705772e-01 -8.942523994501176965e-01
2.436023683882999613e-01 -9.604634061260177713e-01
-8.966822215388785544e-01 -3.239414686246289143e-02
4.358690955756188146e-01 -5.540659208199887331e-01
3.761568157933459222e-01 -5.015167284573835982e-01
-5.981319723165618996e-01 -4.823946023145242457e-02
7.948168145678424779e-01 1.229260718898579352e-01
4.074009323697229679e-01 -1.315150469942727440e-02
6.027523529078782083e-02 8.066729328235717755e-01
4.944458459122769156e-02 -1.432591098033149102e-01
3.336936389417732851e-01 8.295916224502413172e-01
2.930347253211385006e-01 -6.323164095216258218e-01
5.260416988009024575e-01 8.374649960115541081e-01
-6.979347994288325197e-01 -4.057221524868657170e-01
1.259555801907017436e-01 9.388723623763595150e-02
-7.317623827883681376e-01 -1.845316327014012714e-01
6.414314483073888518e-01 3.560157775646395351e-01
-8.818378159868522914e-03 4.823443673791594222e-01
-1.633975457096012995e-01 2.993563633151958836e-01
-4.397619310213709554e-01 -6.613916680617326627e-01
