-5.879784585952929632e-01 7.761215230593343506e-02
-2.388117781370775461e-01 -2.490302611551205025e-01
2.824492910244704724e-01 -8.734647192125182258e-01
6.294979759910273032e-01 -6.523688969637821966e-01
9.314112965560215063e-01 7.182096659844283693e-02
-6.398771652208032901e-01 8.422938735276930267e-02
9.490466570146942615e-01 -4.561366098709696004e-02
7.891109108673555195e-01 5.338378435660173782e-01
7.402786500550859738e-01 5.759575602020650109e-01
2.809761868458908740e-01 2.147349033652690142e-01
5.988581927503899838e-01 -4.177784849461281258e-01
-2.451456003373932990e-01 9.329397769455960443e-03
-1.060923711868901886e-01 7.679823085018360196e-01
3.536940981831115938e-01 2.747147972285046702e-01
-1.111278039149392605e-01 -2.941902042317201538e-01
4.597665082952191451e-01 -4.047958102091535615e-01
2.388762941576625387e-01 1.239634782342906583e-01
2.154291030788890726e-01 8.104167961582264823e-02
-3.789498096539118954e-01 2.692258539577860876e-01
4.958612922713689919e-02 4.672072535697857631e-02
8.103025390799145633e-01 -2.617780376838847456e-01
-8.256433482160054904e-01 -2.203479609500997860e-01
9.345902509179608852e-01 2.661155234750283149e-01
2.229057615487728405e-01 9.383349775268878812e-01
3.019776725205951529e-01 -7.157216555748657782e-02
-3.034398477179132136e-01 7.000386919236629701e-01
4.154925416472743382e-01 -4.544380605622651004e-01
-9.650460988279099261e-01 -1.272078378663623610e-01
-6.844978728134032409e-02 1.274888771806339527e-01
4.682199921768077644e-01 -2.565769049724966333e-01
4.125893807899534416e-01 -1.924286396066698934e-02
-5.977913380359476392e-01 4.057129741262892608e-01
3.210418025715733314e-02 3.842755212630197814e-01
1.383876655783367049e-01 2.463386058403835843e-01
