3.701670096820319777e-02 7.892027362421960568e-01
7.613143821720091964e-02 -9.329678163278034564e-01
-2.798990444515239151e-01 5.258159868631919753e-01
3.860770839991283232e-01 -7.040237166013763037e-01
-8.552881457589458503e-01 6.515919629898880849e-02
-5.159186832209710083e-01 7.905175552854750709e-01
-1.209111803322420187e-01 4.540466856416751629e-01
-3.155576032237559225e-01 4.484919894338927904e-01
-4.566675559271093920e-01 -3.413646205646236886e-02
-7.237580587485479278e-01 1.403686532207741866e-01
-5.974862567732519558e-01 -1.558052609254652054e-01
3.690296634217813398e-01 4.772827868621010161e-02
-6.497702445395718840e-01 6.595368125121248148e-02
8.962028349156239138e-01 -7.702694979864421754e-03
-4.969924595678081314e-01 -3.853866993060450774e-02
5.622851300016218357e-01 -7.379990723060558810e-01
3.094141381366688481e-01 -8.738513837184134214e-01
4.639072930059229272e-01 -5.542193111966362551e-01
8.973579031364957714e-01 8.902989116952531035e-03
1.057091049423650730e-01 -5.720930271822615154e-01
-2.804051088432997219e-01 7.361203478152524848e-01
1.035533557236889557e-02 3.328024153427555643e-01
-2.121732412236030374e-01 9.409979215934298757e-01
6.491656251445743209e-01 3.733463318194574221e-01
6.537608853277752097e-01 5.680005062199433574e-01
-5.809516427808174566e-01 1.543139604904819606e-02
-7.891385766692649018e-01 5.473220479562668217e-03
-5.359508567090955911e-01 7.764143318276264250e-01
2.713370940317272328e-02 -5.280694647406336539e-01
-2.049691353743339217e-01 -5.863660882946108988e-01
-7.314319782150977556e-01 1.538488257763970246e-01
