5.269525386570261816e-02 -3.388472686112768972e-01
3.616085868742873188e-01 -8.029222350288056642e-01
-9.631364679556875252e-01 -1.511237742064963641e-02
-5.219534644641921073e-01 -1.381424781939151192e-01
-6.271633671799992094e-02 -2.571514090523570051e-01
4.050600295546182839e-01 -7.588905280224376160e-01
5.117260559976035683e-01 4.209358785228609623e-01
-5.320621638634803752e-02 -7.010937239619379202e-01
5.709827249793444359e-01 -7.647157277401603892e-01
9.247042883501026544e-01 -9.456000702855016371e-03
-3.949092276859187400e-01 5.837076343566127701e-01
-1.236340724514728429e-02 -5.824468884269855540e-01
3.410782680456430072e-01 2.214523278966691322e-01
-7.572603699229496499e-01 2.861524554849179669e-01
4.290314541939954651e-01 -1.736949389347897110e-01
4.242528175475146490e-02 7.611434911803405257e-01
2.364058891695182130e-01 8.082278168613705738e-01
-4.720469195076215652e-01 -8.473354313976089180e-02
-3.559071216233740120e-01 7.191808459931148256e-02
7.330278814364723505e-01 -6.226800994484165130e-01
5.556811634240088615e-02 -3.042905301179883448e-01
5.246449572589302335e-01 1.313129593126300954e-01
-2.613236667654759149e-01 7.000211810731522544e-01
-6.358264513765583548e-01 -6.640186519853925606e-01
6.189076431849758198e-01 4.972178287375328409e-01
-3.510229396746418207e-01 6.422987859978908087e-01
3.160160153793167837e-01 -1.007139667917507087e-01
9.510202093022197545e-01 2.952215522726209240e-01
-1.053774952852717384e-01 -1.321490331385579697e-01
-5.050869371070190184e-01 -5.147182599277495552e-01
