-2.559670628360288802e-02 3.149289151822438626e-01
2.582974892345073492e-01 3.861082073808863591e-01
4.230620260401414257e-01 -7.890481785032996687e-01
7.871590008585085396e-01 6.122438103478922145e-02
-3.463697778151422213e-01 4.108793886743475898e-01
3.838148196343709184e-01 -8.363667668541743261e-01
-8.236087119452000227e-01 8.524510941306417955e-02
-7.632673288674500789e-01 -6.068212158132557654e-01
-2.646663353607514590e-01 5.838715397523588369e-01
-8.144252202592781043e-01 -1.147109803210641932e-01
-2.738370111618899649e-01 -7.149509600333083803e-01
-6.730395065503755880e-01 -6.335651850485557457e-01
-3.970295438590596415e-01 1.825221282787377053e-01
-4.236280559333005513e-02 -7.375501226762135598e-01
-1.012237247803358109e-01 8.516063993953595368e-01
-9.890555600220274357e-02 6.479703913774121915e-01
-3.254361197152222385e-01 1.069563125234300749e-01
6.819775232057057046e-01 -2.859275404564622924e-01
3.750446910627758257e-03 -8.499990578205516290e-01
-2.108738307811142132e-01 -8.470671265191749288e-01
5.270288543715166973e-01 -1.501783025248026870e-01
-8.490123269988656407e-01 4.075876013763104488e-01
-3.923289516183992021e-01 2.774679406256506109e-01
5.044142220543252897e-01 -4.750663225020890224e-01
-8.334247022578300523e-01 -4.636658109615596768e-01
-4.754384156119151328e-02 3.680275025513926046e-01
1.071851691599559064e-01 -5.321430688729378300e-01
2.079450800470761251e-01 6.169557314160503125e-01
9.899233393971718087e-02 -4.140340872300436459e-01
-5.226657864297872269e-01 -6.105014425380077547e-01
5.330665150298430355e-02 -3.280865427146442137e-01
-4.526190806944623279e-01 4.247376962424849189e-01
-3.890046092727539317e-01 -6.587516485907833896e-01
