6.493778504521241501e-02 6.419161770346433205e-01
-7.736291532681338623e-02 1.694073291808120274e-01
-6.607776665417315343e-01 6.630834233596560878e-03
-2.327327490019512890e-01 -2.048632017047260501e-01
7.427167781273196212e-01 8.727400307554211700e-02
-4.945109174202706459e-01 -8.691353312647533969e-01
-2.655070341914544940e-01 6.788622970602009588e-03
-7.705881983101530164e-01 1.591968422832723551e-01
-6.581351587938868430e-01 1.427479710287118397e-01
-1.756937658076469511e-01 -7.608739625846001609e-01
-6.692963907799942547e-01 3.105689329050802527e-01
-1.114910958038231037e-01 9.284316003722439259e-01
5.990309712803694175e-01 3.799874767440813983e-02
4.239679620668734827e-02 -4.945815606365500106e-01
5.664007523772121022e-01 -4.494101003693014018e-01
2.408730492869013418e-01 7.225328910562265339e-01
-2.447197955963602567e-01 -1.308649487233548570e-02
-1.224971604720579421e-01 -5.694464797884319918e-01
-1.556849010377159281e-02 -1.191655336753294492e-01
2.851186106293246425e-02 3.061726899546666214e-01
-2.650792866405686787e-01 -7.143498385260445005e-01
1.922030190636885294e-01 -4.414051522869857358e-01
4.395060738463993921e-01 5.476697865600321791e-02
-2.372575047262073245e-01 -7.521727787648362362e-01
