6.097143785731100607e-01 -5.872778531208111552e-01
-1.211575050435793610e-01 -1.000225886588292923e-01
-1.095144115555446440e-02 8.476908314314359760e-01
9.026383907256958494e-01 2.420079216831994007e-01
-1.674166209946938988e-01 -4.048952760038655452e-01
3.021346552555392861e-01 -4.270806316427526728e-01
-2.276530747735057147e-01 -6.155784650364031219e-01
-8.589139951294308961e-01 -5.409320622105084908e-03
-7.894711209303733046e-01 -3.139055827439580781e-01
-3.580411393075546567e-01 8.386641695370691263e-01
-1.896931506472210316e-01 8.558545608248258052e-01
2.914703746124081007e-02 6.454513279290916561e-01
7.518755061059136935e-01 -4.352805351253001831e-01
-2.413992148981032315e-01 -2.087443745761812242e-01
6.483998515170028565e-01 -3.257389854907084548e-01
4.061868314953456238e-01 6.083583769106213346e-01
7.873099520720976408e-01 4.762703914329398103e-01
1.648844133910916110e-01 -4.245226664738657174e-01
-2.147652382305287322e-01 4.535578780899711671e-01
9.023745327862517929e-01 2.520696192450195827e-01
2.670347523561735770e-01 6.636524411257858080e-01
-1.252213776640953569e-01 4.799981277436329297e-01
4.781255242997193289e-01 -3.793071196257891131e-02
-8.522583022983840628e-01 -2.739170322454913542e-01
-6.726841290692728847e-01 -7.288425368343423028e-01
2.903701581575088841e-01 -1.793485372997587479e-01
8.867852588425837457e-01 -3.382673202137467250e-01
-7.525314865232184403e-01 5.757403876075126714e-01
3.677176806501913919e-01 -6.630583152889659715e-01
3.353207374998494750e-01 3.768329973031401270e-01
8.916955083158948359e-01 -3.985980599089347098e-01
4.309719204467801212e-01 -4.554080572887062583e-01
