-7.525019328224415993e-01 4.519201313098986095e-01
7.896898062615154146e-01 -5.494528045137010430e-01
9.707539623511987070e-01 -1.784375695845279441e-01
6.548668561706034730e-01 -4.174516002551946769e-01
3.356701359987723787e-01 9.895522787077126736e-02
-6.419900214473228672e-02 7.814129000590861462e-01
6.010167880794121675e-01 -4.229093477338508045e-02
-7.427503586856734064e-01 -2.796545042513742807e-02
-4.013443573474839710e-02 -1.232338831546362368e-01
-3.249161365071371321e-01 -8.745038757647651817e-01
1.803019709177895447e-01 -6.898081382787786264e-01
-4.900210948232668340e-01 -7.836639324935790185e-02
-6.746272533216444156e-01 -5.790184329338377012e-02
-7.752196268223341402e-01 -4.095376928831615526e-01
2.263961950294097747e-01 9.496158836108872237e-01
-2.445180642807276428e-01 -5.971002720142533082e-01
8.506451399546177683e-02 5.193439575198948166e-01
-8.115099003687509249e-01 2.194888814461053439e-01
-8.511225356345666349e-01 -9.226074921602434031e-02
2.141649745639866431e-01 1.091505779902837148e-01
5.139066163435319634e-01 -4.489079361924706024e-01
-3.799270220505432949e-01 8.628198314948416492e-01
3.170497456078529286e-01 7.278943291578483521e-01
6.169652000106375933e-01 1.906533425929441972e-01
6.596708069175227784e-02 -6.991841105538170176e-01
9.283702864896830054e-01 -2.868149464678064753e-01
7.285413969870044859e-01 -1.352247425736592401e-01
-6.199227544332430728e-01 -7.479727014836070609e-01
8.103530055189451797e-01 3.728477150508147098e-02
