1.934253107943222361e-01 -1.633936256405896792e-01
-9.658994712952284623e-02 2.717103892303249779e-01
-6.562683222027361207e-01 -7.020214095267933718e-01
-4.353911744015854790e-01 -8.231940537076454234e-02
7.801976454798456029e-01 3.807774687862628404e-01
-1.595557629138943945e-01 -8.007382190811616063e-01
-2.722497695641930004e-01 6.333504225898893836e-01
-8.482190147248094281e-01 6.689998995474000232e-02
4.823096584278392385e-01 -2.310103408088264310e-01
3.719956566893896088e-01 8.489269982059211017e-02
6.952143500105434359e-01 6.853308539206715011e-01
7.303257230056023896e-01 4.323711082167411845e-01
-3.682916629271550946e-01 -5.592851104730687251e-01
6.138875330726702995e-01 2.896346241363678686e-01
4.339191729225084782e-01 -3.891117303587172671e-01
-1.961439653207974754e-01 3.882464818338708934e-01
3.282532234651258651e-01 -1.858208983009523863e-02
7.708733748410823150e-01 -3.282979252381923452e-01
1.726827674455155837e-01 -2.576710029114055445e-01
-3.868211306537256977e-01 3.351510585582309076e-01
3.517881808293361612e-01 -8.803513834327616472e-01
1.309276400988970135e-01 -4.489164121528652629e-01
3.555233769742922600e-01 8.245369818102774584e-01
-3.383361950154544218e-01 -4.702525124251522026e-01
-1.585639597192274319e-01 -7.969604028436374499e-01
