-9.658932826377910619e-01 1.969056054413116374e-01
-7.180243738994460667e-01 1.527189564643967046e-01
-6.561964716036272627e-02 5.261196033829542706e-01
-9.612459280502652081e-01 -5.381120319958276887e-02
-3.610471303441431523e-01 1.246936544848551431e-01
-1.381482118897046085e-01 -8.898430732793904951e-02
-7.428386912663622610e-01 -6.527771580514896144e-02
5.272101587758339925e-01 -7.183643220899673665e-01
6.610697337276338903e-01 -4.463751537012694559e-01
4.315550052660710456e-02 1.749936220998131731e-01
-5.386317308518684399e-02 -1.381227728717753234e-01
-1.953716798967892743e-01 -8.082885305420588473e-01
9.101277000398437789e-01 1.023622336826490731e-01
5.885307433546316247e-03 7.884732497479349789e-01
5.004134270548219465e-01 -6.529214915830647836e-01
3.405563159568494314e-01 5.616400629047668680e-01
-8.612516611514364762e-01 8.533488633391050904e-02
-4.463080308365559024e-01 5.111999321087707937e-01
1.256153413987965983e-01 9.362973897841131432e-02
-7.213700066558563773e-01 3.876900980157853560e-01
-5.857584364107686348e-01 1.000709036722879919e-01
