8.169403828000576517e-02 -6.812765932806119640e-01
2.549536843978825740e-01 -3.324679287487741774e-02
-1.445321383303741491e-01 8.558199659978869001e-01
-5.275927418211256992e-02 -4.303365767200373337e-01
-7.426596887934304725e-01 -3.456553614863846491e-01
-3.634235766379338983e-01 -4.770122491838555412e-01
2.516505191440270295e-01 -3.800119221997426688e-01
-8.128393239189541930e-01 -3.891662701779574629e-01
-7.044903942753957260e-01 6.003921977282526967e-01
-6.686785330097877456e-02 5.626988698004651290e-01
-3.012658749507095557e-01 5.084321910121911703e-01
-5.334439810975817320e-01 2.126862069237958064e-01
-4.140986990713213522e-02 9.252167256314431931e-01
4.179811965414814701e-01 -2.152093934718772861e-01
4.191686030705510380e-01 -2.869889015108479935e-01
-5.744375930214467019e-01 -5.775711708618225249e-01
-2.959209883338866920e-01 8.187040191645458265e-01
8.295933458745663458e-01 -5.144167537221964182e-01
5.830932337818031108e-01 5.688574950495655091e-01
5.647886135045845357e-01 -1.410081074872948648e-02
8.997715990461909730e-01 9.751019176773212394e-02
-7.809041496844826291e-01 2.447681965307362262e-01
