-6.307527833799388972e-01 -6.978730328386801851e-01
-4.294271807286453857e-01 -7.915715279116011249e-01
-6.038513538243261980e-01 -1.061782209243777864e-01
5.991996396167524885e-01 -2.863680378675195204e-01
6.339648109275850540e-01 -4.406295910765036794e-01
-1.237976189420608719e-02 9.826519912834161818e-01
3.880633445571706197e-01 3.997708137446986942e-01
2.073495479420939258e-01 -4.974199215624424131e-01
2.781024228164685752e-01 7.822089016177919962e-01
9.778566289787835597e-01 6.401572742156247386e-02
-2.906596976857986903e-01 8.945781241016346197e-01
2.625309337140846466e-01 3.963684599821137855e-01
-7.465282289741264066e-01 -2.272942160926061383e-02
-3.906664555718086795e-01 -6.607978834955017255e-01
-3.068901432114488070e-01 -3.655757523288236666e-01
-5.023438454198090319e-01 5.046731254348066908e-01
4.447014589314179922e-01 7.624734933080383747e-01
-9.911779017565836014e-02 5.859988015804042938e-01
3.321878263688389232e-01 7.355314136215898024e-01
1.164317732723463283e-01 4.093272358444768333e-01
5.303850943835559661e-01 7.830631203924129924e-01
-6.173890050493326953e-01 1.639074277817962333e-01
-6.338314204309758448e-01 5.090327566767771650e-01
-3.972696666022852430e-01 -7.198582800551807104e-01
-2.295555188903872779e-01 7.681577065570481810e-01
-4.333752572073221732e-01 -1.558850276518297662e-02
9.802862805031644644e-01 1.929660573720501926e-01
4.666724481370683186e-01 -1.204818989289420106e-01
1.014753132947165959e-01 -5.953543184003713407e-01
6.409204279621159017e-01 1.709306078801267059e-01
-5.790369262655969962e-02 9.914695950817331571e-02
7.516691597641900202e-02 -3.894983156901545840e-01
-4.470568762920785755e-01 1.547004964062357324e-01
-1.373602303377960965e-01 1.718441098956413615e-01
-2.853759970259421852e-01 -1.256088402665724857e-01
7.045968481344466738e-02 -2.311173602477509803e-01
