-5.059544507516466894e-01 -8.348144865127364866e-01
7.465371566853835628e-01 1.369822414580503800e-01
-5.904774124293796778e-01 2.049470792566585597e-01
-6.752834788992874149e-01 6.530669672690616601e-01
5.644859367349810420e-01 4.894717439869136211e-01
6.364074210130648002e-01 -5.973855948128294902e-01
-5.122036020899252140e-01 4.255769045063420020e-01
5.803463600484615181e-01 -1.344494244460239241e-01
5.516836750364226827e-01 7.014666267231421948e-01
-5.303608627663032316e-01 7.026083925023931531e-01
2.773679215522639740e-01 4.214776404156950207e-02
-5.297106464148797489e-01 8.676362936308179563e-02
5.870879846438592509e-01 2.930968665264885864e-01
-6.191802006824540516e-01 -1.364659807363903798e-01
-1.126875889141398801e-03 -7.733801585175852367e-01
7.199773158495688108e-01 -6.146609899563635349e-01
-1.047975765836015594e-01 4.164672241579494560e-01
7.482984499471467821e-02 8.142602512724319563e-01
5.913713422541722053e-02 -5.079779039811933572e-01
-3.727589545014324823e-01 2.938788177890394593e-01
8.975615362739386427e-03 6.396554818434698753e-01
-1.803372268138505596e-01 5.967648508887197778e-01
