-9.572320400753886460e-02 -5.425162798432638933e-01
-8.439536668657576790e-02 -4.892964661342225074e-01
1.001100753198969073e-01 -6.266355998860075882e-01
7.707800608603627701e-01 3.725661326534854823e-01
-5.377880704349127239e-01 5.475376301158396686e-02
-8.404931660984438224e-03 -4.439673642844803592e-01
-2.966863986000318754e-01 7.938890460355245704e-01
-6.787067550075900346e-01 2.828934061931875910e-02
5.267060658852682486e-01 4.006749900449158019e-01
-6.643979864946383262e-01 -2.854620144730080078e-01
-1.776672478298759739e-01 -3.197513957684470220e-01
9.774770115373569990e-01 -1.679991548999819617e-01
-2.492485498893814988e-01 3.148800371322146852e-02
-7.465834203191088481e-01 -1.299124800073527819e-01
-8.787384827737900750e-01 7.159996358697195973e-02
-7.516454885379644235e-01 3.035445848670277336e-01
-4.991947499662683363e-01 -8.229040872631525616e-01
-1.766267390643756485e-01 8.856456011033213560e-01
4.103730308963329243e-01 7.044709785653706646e-01
5.501890252074785881e-01 -3.636590037693721023e-01
-9.828034632326687614e-02 1.270436680197741808e-01
-2.129823809059594453e-02 -5.406537368760773177e-01
-6.875271219518843679e-01 -5.086523858735785275e-01
-5.341505217955511142e-02 -4.886187098053877964e-01
-2.661176596776075876e-01 7.847796919837159990e-01
-2.562583580311099674e-01 2.076576065923636527e-01
-4.274757129814321654e-01 3.604125337821062480e-01
2.924927741405674020e-01 9.463074941898168557e-01
1.871903350247379194e-01 1.651698177822580327e-01
