-3.182292772235033596e-01 -4.056480890033633546e-01
-4.010592133307828711e-01 -8.164174775372263770e-01
-3.992965243655006713e-01 -3.901581287772986073e-01
-5.722537399711140615e-01 -4.704621730560036852e-01
-5.442627932674459768e-01 4.740580357376951159e-01
7.230287793785756811e-01 5.929030539662663024e-01
9.693337204163072762e-01 -1.091490565836772397e-01
3.782668600749594656e-01 1.590981303724414708e-01
-6.221497230576686910e-01 -4.508685224167949812e-01
-8.695337537998459876e-01 1.148403188626720972e-01
-6.853088558758777538e-01 6.282868204099649745e-01
-6.803876018679213544e-01 2.612080331406569922e-01
-7.105592035574830323e-01 6.893265614460535318e-01
-6.353027040679775084e-01 -7.124162883784526112e-01
1.593327872274352686e-01 7.049467229122448053e-01
9.350773093520430290e-01 1.574301853085757763e-02
-2.992399632154718603e-01 -1.247215805854544612e-01
-6.665201721719764549e-01 -6.858008995157582888e-01
-3.609380196920519701e-02 -5.096017748989813967e-01
-3.282630119551528391e-01 5.232081026481121278e-01
5.067365905309120233e-01 1.311506053643094472e-01
9.597645137769483803e-02 1.476216790313116256e-01
-4.842303076018248387e-01 6.728715031217904485e-01
-6.831543022499952933e-01 6.896538391993052297e-01
7.918401662297618326e-01 -4.163737793629733730e-01
4.815805305362255151e-01 3.647666225876287083e-01
-3.374683005813401415e-01 -1.152826432324225436e-01
-7.818788836624865901e-01 2.929728971239831115e-01
9.423988935026761382e-01 -6.252207429877931766e-02
-4.328900406744182749e-01 -7.308942600753549623e-01
-7.502600270971626628e-02 4.035738692725894250e-01
1.384767442076679789e-01 -2.923116628327244726e-01
-2.844648995119254398e-01 6.530010713479257323e-01
2.063745009122801566e-01 7.857002484071402559e-01
