-6.720501849495688074e-01 6.265606394327543072e-01
5.847792843109365091e-01 6.915882575773406593e-01
6.088759474154274987e-01 -6.858793760002430684e-01
2.273843088497731202e-01 -6.458428720885154295e-01
-6.163776776601634921e-01 -7.080191789630023713e-01
-4.355514815876186940e-01 -1.727604852493624943e-01
4.494749906264683403e-01 7.378116128825460418e-01
-4.590248490481645405e-01 -6.642898189131840603e-02
-9.406314869390497435e-02 9.264653938777438480e-01
7.197324637277069392e-01 1.805005721407433317e-01
5.387992223799737967e-01 1.423089446058705132e-01
5.120706215070658374e-03 5.255343032755965815e-01
1.923408467303544533e-02 -9.856024754269514521e-01
3.372835358824997076e-01 -7.567933739975858387e-01
-2.537839327385980059e-01 -2.109891266546544131e-01
7.747765111698854401e-01 6.299161688262424619e-01
-1.040152190256402598e-01 8.711789754954057940e-02
-5.099689142897889660e-02 -2.089190279606263356e-01
-1.269614936256147075e-01 1.175510367037462256e-01
-4.588929123428724388e-01 -6.359639844742324133e-01
4.578857148708628255e-01 7.914060438614687332e-01
-2.201951378313700136e-01 1.549649281050298200e-01
-1.373846421151978525e-01 -3.258781200494207386e-01
-4.620066890663698800e-02 6.984018044791133750e-01
