9.248453611335594182e-01 -1.108320795965764827e-01
1.401851534412938971e-01 3.104345169750173383e-01
-6.739674249447682453e-01 1.208096972751149245e-01
-1.235249919134813190e-01 -4.835196224258708764e-01
4.882734872872185328e-01 -5.502121090616622912e-01
3.225374172530128813e-01 9.227068425898083959e-01
2.280000132942177071e-01 9.461763570634904585e-01
-2.661963943775935704e-02 -2.862435667111626891e-01
5.780924019101734146e-01 1.848903837624613633e-01
3.037716523599325313e-01 -7.442214338577934907e-01
-1.495222391625510294e-01 -3.581739119668878590e-01
6.287392190772185252e-01 2.883319003662985214e-01
1.370320324425522429e-02 4.454418165650788630e-01
4.811224955408239801e-01 4.827750862240001162e-01
2.145345701952627859e-01 3.598344571283822457e-01
6.892454876312168466e-01 -1.379551704899169007e-01
-2.080579222137868278e-02 6.099222367221188712e-01
-1.300538389263299344e-01 -6.131307731443791376e-01
4.995921006745165371e-01 -7.639606121583319975e-03
1.340693161589805449e-01 -6.797720556188802110e-01
6.924443822128054649e-01 1.736415230642733842e-01
9.993218407415456195e-01 -9.053816814377890765e-03
5.481884045622231749e-01 -2.879590584855939994e-01
-4.203029378510234615e-01 -8.719460623498191953e-01
-4.182995068208907874e-01 2.173963538647192273e-01
-2.903266643201483088e-01 -2.076723336873482761e-01
2.773117610921227438e-02 -1.768653001113511536e-01
5.890216771807343932e-01 -6.125087662204735661e-01
-6.511899250117516580e-01 -3.880516760972325674e-01
