-4.629219028258946267e-01 7.358354485174807280e-01
2.681135399988541224e-01 7.963590152322668203e-01
-2.070292137072500260e-01 -3.320773889022810010e-01
1.502776948689910075e-01 5.095132328999936178e-01
-6.408340264691105848e-01 2.796056050316704233e-01
3.112593188742844852e-01 5.057772329346565954e-02
-2.869684861517634022e-01 -6.865988433284833103e-01
-4.428555537475200587e-01 1.497981720703123187e-01
5.575115077024113130e-01 -1.925015394507183508e-01
7.262314512595884342e-01 3.935283121545214424e-01
4.349185493121285884e-01 -3.024790567843980149e-01
-2.311843587789308430e-02 -5.147498294140455677e-01
-2.945550771650049526e-01 -8.825327374054030560e-01
5.462137946920262443e-01 -3.671190639003800715e-01
4.979052099549914345e-01 7.208845957895022583e-01
8.587766858173300211e-01 3.375741526610183119e-01
-6.443806505437950083e-01 1.268327616215469966e-02
-3.515051897146659332e-01 2.529111562609844821e-01
-7.281284320347036765e-01 5.258214347916136955e-01
-7.058502307024381306e-01 4.202401080552917723e-01
1.052302367702344643e-01 8.089597480295322995e-01
-1.297763092943895469e-01 -1.201252039507121339e-01
1.075509127739655568e-01 -7.141865221779772899e-01
5.847215485108412381e-01 -6.735769730644647346e-02
-8.411197314688820814e-01 3.430757814063718492e-01
3.536943611057443704e-01 -6.062367514537170265e-01
-3.420810068539121840e-01 4.833052766435401715e-01
3.154492248959785972e-01 9.674602476485993918e-04
-3.030613004576123704e-01 -8.105185439331610286e-01
6.703401340216850191e-01 -6.337808511563849390e-01
