2.256547845914091965e-02 -8.403354352707623764e-01
2.105988047687235021e-01 6.682227959982811605e-01
8.186161878119917468e-01 3.382203574500655119e-01
-8.222534772392073865e-01 -2.496925109685959043e-01
1.044050790160397924e-01 5.979994275392752634e-01
3.799744848422248467e-01 -4.811853454268979480e-01
3.262977258426480454e-02 -9.501826940687667644e-01
3.416691711988966151e-01 -7.122890064977287494e-01
6.627986795886873228e-01 -7.349733910611679910e-01
-4.853183328805545926e-01 -8.403091092760730518e-01
-8.725242459695636832e-02 -4.395460039630612048e-01
-2.156197550757119608e-01 9.431911445092349133e-01
3.191625839652267871e-03 -5.176032801299639274e-01
-1.732286564737346435e-01 2.688973349648600131e-01
-2.358177291971026435e-01 -1.375125264812608883e-01
5.807075443279292593e-01 6.043352845032510245e-01
-6.625709543532001256e-01 1.142017254286800121e-01
2.244634664448383887e-01 5.935220021215630304e-01
-3.072340307279788352e-01 3.129347815978540392e-01
-6.707845536450434132e-01 -3.129393589757005767e-01
1.965135023966291250e-02 -8.230041864457828815e-01
-5.894055235756594513e-01 -5.196922279178479709e-01
7.637949169308717590e-01 -1.062337424453021484e-01
-8.023559819026089279e-01 3.634298155126769458e-01
-8.091433566411636580e-01 5.197234831932180388e-01
