-5.741711773838495958e-01 5.172853015744076632e-01
-4.399442139846083677e-01 -5.807869411836226181e-01
1.464660932292241036e-01 1.666704947612795973e-01
-7.598288952139617969e-01 -1.029309938476059560e-01
-6.421493688608170824e-01 2.821747161249610336e-02
5.849127768617943257e-01 -3.278220895006074276e-01
-1.930153333832573814e-01 1.008854967604089214e-01
-6.512399090777942767e-01 3.134368358740213800e-02
5.620379125593339964e-01 6.026441593435925004e-01
2.164322202056085942e-01 -1.008001427261917549e-01
5.247975897690286828e-01 -6.891264328671178330e-01
-3.259851970961162859e-01 -8.790220969671835860e-01
-1.586198945592789400e-01 -4.732328527893943093e-01
1.722704612402201629e-01 -4.585837643038803702e-01
-3.072317926795478105e-01 -5.009394332168926045e-01
-4.191795922255809881e-01 1.970093974270366033e-01
-3.214901297220704723e-01 -7.263420873618045004e-01
-6.771730115480378842e-02 -9.741372420039244862e-01
-1.589863003890077398e-01 -4.046315499314414588e-01
-8.832712268867237704e-01 -4.156728398399751612e-01
-4.745232763009965549e-01 -2.373257812478577478e-01
4.223358110704391599e-01 3.179856059821075664e-01
1.974331496120524942e-01 -7.359986346464544305e-01
5.663100097305533431e-01 -5.337749061410297369e-01
-9.214844459083646466e-01 2.802632399156890219e-01
-3.148421633898266236e-01 3.386175489792329074e-01
-6.266927595810383167e-01 4.412111153934650254e-01
1.145920529449466763e-01 5.607803382945171222e-01
-6.486514516836390243e-01 5.169738190994979110e-01
5.866018554661229789e-01 -1.575167849144867294e-01
1.196922449683819334e-01 1.222920325634875294e-01
-1.208318299205797253e-01 3.752297648487419313e-01
-1.287120554819558560e-01 9.889909400501148973e-01
6.409155686678906783e-01 -7.428186892675472386e-01
2.969682946286558156e-01 6.356941622886669307e-02
3.508591684843258562e-01 2.623454769027926403e-01
4.786649841714969433e-01 6.834398346919261513e-01
7.548112265493591710e-01 -4.499341120749278389e-01
8.549504101159706160e-01 4.640540439149607455e-01
-7.229632698770207533e-01 -5.454458525346073117e-02
-5.911440321889627203e-01 1.146413858268253705e-01
-8.394654687950131589e-02 -7.062934867722168164e-01
-1.544712839590094422e-01 3.029297330189528736e-03
-8.430629950155643648e-01 -5.161599168150377004e-02
-7.950805670727894015e-01 2.101542784075667303e-01
1.124047888055721423e-01 -9.307072688326438747e-01
2.069571654928821225e-01 4.509653000963933511e-01
-1.837987310203352820e-01 2.228073455066756914e-01
-1.265603276243036923e-01 5.559267694336005317e-01
7.359256670259863853e-01 3.049732997054468431e-01
