-4.329312183434770311e-01 -3.880140675306900100e-01
-7.134509685187975236e-01 1.951630228086980168e-01
-3.747202517407561828e-01 7.029958177964235055e-01
2.756717299437414503e-01 -8.937795001047972310e-01
4.627383969174665435e-01 -4.970909438282851145e-01
-6.561388185104606308e-01 6.418436423822737602e-01
8.965383583458930161e-01 -1.264958321491138626e-01
-6.680859814630806248e-01 1.252519811549968054e-01
4.624186807480745731e-01 3.997732807204188443e-01
-9.570554390900665176e-02 -1.500100074387946680e-01
8.809779182039623180e-01 6.312847739259530577e-02
3.864928414910733245e-01 1.714934342015388413e-01
-3.203152674567470992e-01 7.171348549189398014e-01
2.887727685047847270e-01 -7.208538422639902965e-01
-2.670781218837137150e-01 -5.697452124263937545e-01
1.703270419161311278e-01 -6.070615629667741597e-01
-3.194728965934523490e-01 4.899949115464854454e-01
-7.921789924653177550e-01 2.622348569499797222e-01
-7.559337487078261475e-01 -2.394680656720213907e-01
-4.998688076892565668e-02 8.788389711605757437e-01
7.006469667661232581e-01 -3.815155627587616394e-01
-7.489987944528928576e-01 2.591835734467646812e-01
-6.124950374581035195e-01 3.516510566966288831e-01
-1.505374445444438436e-01 6.491543674613253767e-01
5.964093220256070360e-01 1.289754029681253744e-01
-2.841927032612068249e-01 6.733749379732567597e-01
5.373099201364086586e-01 -8.266614200717004035e-01
4.305129335545447855e-01 5.656622258891801369e-01
3.902182307781418835e-01 -1.825183573231208278e-01
-2.669557078259854332e-01 -6.958447905378597476e-01
5.901506301564680701e-01 6.614670716585475674e-01
