3.523442081988092944e-02 6.360018989746540896e-02
8.941147153768302935e-01 1.955126366762107715e-01
6.298433961957194960e-02 -6.261907109105622204e-01
-5.631878113625643500e-01 -2.217614824398139728e-01
8.020293708739263394e-01 -2.704039419869179728e-01
-5.406023530573205171e-01 2.126652005116782540e-01
2.750392031169712759e-02 9.283100092536291648e-01
-3.814602120275829567e-01 -5.000292383665498885e-01
6.264673110577312354e-01 -4.078986422571040382e-01
8.124745990244657268e-01 -5.156903382023103610e-02
-7.475572813530229066e-01 3.231295997847576373e-01
5.582453761550936200e-01 4.741477456418112801e-01
7.152003643145234957e-01 3.485366876182340867e-01
-5.957800089673954691e-01 6.595263056877098684e-02
-4.192507291677622927e-01 8.283699868205312011e-01
2.373582565972132130e-02 1.247922971858110852e-01
7.167021941180835576e-01 2.822242644898675934e-02
7.978705610130565340e-01 3.011995557406634827e-01
-3.707210765419548526e-01 -1.811038875825323746e-01
8.314863156827130286e-01 -9.664544041615341641e-02
-7.594969460228937486e-01 -3.724673243590781446e-02
6.411691920438200576e-02 -8.622406573089300696e-01
