-4.680669931636194381e-01 -8.420962916691021594e-01
-5.436381036249187115e-01 -4.263742009511866105e-01
3.286707259033512241e-01 9.057974000358421929e-01
2.963398048656920025e-01 5.740568306306397250e-01
5.504902521909360580e-01 6.501708965684414032e-01
3.011219456585954024e-01 5.430288310658573092e-01
-8.687221534912710208e-01 -4.316510005323321852e-01
-5.023324542868714548e-01 6.072424059201946278e-01
8.119784274663222057e-02 9.343879624518962590e-01
-7.668343539510527052e-01 -6.647657216030422589e-02
-8.956464263382635238e-02 5.557917353378498682e-01
-8.260065533724976206e-01 8.487468825516963911e-02
-5.690651378901701030e-01 -6.789158444345082533e-01
-3.922962667072253939e-01 -6.174315181346656800e-02
-2.620358311031032450e-01 5.157511936888534709e-01
4.000036479449431415e-01 -1.790353787388547779e-01
-9.295873793565672116e-01 1.775993990868174333e-01
-2.352747936611363500e-01 9.218174460213655053e-01
-4.782269981732669706e-01 -6.408857825239788752e-01
3.272935649800912117e-01 -6.989767895712928336e-02
6.698024018009804958e-01 5.478582872503514611e-01
-9.571241597688626701e-01 6.421196879051893625e-02
-3.002503694199958328e-01 -4.744062972775784370e-01
-2.413533309969546625e-01 -2.439904220900368514e-02
