-6.661251036375419599e-01 4.552903894176587585e-01
4.792397192946658002e-01 -8.169354630195166944e-01
-5.415918202469509612e-01 9.964457332696907699e-03
1.788905699617833189e-01 -5.357228738733308404e-01
-1.874394416083318138e-01 6.369671868137634085e-01
-7.549776017254901106e-01 -6.547624877029445400e-01
-1.529529290811342257e-01 3.234036969911691095e-02
-4.392877041021907569e-01 5.192057715817766095e-02
-3.909588997156479007e-01 -7.516130361500783508e-02
-1.492704434201359565e-01 -1.481988089635402073e-01
-2.835599303955746997e-01 1.416370607842307727e-01
8.637181580631980715e-01 2.145540513403212390e-01
2.348013133108606265e-01 3.013416963275168392e-01
9.386949208868680117e-01 -6.282977508641418574e-02
3.830322585740548735e-01 -6.360258845186732568e-01
3.580434865177626325e-01 5.055016670472347595e-01
-7.230734700153587102e-01 -1.154909844206708502e-01
-6.742068695039382664e-01 7.100665167075870254e-01
-6.984851502353797148e-01 -1.199905163623229409e-01
-6.705475368223581256e-01 7.389846631425092127e-01
8.169952435319944861e-01 8.318247134116774077e-03
1.691447785597717246e-01 1.109774911329199920e-01
-2.791485838548593001e-01 5.281631003505455890e-01
5.106994220430292053e-01 -6.297684791330153686e-01
-4.788383049724596052e-01 -4.929218327218096718e-01
-3.776139668648750281e-01 -7.869335168809623582e-01
9.223205545953345741e-01 2.239878969783648532e-01
-6.311863892029740963e-01 5.622451379046600195e-01
-3.877111493142644250e-01 -4.825441806689387825e-01
