-7.252348655858331661e-01 3.150565852123379251e-01
-3.249243213467694069e-01 4.823186176289115945e-01
4.750694558568155923e-01 6.670024232685345389e-02
-1.321432482235098682e-01 8.215810889226164981e-01
-7.012368597183866736e-01 -3.154331525250206880e-01
3.262965602866692016e-01 -1.708572064538904645e-01
1.249190864375382404e-02 1.869080638959674801e-01
6.799798051970291635e-01 -3.081772745089912391e-01
-4.547867604803539354e-01 -6.433176699631453221e-01
-7.297359505406781910e-01 5.493219229185151153e-01
-8.398700377089307612e-01 1.929065671998408948e-01
1.697476959811607955e-01 4.474657028870032693e-01
6.360659367982628432e-01 7.557202661062942806e-01
-6.615103110564790612e-02 4.076805378818935122e-01
6.389519492274176038e-02 -7.823268908093936602e-01
-4.256647423799480023e-01 -3.434857208047306099e-01
7.780857182784881587e-01 -5.099890609497099714e-01
-5.616557955718175510e-01 -6.963485255614698666e-02
4.032180810662857606e-01 -8.495657172352704123e-01
-4.532591248187045618e-01 -1.688215730414688309e-02
4.968903872932250998e-01 2.759244459949572459e-03
3.942498848087949703e-02 2.236385873800776913e-01
-9.048075492055336344e-01 4.539332988536792790e-02
5.922445626621015702e-01 -6.190338354505462437e-01
3.453912821488236418e-01 -3.448436496375701932e-01
9.205591490331959115e-01 9.309653072003798435e-02
