7.699866334922500499e-01 2.980377618570329012e-01
-1.099332826288739184e-01 -1.232905624103768361e-01
8.291467360617235105e-01 -2.549276477281980924e-02
3.895821412016897689e-02 3.799748531691131692e-01
-5.270968900692132308e-01 -3.868294324523606775e-01
4.224731869807778484e-01 5.935870598115351449e-01
9.659488499325175059e-01 2.376616945536202952e-01
-2.314035892166121933e-01 3.414614619492299941e-01
-3.354555868563442456e-01 -8.150509120148945463e-01
-7.887029856160536756e-01 5.561313946065751246e-01
4.993510860358270076e-01 6.291279471951700675e-01
-8.839541760742501975e-01 1.184772525915207542e-01
-2.459351579311686020e-01 -2.073347203761528590e-01
5.958680119043222589e-01 -2.002124419837225666e-02
6.006333010980737797e-01 -7.938115837240797834e-01
-4.265004895518216266e-01 -5.413869804266109309e-01
2.069090318091819647e-01 4.062946627421493151e-01
-1.291152477243944219e-01 4.159800507590112328e-01
4.380854126197402110e-01 7.406212127728359906e-01
1.162296306371746191e-01 4.953255073386282348e-01
6.025418944326330628e-01 2.280711313979475463e-01
-5.588761891642892721e-01 3.803118697504890289e-01
1.803412849882204405e-01 -8.749349464201758853e-01
-1.912390180830234598e-01 1.252534724232234886e-02
1.048475612766661680e-01 2.945947454983501856e-01
-3.283696781483791405e-02 -4.787341872293326972e-02
6.951218919930357565e-02 8.291537684668426333e-01
1.810068609302109000e-01 -8.311323072688092672e-01
9.034589220641822127e-01 -1.896473662917634861e-01
8.455872579685013157e-01 1.584237830179828777e-01
-2.471313891601796264e-01 -3.373569994161973451e-01
6.938119381241374395e-01 -6.729495305377501957e-01
-6.416098460074199927e-01 -6.620634833580583134e-01
-7.301962442225564676e-01 2.343054534022415147e-01
-7.080417419327647011e-01 -6.178120207449655510e-01
6.104159062057035179e-01 5.717289801776979097e-01
