-3.861238235618178471e-01 2.218590739481394181e-01
9.617878186477657465e-02 3.073165626285097041e-01
9.010512368035938913e-02 -9.927928294248147267e-01
4.870943120945201432e-01 -3.202487889311633751e-01
3.849780364352595186e-02 1.542557249870608604e-01
-2.532558632128101284e-01 6.524583411411277734e-01
6.975739160437839370e-01 4.274330053125139361e-01
6.329166948703157658e-01 -5.108278650204367555e-01
4.929535799528335094e-01 -5.794266035401780535e-01
-9.541636619981899159e-01 -6.065931700639803914e-02
-7.548557734760374949e-02 -8.859839600554335615e-01
-2.752906790556439720e-01 -1.410375844805544787e-02
2.008519058383673173e-01 3.044770861933814299e-01
-6.192743695470706022e-01 4.840773908619528942e-01
-2.213631824910884394e-01 5.443885026631458679e-01
3.183608146177772102e-01 -3.267401467381905178e-01
3.168936071405374921e-01 8.992479445067353971e-01
3.545742730653114183e-01 1.570380005613156715e-01
8.997429978953317420e-01 2.210553259134917514e-01
2.162217194007582943e-01 3.004537915820670868e-02
3.573531302273902366e-01 -6.243597076610285512e-01
4.439301078328372618e-02 9.083243399657827677e-01
4.660249724202263355e-01 -5.190182834042762483e-01
-7.373314653755469461e-01 2.146020983632799251e-01
-5.011122016055180595e-02 4.919153784143737163e-01
-6.724609130875667251e-01 -2.296292927661625072e-01
1.721264803307920310e-01 -1.111425294899435201e-01
-5.240548583330990606e-01 -5.263028197518297979e-01
-6.152944272494282885e-01 -4.369404606447968575e-03
-4.748173665406301147e-01 3.867085344278287096e-01
4.814780100649129757e-02 7.653306009656029030e-01
-4.147657244431852686e-01 6.226187423146638533e-01
