-2.492822989592458072e-02 -1.673374755668390890e-01
4.992973029860416911e-01 5.116355950119744200e-01
-1.535417002083756532e-01 5.715287064424674490e-01
8.955191392874262135e-03 -7.247931565536485099e-01
-1.705063551646426312e-01 2.437496675684667213e-01
-3.716727174555034541e-01 1.101507485641111117e-01
8.139770044350063127e-01 8.779065996485302392e-02
3.554327010009299403e-01 -8.294043219435411896e-01
-3.332676002529908477e-01 -5.476196967360800194e-01
-9.525750695784493960e-01 -1.185647600186037209e-01
6.408341102974246528e-01 -3.508733928833602800e-01
-6.520494577945745718e-02 9.677093972729455817e-01
-1.906832963238829226e-01 -7.945489969414356590e-01
7.155023692685349435e-01 -1.015638480630869367e-01
4.713189063085523323e-01 3.436272397878250562e-01
-2.168254378825036355e-01 3.374556782715418812e-01
-2.840109622104425302e-01 4.943432278720067963e-01
6.387391615192536953e-01 -7.088509029619505242e-01
-3.655522115474401090e-01 -7.263703211321932418e-01
6.178380226118143081e-01 6.569684941715516757e-01
2.751045617181810954e-01 1.985842366694057226e-02
-2.967766852594839744e-01 7.985576476612303853e-01
-1.714102531777430549e-01 4.138420912669300566e-01
-8.463271363638884548e-01 2.962549831616767548e-01
-9.673584483225996511e-01 -2.315558755570339411e-01
9.965894796071950168e-02 4.511050865822818778e-01
-6.481448799852449483e-01 2.091084448573607979e-01
1.115046321449137956e-01 8.345965761577607278e-01
3.489039840020515815e-01 2.801812397731915372e-01
-5.855961235802249476e-01 2.011620150913873140e-01
-3.085114818618306387e-02 3.253710088880739093e-01
7.315155004740032663e-01 -3.528225048120030571e-01
