-3.745221500494237965e-01 9.017525990780943523e-01
-2.798024214972540946e-01 5.389975994473423793e-01
8.836532850929577076e-01 1.180601945056287683e-01
-9.303310411852807604e-01 6.720756841657204994e-02
-9.052726882375705664e-02 -4.590353318679987193e-01
8.496642727212655455e-01 3.303226777559196137e-01
-4.797317732013306468e-03 -6.294409749349478833e-01
5.566465280792440851e-01 -1.699221218792934529e-01
7.097688646940234491e-01 -3.921255730647921212e-01
-5.248410818030380121e-01 -1.732352111402233330e-01
-2.506788609911105858e-01 7.890424759718026593e-01
8.523080297264369332e-01 -3.571231495629372255e-01
9.710373579382407527e-01 -2.317616519556684462e-01
2.307763869438705928e-01 9.313852291608730738e-01
7.480567664814286033e-01 -3.918020109647741833e-01
-5.125170049817688867e-01 7.602122656356553598e-01
6.060895740373217766e-01 4.223866823885149557e-01
7.383727146103209460e-01 -3.075823957848704548e-01
5.235558759059162348e-01 5.928546684511619702e-01
3.905851348368294396e-02 -4.606141808433259488e-01
4.814058776908238801e-01 -6.157136372378650968e-01
3.345786199467959410e-01 1.900345073462288426e-01
