-2.768879189887203385e-01 -8.074525334924156361e-01
-6.072192845243500336e-01 -1.451982123508739342e-01
-9.729067852604114108e-01 2.259754278681920248e-01
8.168099769652490405e-01 4.091891808602725611e-01
-5.954141955908018868e-01 -7.167739388708198600e-01
-4.669224072975124429e-01 6.251436517972335238e-01
-6.791496184973240258e-01 4.068245992477310669e-01
-5.883902794773741007e-01 -6.066184602550228622e-01
-5.424121416079261682e-01 7.181431862956546563e-01
4.065987474866918916e-01 3.887779056121405397e-01
6.751986586666958168e-02 1.976268878782003746e-01
-1.343913545103980756e-01 -4.910461146295026502e-01
-5.232503099008936065e-01 -4.908383874870012598e-01
1.319683234476543010e-01 8.414121565381473822e-01
-5.513605936495160620e-01 5.241137917184168771e-02
6.215693718971122550e-01 -7.685695481330401257e-02
-1.641655114047266828e-01 -3.981871340459848252e-01
-2.773181244680067437e-02 5.211832633718398444e-01
-3.350601241110069406e-01 -8.818314979461632230e-01
7.429583800233929836e-02 9.179986881738604332e-01
-8.836083883423417884e-01 -1.307399914309512745e-01
7.877238493848932599e-01 5.084804087398167027e-01
5.236886305109607065e-01 5.928149193260692229e-01
2.720651858424951719e-01 -5.275168708905029202e-01
