8.185205025812560820e-01 3.750043630912138770e-01
2.647426088911855047e-01 -8.180921509722800522e-01
1.316426781680302138e-01 5.555180866942437401e-01
2.432746751787004946e-01 -6.049444034047901653e-02
-7.604097488115590942e-02 6.044075280627498881e-01
-1.393551530034826680e-01 5.597775331981165170e-01
7.456150251523718797e-01 -5.470957437878558594e-01
3.681736539991447010e-01 -5.540354364021702338e-01
-2.782000627289822337e-01 -3.380250822103993968e-01
5.027067903412185679e-02 -1.087295148776825648e-01
8.010549343855866145e-01 -5.515320082443055938e-01
7.473420216980619646e-01 -5.529901189999015809e-01
-8.026569151831177695e-01 -5.386491334277390131e-01
-1.825319969107643825e-01 -5.635551036979185024e-01
-2.200823465126067191e-04 6.954270694590556356e-01
-6.409871716355128868e-01 -6.812562063101885723e-01
-7.225032191584070951e-01 -4.419531073370639440e-01
5.377862564859863248e-01 -7.408029297624487697e-01
-9.668799025763878952e-01 1.384060215225035861e-01
1.524709974901068410e-01 2.542510525983585623e-01
2.316770529154945635e-01 -2.842178589916286580e-01
2.123751694134294876e-01 1.906622803089617069e-01
