3.605169024981702552e-01 8.161426353694292146e-01
7.267447106465936280e-01 5.771787158601848766e-01
1.919208659852447152e-01 -7.958222129131908851e-01
6.281271197321687261e-01 -5.367721005016412583e-01
5.178373876341504367e-01 -6.264483168901060495e-01
-3.129858060895782668e-01 9.380753150560752207e-01
5.369065336618101814e-01 7.331109797382138193e-01
-7.068914998673658800e-01 -2.396451079746486634e-01
-8.176645815806473649e-01 -2.670829665186582602e-01
4.455367422295077873e-01 -3.346799199441787831e-01
4.026607987799499799e-01 -4.726181126155653001e-01
-4.495565189930643690e-01 -3.631850772311324693e-01
-9.795484181923841405e-02 4.139389808516429348e-01
-3.659208515579994714e-01 2.589724117838958506e-01
-6.162405782474289495e-01 -7.230886474537931985e-01
5.461907507374479387e-01 -2.734961844205194836e-01
-8.797659940306219450e-01 3.393331358623861149e-01
-5.597375315608821289e-01 -2.302883434957421205e-01
4.421117819066597843e-01 -1.468158291734911192e-01
6.533162062532498204e-01 3.762272173758796079e-01
3.471943691905732265e-03 -9.821885169374364732e-01
-3.222796904480111913e-01 1.025441503812714039e-01
-3.106807035103342773e-01 6.254883329250171542e-03
8.838173354646394753e-01 2.981752522100293845e-01
9.065008884039671422e-02 -1.854938635589096219e-01
6.183249545996332142e-01 7.334461985457594313e-01
-1.486062787899062876e-01 -7.127158904959298713e-01
-5.701580850632306241e-01 5.941088838521777493e-01
-1.893717765790459140e-02 8.193515726742677252e-01
2.542788526469981214e-01 -8.114863013608368814e-01
