-5.794356777978608708e-01 5.729597112490434352e-01
1.273225145249476942e-01 1.321045394581621402e-02
1.837367890731071984e-01 -4.722366802763435789e-01
5.706455443730433785e-01 -2.441721500703628589e-01
5.294700811186738854e-01 -1.795999426301180257e-01
-8.315425771084195006e-02 -8.540400932412284263e-01
-9.223115747323320512e-01 -2.389531578013208701e-01
5.998410925861095144e-01 6.168563368332580232e-02
2.207339172469879873e-01 -8.913922346407643360e-02
6.365407751974232475e-01 -2.439513259301593351e-01
-7.199945132141982729e-01 -1.990644189794463781e-01
5.592797770286528358e-01 6.324502196880470439e-01
-3.175395271100625028e-01 7.946330741765093020e-01
7.578540776595252826e-01 2.347513766532214330e-01
9.474146302384411911e-02 -5.850465705806646710e-01
-3.780266702580261651e-01 4.443239387685025132e-01
5.816464599804587188e-01 -3.403742010677741625e-01
-6.936048953159874575e-01 2.384006998035292924e-01
-1.937808388406889737e-01 -5.406242418295912344e-01
-2.383328092790477637e-01 1.358687012906807379e-01
-1.806003215781208926e-01 -9.699638638436871574e-01
6.076916749057181821e-01 6.303764594525793630e-01
3.472289439338025474e-01 6.686182900054027378e-01
3.161614378797463765e-01 -7.561664891713208991e-01
-5.158529812012124793e-01 -3.941332702527615695e-01
-1.250518916215601628e-01 -2.611832694063813687e-01
-6.636153451800086422e-02 1.180494951074897436e-01
6.897737666916725630e-02 -4.978209179497017356e-01
-1.519912943818719775e-01 2.205696107448076315e-01
-9.258934941434278088e-01 1.035975710204761757e-01
-2.590400260923653164e-02 8.779191447890994926e-01
-3.508742816936143427e-01 -8.540501918173304396e-02
-6.945862929861930102e-01 -4.502852912410659769e-01
3.119935237411830542e-03 -5.974755411840313446e-01
-1.137437657344371189e-01 9.075811560334758887e-01
4.057415768575558523e-01 1.754987071878346683e-01
-3.583304201205743666e-01 -3.918269101889815254e-02
-1.858227731521333581e-02 2.428122389665041680e-01
4.274170971069217728e-01 3.385434822549684419e-01
-4.213938571420745571e-01 -5.882357728903384597e-01
-3.783555512821425992e-01 1.015549917831926052e-03
-7.723444763603692920e-02 6.829087358978360722e-01
-7.047490294968146163e-01 -5.000229311877484317e-01
7.135331069097778922e-01 -4.161846354966414196e-04
