6.354257827958333937e-01 -5.602562106260888797e-02
2.348558535094591448e-01 2.638264437422317421e-01
6.343649712445207367e-01 -3.762301735419844029e-01
-5.113978225301263336e-01 -4.293979043584270627e-01
1.346294172989237481e-02 2.812935544531363075e-01
-2.281982425093023181e-01 2.571081318789403269e-02
-3.276937979440319726e-01 2.892454890581774851e-01
-8.632531822008662203e-01 1.050219426945295798e-01
-6.166065152567774543e-01 7.041562625717965318e-01
1.613512716027920568e-02 3.177218618081445456e-02
2.716977816179841909e-01 -3.017547619647000801e-01
-5.231498153477887048e-01 7.440318570969834955e-01
3.565430677818739458e-01 4.952566166859084795e-02
5.140208180079737232e-01 2.602045682586799913e-01
-8.929054901430104607e-01 -3.119924644505394085e-01
-1.230446036091046302e-01 5.060997265144586699e-01
7.637855183599313591e-01 4.437105441266535610e-01
-8.930325431016452598e-01 -1.585239997626246566e-01
-5.239758977779453986e-01 -6.397555561091252674e-01
9.246069934846428140e-01 -6.379910932071597429e-02
4.845574761863831181e-01 -5.631766647452565167e-01
-9.325313532212087253e-01 3.375823133098763140e-01
1.725596332282175460e-01 -7.871358121516467410e-01
7.947076570368172277e-02 -4.443679872478170090e-01
-2.145416046401882326e-02 -5.149889623640457881e-01
-4.861264773612674617e-01 3.134756032931345082e-01
