4.680203535188085517e-01 -6.027632603778212417e-01
-8.964173751544344260e-01 -2.106629216215738509e-03
6.790622019688821176e-01 4.879233449074287243e-01
5.933888270010487798e-01 -4.371350370868425372e-01
3.544274971830743137e-01 7.464677614701316077e-01
7.522212173634090782e-01 4.686334970857479743e-01
-2.248176095604910163e-01 7.027933891802824462e-01
-9.257670442921399623e-01 -1.045733752976232278e-01
-5.402940816993491158e-01 1.178368862198810874e-01
6.800069941897839421e-01 -6.080477793863030556e-01
2.281416664528213012e-01 -5.598185981169172543e-01
-1.391785137683521079e-02 2.986865162561189724e-01
2.050928027376159868e-01 -6.777802088890843013e-01
-4.763312273925068840e-01 3.910155624498725668e-01
-1.986469804478827594e-01 7.968880180885065112e-01
-4.037388887536907944e-02 1.207301255151593811e-01
3.595488981212280333e-01 -1.752422435993949978e-01
-8.611172153440027621e-01 -4.819274446523920119e-01
6.790506402230644944e-02 -2.224764325071357796e-01
2.739050845703268067e-01 6.488246301186486598e-01
-2.490205496288417919e-01 5.591277635758304942e-01
-3.509097345572744775e-01 -5.978397330852680547e-02
1.428001177412929756e-01 5.276670703449410915e-01
3.835539850974525322e-01 4.955980108247464155e-01
-1.445456976718320075e-01 6.931664207896106600e-01
-2.034219570280262346e-01 -8.225722285732430805e-01
7.138025598637121050e-01 4.873438447243836347e-01
-1.063772327854479727e-01 -4.415931245799700200e-01
-2.671255625727382288e-01 -6.289678605423500990e-01
