-4.792755041599594534e-02 6.946328745719205777e-01
1.357930388156682877e-01 -2.264973858033592080e-03
-9.554009383443553549e-01 -2.684139682047732567e-01
-3.231158026605009947e-01 3.442139224901952232e-01
-1.171121535088945897e-01 9.471990741897411414e-01
-4.567412469449092516e-01 -3.932398012596465264e-01
7.008459680028236161e-01 2.666251694962198382e-01
6.808123954331808392e-01 -4.511745049168940369e-01
3.157245093115121914e-01 9.191761599142902472e-01
5.000997998070237927e-01 5.021897420461061134e-01
-4.104490267875049447e-02 -1.034653142919088609e-01
6.177176412830036600e-01 7.019885116150754722e-01
6.807180604886553521e-01 -3.525313495420119292e-01
-5.783855378996343166e-01 -4.013261383449719943e-01
-1.114380789289011187e-01 2.835918104039876209e-01
-7.171185783214035769e-01 4.004036529915993015e-01
-9.614221031227927483e-01 -4.109387090241400919e-02
-6.037488868934177688e-01 5.976155595996748282e-01
-5.828073528055506269e-01 6.094491632887115706e-01
-4.673423936881149210e-01 -2.088016514363346676e-01
2.089480870129278856e-02 1.629541179711424537e-01
-1.045130568195209442e-01 -7.557317454988079497e-01
4.731927750429336665e-01 6.823341447022588380e-01
7.410817257196247176e-01 5.054522778847547748e-01
