2.166180583653953828e-01 -6.695752055142825121e-01
-6.560299345003106630e-02 -9.530580479354624490e-01
7.392739975805291408e-01 1.583236557964182722e-01
-5.063632607689165788e-01 1.736033996783516997e-01
-1.487278679524783875e-02 2.485974144644256256e-01
-1.066951168427032748e-02 6.247575982777242576e-01
-2.343282291118737870e-01 -9.695144187852149376e-01
5.018672934112475836e-01 -7.855803090944102340e-01
2.603911118317061568e-01 6.431537577518218196e-01
-7.154771369503583056e-01 1.141016183798166939e-01
5.659331778871328211e-01 8.199524347645943401e-01
-1.578634237379910044e-01 -6.861927958715403619e-01
9.762864227554182150e-01 1.736696146755327685e-01
-6.487676464705187662e-01 3.232468927968337180e-01
4.673617004283823206e-01 -4.950232388617903379e-01
-4.646329883550550655e-01 5.104078718796027925e-01
4.647994667741848218e-01 -4.845159428000045398e-01
1.263476200715294429e-01 5.699089919182886987e-03
-4.928506972335446878e-01 -8.168300675411301892e-01
3.901094329891343637e-01 5.874220321689846980e-01
-3.694219778069689486e-01 3.905765052851244423e-01
1.583720911593387015e-01 2.340084859199209610e-02
-4.216197824308487441e-02 9.229764403229983039e-01
-2.325412995101139302e-01 -1.437387367052123111e-01
-8.476516091652976925e-01 -8.118905949323074189e-02
1.980241975154601874e-01 -1.754158860736318992e-01
-4.418095231089385067e-01 4.835149656888901859e-01
