1.874836804750508179e-01 -1.997214363677723981e-01
4.664438956448058171e-01 1.738336592357532240e-01
7.692542968503832679e-01 -3.784602569478545675e-03
2.260141704267981666e-01 6.122294361442981447e-01
-3.740787091573107848e-01 3.445175135474980443e-01
-9.646170449991138263e-01 4.336728143258050672e-02
-7.866744523002329181e-01 4.446333331095260188e-01
-1.010198041830123739e-01 3.374475935149852113e-01
8.510741279006353022e-01 1.083921653121868722e-01
-8.881096724651138530e-02 5.231205946283323804e-02
-4.399943666339656279e-01 8.976146355358372020e-02
-4.614782611527654677e-01 -1.842117438051049660e-01
4.072967245235417089e-01 7.802430456017095395e-02
4.208031545439889776e-01 -1.348856504887454566e-01
-9.631971473522185079e-01 -2.677250758820344245e-01
3.613218993016673597e-01 6.342994728591833109e-02
-1.159668831662534760e-01 7.354420255056464129e-01
-3.915420133602129926e-01 7.429068178691859980e-01
-3.884725701292952582e-01 6.654983562354881421e-01
-4.606141930067744195e-01 4.420155637771012724e-01
3.087767692789784579e-01 -5.982572289778738117e-01
-4.651214504434744157e-01 7.606451775956168948e-01
5.820558692428625669e-01 2.399627536164683494e-01
7.348076643959773335e-01 -5.952173113932421877e-01
-5.341149496074222291e-01 2.841733695648567259e-01
-4.766317227814789170e-01 4.812326279281482488e-01
2.877892862334328061e-01 8.322111862215100242e-01
-6.248288262471624055e-01 -4.462368337452096156e-01
