-7.485196977409538377e-01 -1.249880367774918177e-01
-1.796681431074904634e-01 -5.661780629040771284e-01
6.837711664768830744e-01 -1.891868698001437643e-01
-4.620444639221539251e-01 1.240245304667659809e-01
2.831445281192375152e-01 -5.757768759639447786e-01
-6.823007188525258560e-01 -4.917500504882044154e-03
6.584174056966392019e-01 6.752129220792162378e-01
-9.610042116120398603e-02 -5.480793457442205696e-01
-2.676500074581094069e-01 -9.014715535162967086e-01
3.662541131126699767e-01 -4.455361101751904584e-01
2.305859420098075319e-01 7.629747352313809294e-01
-2.041255230172249746e-01 5.518230032889130943e-01
7.399631216550184298e-02 -9.509296014665502561e-01
-6.029924228732863600e-01 -3.484542035677868910e-01
-3.345971120169877189e-02 2.748106643530163762e-01
-4.131689872673849351e-01 6.108140838389926053e-01
-5.615188010005935926e-01 6.729661587919937293e-01
-1.510733646358461968e-01 4.194790957162632949e-01
8.246240282543599864e-01 -5.174491590335601465e-01
-2.618295496368716613e-02 -4.619048990759406781e-01
-7.963500856919061288e-01 -2.853139613576138878e-02
1.341353405388399089e-01 -1.883617912709816267e-01
2.031796092619286842e-01 9.151939577030889783e-01
6.289680955775369675e-01 -3.648041934250652041e-01
-1.984701271804709677e-01 -6.947214564831529771e-01
-7.043115924088845237e-01 -5.132726781807421812e-01
-7.725172651486493791e-01 5.054544527865119097e-01
-4.812870427035913501e-01 5.997479325186942933e-01
-1.487982255239073126e-02 6.451776831307056703e-01
-5.963137790425241391e-01 2.579884124553566416e-01
-1.019948604956202320e-01 2.297731473895363585e-01
1.665443535046653434e-01 -4.342424242952431790e-01
-8.976101605288184793e-01 -2.205996403391508043e-01
-7.717684002235114527e-02 4.933271421812346347e-02
9.119543435341128657e-01 -4.890414025767908512e-02
2.149310853022501355e-01 -2.300199054426010914e-01
8.488413292761867179e-01 -4.328660627444831377e-01
-7.414873924153320139e-02 7.218174898777420800e-01
-2.375540102760380634e-01 7.609022149168012117e-01
8.455654038137159212e-01 2.249853722798225153e-01
1.422237757103295142e-01 -7.404107353002726821e-01
