6.127396196054128996e-01 -3.140278283270625526e-01
7.909150417419659185e-01 -3.263526899430568839e-02
-4.794135681532019078e-02 9.148478246707987260e-01
7.001547995606416386e-01 7.075986467793271562e-01
-3.403332556096405614e-01 4.473458023459575550e-02
-2.301301675250067014e-02 -4.178752251647643856e-01
-5.473814845275359886e-01 -4.667145553039027117e-01
1.738975476745054927e-01 2.637198328789902568e-01
-7.665556741215429071e-02 -3.007268413438348720e-01
-6.946554041970540716e-01 -8.254416655381824341e-02
-2.390318365035268844e-01 8.947971568698316336e-01
5.217104327790986762e-01 -6.794828360689786351e-02
3.669129976264273729e-01 6.515499007436809098e-01
5.155877745517019051e-01 -1.675594903818564685e-01
2.980682286942843984e-01 2.534346418670068157e-01
7.435388647127614270e-01 -2.052712316584086594e-01
1.181010593370142026e-01 -9.214996728302378148e-01
1.348260064065416319e-01 -6.088440949849964756e-01
-7.376433212675359563e-01 -4.240267245837388010e-01
-2.435605161823610754e-01 -2.067667679557665394e-01
6.027945804975372024e-01 6.253887355239460266e-01
