3.178582343147777767e-01 -8.745884082877166676e-01
3.875722290523537783e-01 -7.646817657276847591e-01
8.897200137712155676e-01 -7.157857887479335268e-02
-2.478449218463791848e-01 -4.428117546574152907e-01
-6.743526829248347454e-02 9.234125263459724842e-02
3.999013466034404551e-01 1.675759634956008881e-01
-2.976772047987099601e-01 -8.521078966156898638e-01
5.215961638606352313e-01 5.329093166829848016e-01
3.936463816302209207e-01 -1.713566783119393477e-01
5.586296309348393052e-02 5.820680374290352344e-01
2.105762412504981196e-01 -9.463856593422945718e-01
-8.519904521945937947e-01 1.976634583473495521e-01
2.961704566273153372e-01 7.505887133745816620e-01
7.414330569565388274e-01 -5.845335347304134732e-01
-3.044868737869539377e-01 -5.738235870194285937e-03
-2.575215627468765422e-01 4.298461786718645872e-01
1.609581301892504257e-02 6.574398024530168083e-01
-4.601667983361472647e-01 -3.221450892690205237e-01
-6.765092017475748953e-02 7.935747407763842354e-01
-2.472152188634781922e-01 -2.958892107859638632e-01
-2.008567781811698705e-01 3.267404770061519415e-01
-7.959857337888054385e-01 -5.332596436098508974e-01
4.884167259390070903e-01 -8.587889822380745386e-01
5.704449175939367844e-01 5.158526172996213965e-02
1.492311920696052230e-01 4.066146448052587736e-01
9.821018126562612860e-01 -3.977985133396444439e-02
-1.896885149400333592e-01 2.759840450958033209e-01
5.484381414653061171e-01 -5.533918573049552148e-01
2.336558724139070620e-03 3.841317423870049819e-01
-5.742206573476700271e-01 6.788221686742743621e-01
-2.594654660869766261e-02 6.944799947328159639e-01
1.999693381731024733e-01 -9.499640717746931085e-01
-7.886835387340516146e-01 3.787539398675430213e-01
5.493259036979107890e-01 6.519777732777081170e-01
-6.698952057717282305e-01 1.765051259926919691e-02
-6.271097271999006573e-01 1.328421513608371018e-01
3.154553205286516615e-01 -3.021292026514377227e-02
-3.632320698346660492e-01 -4.113558032984292456e-01
8.976549324122107265e-02 2.966398493782262946e-02
2.265874094996604970e-01 -2.123055174313424054e-01
