-2.429057940727719078e-01 2.635079701330014235e-01
1.191359562198957001e-01 -4.846796617455670919e-01
-3.313173827823274742e-01 6.061662476531817223e-01
2.680014452911572143e-01 1.799034980470004541e-01
1.942785022421549268e-01 -7.544274282749365845e-01
-2.415750933295095493e-01 6.085406729393849634e-01
6.100721107507012242e-02 2.078654632771483879e-01
4.002537925108189398e-01 1.491689501533508544e-01
1.297090214891361004e-01 3.656719708471309893e-01
-2.409151750047431317e-01 5.066138053803230790e-01
7.248587318431056747e-01 -6.218701019305887812e-01
1.487180747145810944e-01 -5.321745463799909537e-01
5.131934646119353793e-01 3.533379575263602135e-01
6.051171463574649412e-01 -7.374473371019587553e-01
-6.182278888011256690e-01 3.891060418878342642e-01
-4.970143740889394479e-01 3.502579097079192572e-01
6.731620645689500027e-01 -4.974097742297940439e-01
-2.595533124418862858e-01 6.872453073428048675e-01
-1.055010534632669916e-01 -6.666780241831671283e-01
-7.460643649087252971e-01 1.111582269205260154e-01
5.185043424432511650e-02 -9.900678267992604198e-01
-1.716196517256332044e-01 -9.446094827448878739e-01
-4.455269970634279098e-02 1.043332445194224967e-01
-9.819727429045845835e-01 -5.387332614386508567e-02
2.121353946666739709e-01 6.885292369640745314e-01
-2.318456987697361527e-01 9.694418740418861979e-01
-2.209500184198018857e-01 -1.378353268798151454e-01
6.741980636754227874e-01 4.852899429420198807e-02
2.462264531464735118e-01 7.410499185543302225e-01
-3.257325132476660556e-01 -2.162033038684865183e-01
5.115145287991669232e-01 2.957076697898597395e-01
4.012891323043457081e-01 1.069734311527732462e-01
-5.412599976250980216e-01 3.193250453545424250e-01
-2.147894277148814091e-01 -3.734025188174028287e-01
-1.776754868748138261e-01 -8.469710519819972916e-01
6.314668131995007094e-01 4.951126972029249451e-01
