-2.829858427886564609e-01 -4.225383750556179763e-01
7.089926939267410244e-01 -5.230187880003769330e-01
-5.237650648432032874e-01 3.242189022753076966e-01
-5.769441197779570096e-01 -2.861960297842061074e-01
-6.935641963556367084e-01 -5.801759360051570447e-01
-8.765004132266076553e-01 1.264879163350205449e-01
5.605839311558653559e-01 7.084847191157459534e-01
-2.145498811213120138e-01 2.384751130670264008e-01
7.242952733518857045e-01 -3.382320071937245931e-01
-7.854194380030843359e-01 -9.264067795694153062e-02
6.286291869473346061e-01 -6.768580591328050566e-01
2.006903653893508110e-01 -4.240180256607493092e-01
8.847853414621607016e-01 -4.062653105633140527e-02
-3.262927085439102370e-01 -6.329985330254834786e-01
-1.196536746232406134e-01 -4.723357672507555449e-02
9.058266866838176057e-01 2.223853669591380200e-01
6.144951801117448653e-01 -2.791245307446321711e-02
-6.545522878738410100e-01 -4.683188993569742387e-02
-2.422502867117799497e-01 -2.332900415960708074e-01
4.974337767958678658e-01 -3.963336665001995218e-01
-1.401062039768157241e-01 -7.328791480430694172e-01
1.876301167035661077e-01 -6.936382398344085320e-01
2.538012541307366199e-01 -5.702523056652681888e-01
8.958844949973654437e-02 4.088641239451555887e-01
-1.080493351639739696e-01 -2.882634518964228842e-01
