7.102087046215810329e-01 -2.807737589968664071e-01
3.301021322552801784e-01 -6.849992923948791113e-01
-1.544094349245153097e-01 3.067512492745210206e-01
3.105721760947188770e-02 2.964478831967725103e-01
9.620837035231457612e-01 -5.953402205551916460e-02
-2.058934350762255949e-01 5.234121404861384885e-01
-1.028159837203945770e-01 -6.609801554794629830e-01
-5.132296465754055959e-01 -8.158301832252097263e-01
8.551290215806559569e-01 -5.171581814638281926e-03
5.523834557038436177e-01 -6.416674163732272174e-01
-2.355122768847437431e-01 3.794016628292460336e-01
2.661699832334651905e-01 2.886396277908156449e-01
-1.721323008146691258e-02 6.561140464683479223e-03
-2.391879275014900941e-01 5.110130372021826073e-01
7.108729315197459542e-02 -7.026819326470918892e-01
8.815710886032790405e-02 -7.461915934626019986e-01
3.384549413611481761e-01 -2.338694117333504074e-01
-4.805585727097219095e-01 -5.781431153753506802e-01
4.537349007359567921e-01 -3.141790719139292420e-01
5.426505844307702997e-01 -4.420950926356963517e-01
7.362085665210873486e-01 3.511378301369345589e-01
5.599198393258955075e-01 8.169504271090910485e-01
