-8.645406325624938049e-02 8.645367761379718630e-02
1.680252666337529455e-01 2.866593351292106018e-01
8.294727565294739424e-01 2.834072615292302366e-01
-9.202162201935975006e-01 -3.816127423095405646e-01
-1.251112143148458422e-02 6.612132251969695673e-01
-5.758275263843009029e-01 -1.208137783942042631e-01
8.154792530902374992e-01 -3.640555867228978393e-01
-9.494852259470627498e-01 -1.604089652118603215e-01
-2.357011748628425885e-01 8.171253860732845542e-01
6.616652961302760261e-03 -5.826214959819551176e-01
-5.572772217458392685e-01 2.943308432745397329e-01
6.170870867904727497e-01 7.159977032548985321e-01
-4.769569969982598856e-01 -3.452791292203380991e-01
8.011885488653378573e-01 -6.743014116785750467e-02
6.853577441579807861e-01 5.552086479109159534e-01
-5.732014030877001787e-01 -1.204492586534267051e-01
1.316606741668182590e-01 -6.045775967426001429e-01
8.197823965003514513e-01 1.148367179072735667e-01
6.171945852855258430e-01 -2.915111282450122410e-02
-6.671675663381457788e-01 6.378472054817163617e-02
7.811061015911313632e-01 -6.214050437439972985e-01
-1.124653544270985961e-01 -5.133751664421550842e-01
5.830199277713263850e-01 3.350036073255444613e-01
6.644831095113934438e-02 6.198803793361533643e-01
5.175295866738107708e-01 -4.454614699191004057e-01
-3.096730269815899383e-01 -8.945283398465446734e-01
-6.873352538158190583e-01 -6.124287247318069838e-01
2.752796003254780466e-01 9.316470311423932227e-01
6.769321907550931439e-01 7.554343326767032352e-02
5.379981592463778384e-03 -2.125823075637716109e-01
7.497975446109459430e-01 -1.011348990694642680e-01
-1.906703532963716086e-01 3.678944895803641923e-01
