6.747869705686286856e-01 1.877712045552437647e-01
-8.090184031405607268e-01 1.762373179221281561e-01
7.191800015739218122e-01 1.596671233469135753e-01
4.389262675061325059e-01 5.822275412120816451e-01
-8.856357380666735057e-01 1.668404459934875739e-01
-2.608902008463291899e-01 -9.339629868140817415e-01
-9.522162289002027435e-01 3.049459985421552055e-01
-8.214627914063066250e-01 8.239373540936734130e-02
3.409076272287629994e-01 9.184632569926587387e-02
1.983509245348160643e-01 1.868800790423310598e-01
-6.086353567312283719e-01 5.688492938018858691e-01
-2.612173519146754330e-01 8.157569335319458936e-02
1.396320979384855221e-01 5.480777320966727650e-01
-5.901783701909688595e-01 -6.717452356513757827e-01
-9.419376093768021541e-01 -9.609023436718611144e-02
1.354194436987223860e-01 7.214291384058795220e-01
-3.345240288996953471e-01 1.916893735722613457e-01
-2.205834084217381807e-01 5.128810122955007600e-02
1.784886041915674237e-01 -7.233705321021910439e-01
3.914835082968470825e-01 -7.006927574836450123e-01
4.178784483129702743e-01 6.619575264142110171e-01
-2.933426027557344273e-01 -6.821473985084423042e-01
2.829243304051116681e-01 4.886727739701584028e-01
-4.155473261552842246e-01 3.959440087038614831e-01
4.114744090556956557e-01 -5.682636391755999661e-01
