-3.334644166526223863e-01 -3.022913534386029166e-01
3.855768289787582237e-01 1.023190266454385711e-01
7.016883937261602089e-01 5.105136882774992113e-01
-4.329779453637623288e-01 -6.402022555176385410e-01
-8.561637106707287170e-01 2.146073398971841684e-01
6.896453790591665634e-01 6.649347543461887611e-01
2.447058770389376470e-01 -7.559718455826505146e-01
2.795367664787586914e-01 -7.861913579870276614e-01
8.133440447337081380e-01 -4.033897374410673198e-01
4.153147893655013689e-01 8.099529347978862148e-01
-1.368576919616470988e-02 -3.582879850728233340e-01
3.339551772467073132e-01 -9.142342384433799207e-01
-1.222726711519357412e-01 3.105433620251529803e-02
-5.422822926123864740e-01 7.057926245748094018e-01
1.345673681455246129e-01 -2.520122789051626455e-01
5.886422443918328806e-01 3.331346063676603464e-01
6.474963997083289513e-01 -6.826876452945815910e-01
9.254576765036199859e-01 1.919441766584613074e-01
6.309576566959951283e-01 -6.119298534827748437e-01
-5.493246770722950423e-01 2.693839189303481874e-02
-3.482862855234860611e-01 3.789162704430593109e-01
8.443608822830583893e-01 -2.451229129240095617e-01
-6.999080793543355217e-01 4.842136221314161659e-01
