3.522630696584934107e-01 5.822651390229447443e-01
-3.169814778614055140e-01 9.035305616465822975e-01
-1.874485429274754811e-01 -8.879500913347995183e-01
-5.198159647608600054e-01 2.234422270174896141e-01
-8.033519994598825598e-02 8.981226333864229527e-01
1.963502489586859134e-01 1.739495596597220306e-01
1.883561532223072543e-01 3.681072260369342430e-01
5.721595523664881888e-01 -6.630147812291296017e-01
-9.081909931738796349e-01 2.470698392188530601e-01
4.663161408274250075e-01 3.287617495471581996e-01
6.766423959470233562e-01 -1.425093039702085562e-02
7.036549717803128878e-01 6.095092615626149790e-01
4.289858937994619481e-01 -5.340882410404346192e-01
-4.738638958354350894e-01 -4.606927345829991971e-02
-6.706416320354604554e-01 -1.345903321791044327e-01
-6.693622738008953021e-02 -1.380062464783837761e-01
-3.036220971391545564e-01 8.255503722235972841e-01
-5.417416988848082759e-01 6.284978020437699264e-01
-7.026819086343960574e-01 5.160795037143079966e-01
9.468353175737143079e-01 -1.225347671987964127e-01
5.139632301904144551e-01 -1.406590020716036449e-01
-3.069044968766121428e-02 5.400483081917293315e-01
5.749794993002348420e-01 -7.915470289714301444e-01
5.384108917844727671e-01 2.449084657475111282e-01
-6.333079799593348547e-01 5.337616332166765787e-01
-4.621834327471645576e-01 2.655320603234263555e-01
-2.996342698441489816e-01 1.668146729099218017e-01
-5.656250344874000913e-01 -4.182429008033166085e-01
2.916389328054467267e-01 9.702722196685886757e-03
5.327726368591800821e-01 3.421934931959049742e-01
3.288116322562928406e-01 -1.351703348625501455e-01
3.695940452964345813e-01 -5.492756015401671910e-01
2.667125068335101101e-01 -5.735154622131835023e-01
-8.183023388799703923e-01 -5.242466333668476253e-01
2.087968676637077525e-01 4.777532030074469471e-01
4.403122964285188790e-01 -2.229642495997976592e-01
-1.876243864880131618e-01 1.573017239475065221e-01
