7.783972337459510449e-01 2.058824039407312068e-01
-7.506751399414810511e-01 -3.450856153111139246e-01
-6.708974260716082938e-02 6.355045158664898164e-01
-2.670023555155376371e-01 -6.124899688442047019e-01
-3.573957085828707303e-01 2.531265112726077682e-01
2.520018901512710574e-01 -2.617412594300767559e-01
-1.523418848822823968e-01 -4.983306208740452270e-01
-2.308949965351958511e-02 -1.286642168677332165e-01
-3.895778082768317496e-01 -6.946594625196245154e-01
-1.710314008339421932e-01 7.610059599664098506e-02
-3.731785830207743349e-01 -6.227872954487798651e-01
3.199539508059867643e-01 3.610722018847574155e-01
2.618623023824151463e-01 2.758581615849247104e-01
-9.029783550586498730e-01 2.489633255504148934e-01
1.810376438620451278e-01 2.787602295856264067e-01
-2.729803953017113649e-01 -6.746898528915854509e-01
7.561962047463584025e-01 -4.238768025062111811e-01
9.744833929610940970e-02 -8.502666493558497240e-01
4.710191477999661203e-01 -3.833150830393745601e-01
1.780437379788730734e-01 8.546343482998988161e-01
-5.755896367620549903e-01 -5.683375809679196422e-01
-6.657779955004528016e-01 -3.491209199198699320e-01
4.474707443287391229e-01 7.507114838754724850e-01
-1.164693272365724397e-02 -8.850530867911692301e-01
6.861682367329546839e-01 -3.685354939991409839e-01
2.520648726847549703e-01 7.064622361257837380e-01
-1.227858488418822613e-01 -1.903203118813370232e-01
2.227099914474897080e-01 2.233813236074850828e-01
-5.618322766989722883e-01 -1.868098612551836180e-01
6.428971070297784252e-01 -1.169545840976815576e-02
-1.464543000774980452e-01 -1.466388244937402163e-01
-2.520846309148039310e-01 -6.354998013713923921e-01
-2.752542879834840583e-02 -9.617995112786690282e-01
-6.818384637208201315e-01 -2.290222959124523783e-01
2.163734323972539286e-01 7.373183895971457957e-01
