-2.659167840941936145e-01 -5.656746959145360076e-01
-7.559657872679461654e-01 -2.665853419363561905e-02
-1.559981678635489200e-01 -9.044512058565785662e-01
3.792599884379392883e-01 -4.805910103215464968e-01
4.904052374285710059e-01 3.490829853681240991e-01
-3.374731764125595834e-01 6.758766572978169851e-01
9.841048111418715383e-01 1.426356311360850171e-01
4.307503292700243236e-01 2.668696696680394886e-02
7.315401578617444223e-01 -5.721805571454090522e-01
-1.825343406587975892e-02 -7.919074706004658459e-02
4.583450120360752500e-01 1.607869329778388590e-02
-3.226643647726066266e-01 5.647028441160668599e-01
3.410405674657066566e-01 -6.122183556167410945e-01
-1.559289632832385752e-01 -1.908927003397598021e-01
-3.843798672129685734e-01 -3.735924755180903833e-01
-1.374054351421793996e-03 -3.180612790213059871e-01
-7.538921698909251123e-01 -5.576320326094743596e-01
-5.516862877974200163e-01 -3.507538560606584532e-01
-1.982155297063246113e-01 5.392022086732528585e-01
9.257655124199115626e-02 2.354235446879087146e-01
7.740543793731524680e-02 9.096214569472185207e-01
-7.894831729940159359e-01 6.189732344370302286e-02
3.550044500533371394e-01 8.320674869824289388e-01
-5.334453697182803822e-01 -5.880691432854161516e-01
-3.795261350680279033e-01 -5.591604214306491460e-01
3.400055302468685259e-01 8.736975750085396175e-01
5.370687063490540147e-01 -1.597717668540283853e-01
-4.415096497263568676e-01 -7.935533467643114403e-01
8.038586283440700697e-01 -3.378811734430107183e-01
