6.578912524726414635e-01 -1.564812980351815153e-01
-1.389359913358063636e-01 2.895578441900037436e-01
6.465266641165277051e-01 1.380387133622262841e-01
2.074841452113831419e-01 5.995841493494280527e-02
-4.607936824154412747e-02 2.266248496911915655e-01
6.251272140277706058e-01 -4.759521573558507246e-01
-4.490817634830159832e-01 3.068903598376584441e-01
-1.503669379179717325e-01 -8.042446728295149505e-02
7.391287111572362178e-01 9.714959736798434164e-02
4.276166611674501183e-01 -1.172741434385948800e-02
-5.299858079735020322e-01 6.486831837207405194e-01
-7.977225504183758087e-01 -3.489631406014392923e-02
1.056685819291529604e-01 -5.954518387484775133e-01
-4.038108261866153459e-01 -2.163835052851015295e-01
1.343538433246216357e-01 8.836153815298526393e-01
4.224658365563240814e-01 -5.431899384593319446e-01
-2.182055055773661767e-01 3.130652414364432090e-02
6.615206485200513242e-01 -1.147782819301526036e-01
-3.363405262919889616e-01 -7.164972335996313557e-01
-8.490279707590484559e-01 2.628700714886089695e-01
-1.207690867120527756e-01 -5.756091701773868863e-01
3.833318651609423089e-01 -2.563967659377948127e-01
-3.637510026797847740e-01 7.770397483327711186e-01
5.358144140076106510e-01 -3.653298675369116566e-01
-1.085994131431644583e-02 9.167480799906224664e-01
-1.024876461715480414e-01 -5.737756013923998033e-01
7.370635587424989588e-01 -2.131752822719603646e-01
-6.348597268485793865e-01 -1.832716619136305347e-01
7.329721055736257984e-01 1.283916277059611311e-01
-7.838853537699361773e-01 3.753936348108821708e-01
4.644046052684789316e-01 6.219810597767336802e-01
1.212212453866192696e-01 -1.874952785249859311e-01
