-2.547716542968265774e-01 8.112806312384350793e-01
1.773278787459104944e-01 1.904150538942457338e-01
-1.418739963853909991e-01 -7.964749225244487363e-01
-3.026624832365536477e-01 3.327574229084007129e-01
6.315129337353950767e-01 1.867166112819884649e-01
-7.616656933719263556e-01 3.006435452099827099e-01
-4.228161303815198835e-01 2.432484605704221536e-01
8.044505811096740455e-01 -4.376402522399702733e-01
4.083369020037637132e-01 2.594948364497629001e-02
-5.388468717873728941e-01 2.073211782979822448e-01
5.449753641740053833e-01 -4.583617144016054468e-01
4.379405361102428618e-01 3.758681932642236045e-01
-9.441236890924797898e-02 -5.409150886397720015e-01
-4.431772274485592522e-01 6.621560059283293498e-01
-2.332727471444815404e-01 3.073695913924878731e-01
3.821205796129394372e-01 -7.924028222597545579e-02
2.072389552493520970e-01 7.699044387901692321e-01
8.439733946905072504e-01 7.399643379809295318e-02
-4.051832345569525984e-01 -1.099302367546284298e-01
-8.378365913464778103e-01 -4.504354269590542525e-01
3.160583439840269904e-03 2.601582189209705742e-01
5.199003227188991882e-01 -6.758948299813563043e-01
4.610808193000659472e-02 7.182097304796075665e-01
1.968643982443936125e-01 3.845637633436831404e-01
3.037349834757807621e-02 8.210764285468055146e-01
-3.744885208360797524e-01 -8.565447934180556722e-01
4.697329751706007528e-01 7.579009642214431519e-01
-7.472605376156264967e-01 -6.335148744411522870e-02
-2.690320376139372360e-01 -3.939634795034210324e-01
