-2.718676341402146424e-01 -8.226031664218169670e-01
2.664726700064334874e-01 -4.304676783515799521e-01
8.061414053596809293e-01 4.936025171235467468e-01
-6.302561627242251330e-01 -5.855804956603176681e-01
7.223056395870959268e-01 1.025261309588036962e-01
-1.008014777702315179e-02 -6.758634511365970710e-01
1.183212183384083627e-01 4.264833872822284544e-01
-8.148731138713223299e-01 -4.958308360617416088e-01
-4.568183586758363113e-01 6.372720575619972294e-02
-1.869055994004842347e-01 -9.437888021074332112e-01
7.018213337254253226e-02 -8.183839430313148977e-01
-6.519898610520458160e-01 2.431968989607151688e-01
4.230944528286688655e-01 -1.105311927059473565e-01
3.575705451221549147e-01 -9.587288966738505280e-02
5.481029190023440911e-01 7.590013619825382030e-01
-4.808255271022943145e-01 4.050586793868671265e-02
5.618130616207934747e-01 -7.998885914456850266e-01
4.406139314440897792e-01 -2.120507764781744964e-01
1.528027918026269028e-01 -3.704472815894122029e-02
4.915375758902640335e-02 8.547279859993306417e-01
3.134156624134409874e-01 -1.704355777857182730e-01
-4.019755134682883035e-01 -5.594985290689136193e-02
9.723061871064981876e-01 -2.195605599901604421e-01
-3.169835592116234668e-01 6.441783059941996736e-01
6.888338144907877325e-01 -5.436728700122415159e-01
-9.974889715429249293e-01 -6.678377859391249061e-02
1.024915555475423012e-01 -3.915123545991114895e-01
-5.319898873109225601e-01 -2.143091516878035119e-01
-8.107372204849003783e-01 3.935915694406217913e-01
