-2.137032531474687413e-01 -7.079475810195172691e-01
-3.942219305588565703e-01 6.486619591711983990e-01
-5.052400912156740365e-01 -4.021977930809221835e-01
2.464150574619623502e-01 -8.899198808482378098e-02
-4.537815501434869780e-01 4.801497274360801981e-01
-2.973032916834130734e-01 -3.573357481416585824e-01
4.952699710163848135e-01 6.768935045367219239e-01
1.933224744127137740e-02 5.176107779913365903e-01
1.426543988023740717e-01 -4.229162784237825434e-01
-3.785251067651140833e-01 -8.868837552661616996e-01
-6.008159694296661968e-01 -7.380702906639882155e-01
2.949151535579730421e-02 5.306597966148034473e-01
7.497241287928280151e-01 -4.177092543456488727e-01
-4.083113919978316186e-01 -8.146906840980301379e-01
7.343875432002413550e-01 4.359070026558131694e-02
-3.074362842205300428e-01 -3.813302007799435067e-02
-5.970117815893989377e-01 -1.606225966979217823e-01
-4.244269361409622743e-01 4.001071212465585614e-01
3.852148047579293522e-01 -7.648020557585140100e-01
-2.967784124580656879e-01 -3.125137472336612099e-01
-4.157961397859510910e-01 -4.728053302949164483e-01
-5.938269630668082666e-01 2.263568379001079656e-02
3.238252894302942053e-01 -2.868643499965404242e-01
-1.802023622693407212e-01 -4.600175834142394837e-01
2.582440965768895147e-02 -1.673213294012556585e-01
6.153617879072870167e-03 6.247503925247146483e-01
-7.455449029349758838e-01 3.320887731532313758e-01
-3.712553923600525607e-02 -2.567862480103024758e-01
5.117172696109171248e-01 7.805287131795992650e-01
8.480163787159811228e-01 -2.808110547534283796e-01
-1.452507758934278304e-01 -2.983057133892508261e-01
5.613211153558950173e-04 1.335843079765435260e-01
-7.330373071862039680e-01 2.129502055377088254e-01
4.069928874359780568e-01 8.703210152008198364e-01
