-4.932678503168403950e-01 6.144764076112216866e-01
-6.975121295847459546e-01 -3.371769652138876250e-01
6.576445934644508107e-01 4.077985970370692215e-01
-2.383282078494135536e-01 -3.964193008460026313e-01
7.129206351707850775e-01 4.850447890929905359e-01
-3.188880719095807947e-01 -6.389438858613949446e-01
-2.808454208734483259e-01 3.933733627957372025e-01
-4.101257900317134553e-01 7.394048877716139501e-01
1.583459101020165960e-01 1.552562774385268796e-02
-1.012281134178967257e-01 4.655563539909728377e-01
5.286174267286176676e-01 7.444664605882234110e-01
-2.268202071896829874e-01 4.063967572408715423e-01
-9.893121956154238283e-01 -7.980743545441848497e-02
9.880646200690978986e-02 -4.444313579103573719e-01
3.938628953269995847e-02 -1.943367072225770098e-01
4.922137224767870745e-01 -4.006653055072333380e-01
-3.643142261227076961e-01 -5.009702105563411667e-01
-7.176896487012807135e-02 -5.387052172627213587e-01
-5.569022504683702746e-01 5.703581652729623475e-01
4.104965047371387232e-01 7.942675362474869161e-01
3.277085381957967058e-02 -3.173960567197231519e-02
4.674943237473994095e-01 -1.440707067951922937e-01
-6.279373904567069342e-01 4.092946186139747589e-01
-6.864631597447612421e-01 -2.410480535698953375e-01
2.277947348623836632e-01 -2.059380649734183777e-01
5.046184500937040962e-01 -5.439516154355608091e-01
8.114209210446921006e-03 6.003489349762123339e-01
-5.323022569721747033e-01 3.753203123314385881e-01
-5.353920800322897744e-01 7.975279425374446340e-01
-3.834650682219240547e-01 3.283733299039415243e-03
-3.393344111041254330e-01 5.393359341326038336e-01
-2.705825488066715412e-01 -6.063891083302885843e-01
5.426294581099500025e-01 -6.714000605853693848e-01
-9.514618469884097429e-01 1.294515446389505886e-01
-6.188960357954256253e-01 5.755563860928887276e-01
