5.863557181495921977e-01 -5.244214633242603174e-01
9.354303910094909913e-01 -2.074269183749963830e-01
3.900427743077499176e-01 3.286572680983590455e-01
3.483951034525147872e-01 -4.785137867588105109e-01
7.652036966383786165e-01 -5.275807635050415723e-01
-3.298997796497245005e-01 -4.777635104122592846e-01
-2.784454638762228207e-01 -7.924433974038636030e-01
-5.938403275650891988e-01 -2.921696071877390999e-01
-2.595066253966786807e-01 3.771833665139454617e-01
-2.610258481981164724e-01 6.335453010798677287e-01
6.455776988452868181e-01 7.124298167496883050e-01
-8.379771261274560068e-02 6.575375902078246515e-01
8.548972732727597723e-01 -3.902877951491037223e-01
-3.291158435594951914e-01 2.229237035819366941e-01
-3.957406851409785986e-01 -3.142579782203980265e-02
-6.182420724433221881e-01 -7.829766780564400008e-01
-6.176326277566144274e-01 2.035687161829289327e-01
7.529140586668858770e-01 -3.810733238886907515e-01
8.573962617716870405e-01 1.881541008758624844e-01
-2.506491119103380072e-01 -9.571874850869741547e-01
5.180254113418079065e-01 -1.789617162578265308e-01
-9.579939027412835983e-01 -4.552208099868981783e-02
-6.486701928737412803e-01 3.629135499908375806e-01
2.806809866517030461e-01 4.368511241651322763e-01
4.201504960792259435e-01 3.475425618662593141e-01
-8.119964004906021771e-02 -5.990584927447848429e-01
4.098427314652681730e-01 -2.658217607028197094e-01
-4.895520479524517743e-01 -5.061153515685044013e-01
4.040302206220047765e-02 8.382671102046264089e-01
-1.121013337745528915e-01 -7.090878191567036026e-01
4.799825952942731178e-01 2.359503113902758908e-01
-1.310535677368718233e-01 -3.682845760881279240e-01
-2.458923397228518493e-01 3.182819934950120722e-01
2.528192420930577278e-01 1.000636510647248123e-01
-3.485348609772913608e-01 7.336997580340622882e-01
7.954799936344625344e-01 -5.514420097107184393e-01
1.144400507386378329e-02 7.140786868797346365e-01
