-5.459861430764711976e-02 -9.972718371594668785e-01
5.382970818791434908e-01 -1.213851544557595918e-01
-7.652541311476868113e-01 2.992592205577788711e-01
5.123745443797234067e-01 -2.865399573223472718e-01
-4.331036191937531754e-02 5.151755069338601611e-01
-1.216510305033569050e-01 8.357491446366847043e-01
8.131666225633320533e-01 -6.739916589162175953e-02
1.212050959400929884e-01 -4.948108479795727543e-01
5.702192844076543476e-01 -3.993005747179307896e-01
8.117244432071313298e-02 -5.658558636845778533e-01
2.660512466439384216e-01 -7.229733219227321150e-01
8.969309357092902779e-02 2.294671487158475021e-01
5.325801437495023549e-01 6.980690399067128737e-01
-1.112043082343106004e-01 -5.573453862230004496e-01
-4.976343896628221408e-01 2.447121224974579956e-01
4.816543203367078529e-01 4.317047025208411437e-01
-8.098740770959302893e-01 -1.130040179529572253e-01
8.005950120248281898e-01 -2.757813785124458850e-01
-8.285739909791507429e-01 -4.770471049457043478e-01
-3.821153123557758935e-01 1.509091975553378262e-02
-4.183488293083406084e-01 6.192472778744768647e-01
-4.330170319264039502e-01 -1.872703488790794513e-01
-2.836419054873406953e-01 5.836283146999565741e-01
8.073571770043435070e-01 4.417238621920931418e-01
-2.702267876251840395e-01 8.397741299661574121e-01
-2.188414977921191440e-01 9.714708067376245371e-01
-3.899852185472054700e-01 9.131371073094591839e-01
2.910021272823213323e-01 -8.681823330968041486e-01
