-9.302163830513157095e-01 2.534610999523136954e-01
-2.718760250253979827e-01 -7.679885018056014090e-01
-9.254938500895306674e-01 9.615457103330560251e-02
-3.249760747941530248e-01 -6.376036120008705677e-01
2.845915732364590056e-02 8.107609669122159968e-01
6.865040751839006639e-01 -2.324576992312499257e-01
-2.209388952579149912e-01 3.933293926853300704e-01
-1.925848832890602047e-01 9.795184990162768557e-01
4.355769966774118984e-01 7.266721329365550819e-01
2.217426294153024280e-01 -8.016060548377672568e-01
6.034407307213207616e-02 -6.322573876293040573e-01
2.707809652044887994e-01 8.681417001104494435e-01
4.642410168440829210e-01 7.549572523410004177e-01
1.150308790392851055e-01 -4.612222956362432846e-02
6.082201826653304000e-01 -4.867405331329770490e-01
-1.605017644300921198e-02 -5.829125322333787995e-01
7.535105209685948324e-01 3.298690638697792110e-01
-7.747841320506598795e-01 -4.858539360602009971e-02
-4.065515494405202990e-01 5.999076344717582110e-01
4.923656454468565702e-01 2.105236990031178479e-02
9.384206727439916573e-01 -1.473372708880325010e-01
1.390900555385552462e-01 -4.461886850885632416e-01
-7.700453721658013784e-01 2.809133474630431948e-01
-1.355994026579392386e-01 4.954220647875791084e-01
3.045253822676401434e-01 -1.439746332062721290e-01
2.469837681760991277e-01 5.331732295820343914e-01
-9.744496700453630922e-02 1.605956501979459716e-01
-4.010282505678848253e-01 -2.354870039283771810e-01
