2.784633640013622902e-01 2.318270841177731967e-01
6.629319785118608088e-01 -3.763435125670115955e-01
-6.470029746814276450e-02 1.783211524206831378e-01
6.497429553794509260e-02 -2.931931886293686063e-01
1.077224109394121498e-01 8.257086919211134024e-01
5.113971965519348295e-01 -2.376044642195302981e-01
2.714756401131388497e-01 2.140310896078236880e-01
4.388896414953631364e-01 -5.891708003579054775e-01
-7.759767736478642153e-01 -6.052386536754463808e-01
4.275391173476363882e-01 4.570927533749387095e-01
4.794197402791582352e-01 7.887154300386938210e-01
-8.858093419436019467e-01 -1.767939237764082350e-02
6.538385526697749750e-01 -6.152969461547526109e-01
4.912166405707480976e-01 7.525139347489304686e-01
-8.902997533905836480e-01 -1.077322695402931352e-01
-7.317251207325583540e-01 -4.940776920189948740e-02
-1.120908174865267171e-01 -3.936185040763249265e-01
3.143125321314785836e-01 -7.908755222806076457e-01
-6.878080680087672594e-01 -5.188977607157538863e-01
3.049183961070187632e-01 4.314368039773261998e-01
-2.327968937859627996e-01 -6.824194286781262164e-01
5.679592411782605765e-01 -4.562793626301169247e-01
-1.475322197793642598e-01 -9.846754105312474081e-01
-3.213975425731119273e-02 4.019754012261542719e-01
4.283402273179266473e-01 -5.363773657302621789e-01
-1.259632044038312415e-01 1.280469880275969530e-01
-1.238722058917447466e-01 -4.053785248686048170e-01
-2.008452494729546789e-01 -5.646450098288644526e-01
8.388724905681332888e-01 -1.341741257607538262e-01
5.431794940175997954e-01 2.275321776979306598e-01
-2.722129534131978446e-02 4.237765325894833346e-01
-5.467501311965332622e-01 3.105696924011200899e-01
-2.854784303075263985e-01 6.741484423444030760e-01
-2.848053861903365735e-02 7.606860337346934564e-01
