8.144829170161926868e-02 -4.322408029989011080e-01
-5.916924266484653305e-01 3.863113840271106270e-01
-4.199870700333943052e-01 -7.204816412521570790e-01
4.243539650624437165e-01 -3.035785203010443745e-01
-5.285320210771073945e-01 5.874892651357030982e-01
3.428924701694029409e-01 9.194657094637248562e-02
-9.502496216023177400e-01 2.839085877222122800e-01
8.509861412181114471e-01 1.470509193413622739e-01
9.798059618106425006e-03 -7.643436537519172624e-01
-2.915488943973387759e-01 3.920705579116181561e-01
-7.942053819010919113e-01 4.590020904385390121e-01
-1.767706761426721673e-01 -2.807231898813515869e-01
-7.485746017769909777e-01 -5.033162353954701018e-02
2.708804950796828148e-01 2.460417276332258485e-01
-2.478448124252121687e-01 -1.243223156871358093e-01
5.932501827093619173e-01 -1.506988244246727504e-01
9.042827689026444737e-01 -3.455155513740071349e-01
-3.199046386697279587e-01 8.960833778402093053e-01
-5.838345969254588042e-02 5.822805479779973314e-01
6.452207308208799397e-01 -1.738992605037774641e-01
7.718300403374507290e-01 -3.070610665771846826e-01
-6.171342532304244788e-01 -8.574642215555727809e-02
4.879476592725737749e-01 -5.774393167084566070e-01
-6.751541907087155181e-03 -8.098987068217649021e-01
9.123072542888843728e-02 -6.400230106877973224e-01
4.490804925941771497e-01 1.525544966936827063e-01
4.333837094925645506e-01 3.845511755337431836e-01
-2.713751633456995549e-03 -8.719432003716778290e-01
-1.509141067146861914e-01 8.098485780529958156e-01
-3.261404753035486159e-01 -5.697716295669033038e-01
5.424239577464133877e-01 -3.412194669398447289e-01
7.155497279496803031e-02 4.580299128328615410e-01
6.512012196764151994e-01 -5.659191072827649549e-01
3.257958816108099676e-01 -8.202379387515510434e-01
-8.823118073159441632e-01 -2.854082073177908185e-01
-6.888770686839620350e-01 -5.635566276259489360e-01
1.645658967937471129e-01 -9.153437958642873795e-01
