9.818594012208030630e-01 -7.592490567882803632e-03
-1.974400896546166795e-01 2.807301327940441293e-01
-3.245613054723786028e-01 -8.250249869270094294e-01
-1.807745728491574333e-01 7.776582063327535099e-01
-4.199845484516280258e-01 -8.266556917149576744e-01
-3.343118982184012378e-01 8.473545229414081170e-02
-1.341736236009054561e-01 -9.761182876717282575e-01
6.786168614542058553e-01 4.721779891893023162e-01
6.545946114147105366e-01 -6.059909567905275019e-01
-7.354025126754093478e-02 6.537197763688338270e-01
5.655732488108800027e-01 -6.476651129623700598e-03
2.397539260511145631e-01 -1.899335311985044239e-01
2.192437088446350657e-01 -3.505969422933015167e-01
4.603656028975018355e-01 3.795076026317301121e-01
4.061259159442347499e-01 4.211943217431679543e-02
2.252416862058559399e-01 -1.462899337923477816e-01
6.104354890247740695e-01 4.742916810307762354e-02
2.324139660000368313e-01 -3.108298321838447453e-01
8.599553340134042934e-01 2.865550927052278318e-01
-2.531998985503882693e-01 5.076612246065435041e-01
-7.007190482962322164e-02 5.670390160457445816e-01
-5.845168167108405477e-02 6.368018466439255842e-01
-5.078891826020561773e-01 4.067853947481370191e-02
-3.073117005551795344e-02 -5.491178347569152240e-01
-9.619654139816140592e-01 -1.254331547477849362e-01
