-1.012409950676884662e-02 2.056213240029913791e-02
3.006983515332444235e-01 5.273677331482764519e-01
5.364777610539470665e-01 -6.888354031119756637e-01
7.841286631394184248e-01 5.194205394343409665e-01
7.750713332389920218e-01 -3.224820788423405915e-01
2.904537711489212359e-01 3.965600943896074870e-01
-1.159923496599579718e-01 -2.847126782493478725e-01
-3.689091609266261784e-01 4.770739271442709928e-01
-8.854200106752010413e-01 -3.142877303516877774e-02
-1.904277313247961789e-01 -9.367480787292699063e-01
-4.595238706035469356e-01 4.849017887764517365e-01
8.018778046062906562e-01 5.368291776861233711e-01
5.391593270154482198e-02 -1.148966698936293440e-01
-6.554315616276553680e-01 6.077976850390243158e-03
3.772576833992724588e-01 -5.901492172116802326e-01
7.448858901011694567e-01 3.467152797583186175e-01
3.151168004521214261e-01 -5.368589512769781358e-01
2.320468229697181251e-02 3.458653389161709946e-01
-8.519577846750459038e-01 4.406557469054972476e-01
6.084600510340478774e-01 6.300199387755816005e-01
-2.142952995702855912e-01 -2.220468446467802615e-01
5.165355335620078758e-01 -3.141696227754477988e-01
9.885610160757918319e-01 -9.826115280377889505e-02
4.947156928745655158e-01 6.044592864667983623e-01
2.724197365751090949e-01 5.592723282434195475e-01
-3.545731129510214519e-01 4.264920203210067484e-01
6.857954395575094342e-01 6.233790116219446453e-01
