7.609239726977801155e-04 -1.409939225527854223e-01
6.043278218419920744e-01 -1.104765674795025188e-01
1.813452094632075351e-01 4.225872953549800748e-01
5.786932996095082160e-01 -4.297415428178092967e-01
5.589836546671858031e-01 -7.497858169389859384e-02
5.695502897245874330e-02 -9.859253209925691319e-01
3.629528531987542550e-01 -7.798392172659427413e-01
-1.612471616720132506e-01 -4.721936477102857133e-01
-5.598549442325597703e-01 1.001560336432634202e-01
-7.976479696073424108e-02 6.771132523976344242e-01
-7.544305530471244747e-01 -2.491309126388601136e-01
4.107388565472627207e-01 7.713984206619530770e-01
5.991854523055610837e-01 -2.425347577910130781e-02
1.668141895349881665e-01 3.121744535041310886e-01
9.534477787507331659e-01 2.514315362287897759e-01
6.781347404394149070e-01 -3.853220996440251955e-01
-4.970437241986094268e-01 -1.085508074183414440e-01
4.619608516554698507e-01 -3.601704782392189941e-01
-8.665701302187029942e-01 2.525531516300545398e-01
4.637010636416327714e-01 2.104160745016205869e-01
-6.821755274314327266e-01 3.384838006591135429e-01
2.746454166140870345e-01 8.457293328678576749e-01
-3.271620671025374794e-01 -3.210470008836594502e-01
8.698158779524733930e-01 3.606067860375739009e-01
2.065327130837641967e-01 -9.478490755678570245e-01
-1.462631024959244463e-01 9.457486774893775205e-03
-1.780762143746206227e-02 -2.391755219906799290e-01
7.800455045991228076e-02 -7.584899140046084121e-01
7.880556813659373994e-01 3.497371241902944572e-01
2.063883990370680710e-01 1.132429714252971564e-01
