-8.736656445134709514e-01 -2.863469917470662374e-01
-5.204905379570263779e-01 2.702892384966015804e-01
4.717033296465718006e-01 -7.517381027357306067e-02
-6.844788569400830358e-01 -3.652043800485036407e-01
2.066558826521629477e-01 -2.372245692706276277e-01
-1.728218844293292200e-01 -6.544135334942131621e-01
-3.825691108102673432e-01 2.027922713165162261e-01
6.880780566150079824e-01 7.165790184778542127e-01
8.640829420569051678e-02 4.956894406901506400e-01
-5.174115759408133286e-01 5.429719010747047214e-02
-5.387799582127938969e-02 -4.343679712262289438e-01
4.937395039730920754e-01 3.045617772856219485e-01
-6.113968325802277004e-01 -4.772264059590503038e-02
-7.896834770103093870e-01 5.949136379520840734e-01
-6.187584587358392341e-01 1.085313813158022000e-01
2.884593142976206170e-01 1.935305723881024509e-01
5.989034256977183723e-01 4.597856416776449073e-01
5.168951784586111042e-01 -2.540381944679477311e-01
-3.250827091022920889e-01 2.694467926743140396e-01
2.664542179765891916e-01 5.152340377543160876e-01
-6.781485978314449881e-02 4.100461298729805026e-01
2.400095059436340161e-01 3.407663952987547429e-01
2.386600284357973667e-01 -6.492775220885116383e-02
1.094345254554127678e-01 5.956992394049436257e-01
1.331818478086832513e-02 -3.965116207093020151e-01
-8.320447179670489302e-01 -5.637600723923630319e-02
1.004872662834965791e-01 -8.593131373981852672e-01
-3.086472212470936505e-01 9.367972406818263487e-01
-5.846595493126716114e-02 1.276050442018850095e-01
-5.753963470662124546e-01 7.473176802813223940e-01
4.692581009596208386e-01 6.772889971963069744e-01
-3.892821895383422603e-01 8.030940342374934815e-01
6.208146408769215085e-01 -1.116985783246904340e-01
-5.285004514682767329e-01 4.944004141523858920e-01
