4.795403074117698949e-02 -1.805937026633417375e-01
-2.743222061635428588e-01 -1.618262064652451482e-01
2.375455821080849628e-01 -6.674727539181686264e-01
3.588105064400473054e-01 2.817802785754319750e-02
-6.802733203667576944e-01 6.107404320673182063e-01
-5.775771468656114571e-01 6.261969652073773318e-01
2.966076004129067911e-01 7.146305351661792482e-01
-1.030956005138816689e-01 8.453855703889454620e-01
-5.098904939686916826e-01 -8.193559535188648102e-01
2.356324835704139975e-01 9.674715347825102452e-01
-9.112528861562332327e-01 -5.429222170023972893e-02
6.135873300715244394e-01 -3.815468334000593487e-03
7.833176937847958765e-01 -1.257679133479898681e-01
1.986349136937299864e-01 1.299736233621180403e-01
-5.134947488661640858e-01 5.128540943079327175e-01
1.427467026063309330e-01 -1.774898525632528923e-02
-5.446298989394637857e-01 7.183561495024404220e-01
3.055577373316304968e-01 -7.491493295433249155e-01
-6.953274360070293980e-01 4.760825450095242939e-01
1.973590468420063360e-01 -4.723921986192076705e-01
8.559234903050141341e-01 3.121149538347685048e-01
-2.571467476226843019e-01 7.707217801071162278e-01
-6.987734653370338833e-01 8.672430976397582647e-02
2.057804440563950621e-01 -5.463948938943266054e-01
