7.622376567126545321e-01 3.217862034839715779e-01
9.898019514210623093e-01 -5.194668024093851422e-02
-7.397522007556789347e-02 4.725370526891694567e-01
4.011575564230507318e-02 2.852875459624850674e-01
-1.207922730915633736e-01 1.144805084543609741e-01
7.275701503430236361e-01 -4.026686242154764450e-01
2.582624984065471363e-01 7.972790276502237372e-01
3.271931361477875555e-02 -7.403838985862121191e-01
-9.987368503855813540e-01 -2.206292499471174118e-02
1.978896943463872571e-01 7.587318860780731811e-01
-4.441452111507444567e-01 3.713242098248303869e-02
-7.791811426730776979e-01 -5.636665860449596721e-01
6.580985014385687393e-01 -3.363066078095739986e-01
-3.127372802482142333e-01 6.541777794200953622e-03
-6.496069341864065816e-01 -2.758569582231367168e-01
3.492945993152503092e-01 -3.006419801662547631e-01
-2.830387488663310691e-01 3.733381318497064338e-01
1.420289393205993456e-01 -7.177017793144737645e-01
-4.626742409134572132e-01 -2.414250090147813665e-01
3.755324156308781358e-01 -5.845427563429195228e-01
-3.015526761722990834e-01 4.473199377455205905e-02
1.514775898153004619e-01 7.976476652754405094e-01
1.718898502632422165e-01 6.354597006531861325e-01
-2.200399258317013995e-01 4.073354807461007088e-01
-6.890727526101336764e-02 -1.070371651417818537e-01
