-1.062428104940322804e-01 -1.807200201444767451e-01
2.801999870854274821e-01 -6.542071443701198419e-01
-4.945427181484434165e-01 -5.639763721640893568e-01
-5.965271316959350756e-01 7.132872085033650222e-01
-3.406371622576538361e-01 -8.519504938141078121e-01
4.151479605051040522e-01 7.012945318749015389e-01
-4.520308659284557606e-01 -2.901753598750809182e-01
4.585218793863208298e-01 2.298014110853663361e-01
-5.129238588096489693e-01 -4.777393511467351583e-01
2.640834207302200642e-01 6.546350333385508868e-02
-3.275383913599212438e-01 5.701416462214412562e-01
7.211608159902738180e-03 -3.331993823917875908e-01
2.848341665845846027e-01 5.622210120639303810e-01
4.961786308919819977e-01 1.694399832749227119e-01
3.681254728745066984e-01 5.121066943635095292e-01
-6.084172497520667910e-01 -7.100364891718513594e-01
-7.962360120311706702e-01 1.109983484446714908e-01
-2.433655652491037991e-01 6.709872162520646999e-01
-4.228228210326232528e-01 8.253165952436141151e-01
2.669920878204004033e-01 -9.126305144697979266e-01
1.551841362355794729e-01 7.358829847205907715e-01
-2.966013596826289067e-02 3.944104539127688547e-01
-4.416075317895808983e-01 4.644635745699352558e-01
5.314170827037814071e-01 3.435446402125916787e-01
-2.759145351655611922e-01 -3.841299115817253806e-01
-1.403242447295129924e-01 -1.150031840374710068e-01
1.567889159432893642e-01 -2.287832814781087798e-01
-4.553387794541696731e-01 -5.084364248870698599e-01
-1.510831982152878172e-01 4.498612885352826218e-01
-4.434004858458795439e-03 -8.720572678686864254e-01
5.833170932492470762e-01 -6.870613781454346647e-01
-2.822587691058715542e-01 2.057990489945389356e-01
-2.392039938568113477e-01 -4.758658359956382533e-01
