-3.136246955177681706e-01 -9.238420623489953520e-01
-1.952146662677172184e-01 -7.463742688000571945e-01
6.546432549388321309e-01 7.065217445663793949e-01
1.362061452456420074e-01 5.319328131747647070e-01
-7.144681838745778890e-01 5.344677351777451513e-01
-4.903909194578437436e-02 -7.017979021809430673e-01
6.017083372301732513e-01 -4.329603586724737330e-01
1.074851423228579961e-01 5.044010474040616643e-02
5.188978245445405868e-01 5.629336816328065485e-01
1.596086575113873085e-01 -7.350706239424849020e-01
1.618188204449368950e-01 -2.373370175124289716e-03
6.001990130072205609e-01 4.678648102698357292e-03
-8.062405220209600820e-02 6.294638998941217700e-01
-1.176390868023302616e-02 -4.711603883838615392e-01
-3.545881712318779133e-01 -1.819483984738465843e-01
2.258896105900498608e-01 2.894133301450474427e-01
-5.686917151631312173e-01 -8.212360431136334071e-01
-9.655465292203180283e-02 -5.388887888944091653e-01
