8.403076562279128137e-01 3.070040696789937407e-01
-3.855110470953908575e-01 3.647558870049341095e-01
-1.670860273455088141e-02 6.791797813946247597e-01
-9.476973438330853483e-01 2.444955957422667581e-03
-6.218948181664814001e-01 4.322505358870341041e-01
1.898486014828792978e-01 -1.724619114200314218e-01
-2.542511912026748089e-01 -2.382702343441640558e-01
-3.915970453182224809e-01 -2.056685423340278707e-01
3.063538065476989480e-02 7.675878506074125252e-01
-1.535512085186263587e-01 2.458368580137193504e-01
4.852466546035512085e-01 3.303881784785211995e-01
-3.570006676116599387e-01 -8.601139120118401760e-01
-9.027564874260938232e-01 -3.848127000967771494e-02
8.102424722842105353e-01 1.054384241942152300e-01
-4.773218844446753817e-01 4.187289555688427090e-01
2.713095222781476412e-01 4.272855418258030280e-01
2.805606125084343372e-01 2.567424956138335546e-01
-8.884299962275512552e-01 -2.231195088163964169e-01
-7.447851176336637291e-01 -3.450433674469584044e-01
3.898708846175868992e-02 -6.867754682975466540e-01
3.887728228784967932e-01 4.504855356156629576e-01
-7.606642476250617957e-01 4.237514313286443457e-01
6.979355671959168728e-01 6.778675225187349440e-01
2.862940169640968424e-01 7.720599918865800326e-01
-2.937289217537355501e-01 4.162091951166071446e-01
