1.950449552915345386e-02 -6.394960174680479614e-01
-4.368469734622373313e-01 6.901868848396637279e-01
-3.912627918970978946e-02 -5.638634584055779442e-01
-3.807607032357787080e-01 8.752794506937811025e-01
-4.751139601199010354e-01 4.630303989486974636e-01
2.695216033996516991e-02 -6.316986399729453971e-01
3.646318186439210240e-01 -2.834249012741327789e-01
1.748536792018355879e-01 2.355271280164854542e-01
1.544676318710627161e-01 7.055499426321234502e-01
5.266906229006258489e-01 -2.672326264124280648e-01
-6.664927224300414288e-01 6.638133965863854957e-01
5.352757570061941195e-01 7.452588810967042399e-02
4.999649244848107799e-01 5.552514670545625197e-01
-1.101330983918531459e-01 -3.907399338473036554e-01
-7.131104683743947348e-01 5.815597434896428997e-01
5.941589137206815252e-01 4.889907516399112364e-01
-5.292175778104342143e-01 8.299458534201531457e-02
-7.194986074714873059e-01 -3.343887281678432633e-01
-9.485660637739501411e-02 5.105590998692788318e-01
1.494713212586538109e-01 6.097754009253071317e-01
-3.242387015789915949e-01 8.443900037527884983e-01
-9.793931098253660927e-02 -9.825108828478974488e-01
-3.858546966213529661e-01 -4.737621558607285621e-01
-6.322543241693363569e-01 -2.472758681540192516e-01
-1.428726416276426825e-01 9.428979510531230179e-01
1.718879554883914196e-01 -2.939685002060625774e-01
5.242634921591315944e-01 -4.432221480427780413e-01
-1.640536386868176599e-01 -6.521386611250699072e-01
1.448100460028811654e-02 6.195774697519709218e-01
2.804721361268451840e-01 3.292606827084276766e-02
1.824639453106200460e-01 8.545819931530891367e-01
7.258602090579791000e-01 3.546728233974214550e-01
8.204744366290253055e-01 3.384701702865036133e-01
-1.950882201090189394e-01 2.744852291289285873e-01
