8.156580832014896920e-01 -4.630206110667711705e-02
-7.138530211087716904e-01 5.650363943738656580e-02
6.208677450447335211e-01 -2.988855641647152339e-01
-6.301763527071002624e-01 6.500837991178820552e-01
6.110117297735158104e-01 -5.533895566638993291e-01
-6.140869640257562434e-01 5.331239065468542648e-01
-1.479730796330103182e-02 2.942518891889820409e-01
8.767901775011339716e-01 1.748368082494404785e-01
-2.372705474711498397e-01 -7.241520169210049485e-01
4.258622281861867975e-02 -1.975524768703524892e-01
-1.134003910076830657e-02 -6.432785574985306898e-01
5.753653389432908938e-01 -2.299449598838074760e-01
9.615202811536849303e-02 -3.876347433544746757e-01
6.115981965875121329e-01 1.304503477808576228e-01
1.612460527626666806e-01 7.520712597772571950e-01
3.067947754272706273e-01 -3.465236063600962702e-02
2.989541892327058914e-01 8.551097223274524151e-01
6.393166589268250988e-01 -8.391242997307313267e-02
-4.761880816129435701e-01 -3.706127436932771246e-03
2.720933276643160426e-01 5.277108473968716851e-01
4.865674934330057599e-01 -2.429156523191109418e-01
1.233306363071622336e-01 -9.651836805561540000e-01
6.908052423688784138e-01 -4.028167736745034144e-01
-2.621733487022612774e-01 -5.548440433905983404e-01
1.186443029401187399e-01 7.515246256517869039e-01
-2.642735862459000273e-02 9.181700467311038061e-02
