-2.133983119329985190e-01 -5.865527229572675694e-02
1.119240923901105855e-01 8.852212885387333863e-01
6.539438071086689508e-01 3.442938668682906656e-01
4.037345631765090204e-01 5.049407231996760892e-02
-3.274622256804795573e-01 4.260985501907901263e-01
5.263173075638660769e-02 9.963922147678017094e-01
-4.665662842165316793e-01 6.231395006255024960e-02
5.136241984119953585e-01 4.200906197827178890e-01
2.379961075543441940e-01 6.769612381122205313e-01
-7.109250906975874695e-01 -1.776470910770535649e-01
-1.904876896890279614e-01 -8.955233053839304347e-01
-8.814994196220271583e-02 2.454124269132216263e-01
-5.424768810769173832e-01 8.190308657170111140e-01
-3.266425145740430303e-01 -2.171007138361060740e-01
4.683448766693349974e-01 -2.773503685359224313e-02
3.240431884223027303e-02 4.402112107291740184e-01
3.512332380041114366e-01 -8.021280760557136791e-01
-5.451824715221311735e-01 -7.318057263450137295e-01
-3.638371280573937661e-01 -3.542393552685803026e-01
-4.232477196489032867e-01 -1.197534829099775600e-01
-9.358397164564389303e-01 2.546708720856836194e-01
-3.609480549296750773e-02 -2.032544348639591103e-01
-7.944165786839003651e-01 -3.612990062222036780e-01
3.207523650494290557e-01 -5.573383243605209980e-01
4.586229693447194666e-01 -7.364837010642006909e-01
8.009906212681028315e-01 2.263790160972816157e-01
-6.409508528878449241e-01 -6.410552604916763819e-01
4.394059243131971382e-01 3.267576987639997377e-01
-2.987455395954627946e-01 1.970669155924402727e-01
6.065783099322854532e-01 -6.745269501381068178e-01
-4.212053351583757710e-01 -8.110140137085475320e-01
5.613674577199907478e-01 -1.894148064224097094e-01
6.785622813198846082e-01 6.949007556307520428e-01
-2.946234410682060378e-01 3.796233128473966989e-01
