-2.788886921636044569e-01 4.650436362297110104e-01
-4.967371315771391682e-01 -2.027835113180231907e-02
8.349411465789735587e-02 4.653260412170736604e-01
-4.721791947034621462e-01 3.200961326236830828e-01
8.185786347994856715e-01 -2.737822946084469411e-01
-1.353817155424046348e-01 1.536887444180989881e-01
7.534440767755339330e-01 -4.500582082052972943e-02
-3.432842134609170870e-01 6.919512548461670409e-01
-6.494583984119359776e-01 6.300907999694724815e-01
6.584887979378721834e-01 5.912128394164759548e-01
-3.922888051680240018e-02 2.370073764532329985e-01
3.325459523190412714e-01 8.499532666259368430e-01
3.248909874353445026e-01 3.356860093801212752e-01
3.268447288114291194e-01 1.606029747993475976e-01
-6.320756873450896762e-01 -4.011282461464771298e-01
4.377705219298113626e-01 -1.426059730768836076e-02
-8.824711650589067702e-01 -1.266907163392423374e-01
4.592770988405359134e-01 9.140292174464081931e-02
2.016493956356411044e-01 -6.244108124458707110e-01
-5.427065186856281365e-01 6.446513379302747371e-01
-1.864617067706171305e-01 1.795054249728043061e-01
-1.958418686644305406e-01 8.965954845732138079e-01
4.703707440501763148e-01 -3.876162201437980404e-01
5.301768172168845883e-01 -5.348342125118503709e-01
1.863850893523566477e-01 9.424790850145337018e-01
4.762171814259898994e-01 -4.617313289857631897e-01
-8.861987418378238779e-01 3.462850509437609414e-01
-1.723083543371151105e-01 -5.634311105689437937e-02
1.289130712287029912e-01 -4.577045265411094910e-01
