-2.639436144428517483e-01 6.138140386760793099e-02
-7.831368001532843515e-01 4.055068173792761854e-01
5.560343904533304737e-02 -6.649119220929937679e-01
-4.919368523820162320e-01 -3.931436981770763950e-01
4.640675547975103843e-01 -4.871679221713980379e-01
-1.549870535449791031e-01 8.416107857558958738e-01
-4.393477036903836730e-01 2.178052219111934473e-01
-4.985051969715494913e-01 4.658387694787842204e-01
-6.880729306374628873e-01 4.527195835082626907e-01
-6.240713309454704039e-01 4.737811547521841860e-03
-9.017426664395511438e-02 9.400161581659109977e-01
4.924752172101971581e-01 -2.973074087803648791e-01
5.821764796718198465e-01 1.822169289276069915e-01
-1.104853946092398953e-01 3.596207750833713135e-02
-3.339772801009981418e-01 -6.347481050295094018e-01
9.909366561379995275e-02 -6.242160187324670151e-01
1.511568547131714180e-01 -3.592603438212798039e-01
-7.038582899398793113e-01 2.473267828204250840e-02
-4.980133597674707424e-01 -2.760260970527175228e-01
8.485799429328246823e-01 4.529248087828361413e-01
-3.844790672624442962e-03 -6.374592993904217852e-01
-2.871204343226474442e-02 3.816439430169071834e-01
3.839112127139889807e-01 2.631257916067906155e-01
2.137672476467840088e-01 3.335791180694951397e-01
2.727022983843707671e-02 3.441042603827542123e-01
2.878230574741451608e-01 -6.063056321918360858e-01
-2.730901886829184555e-01 2.905162271137520236e-01
4.470961549587981754e-01 -3.052373656926812284e-01
3.932706074802279073e-01 -4.246395309396127082e-01
9.667239134590244198e-02 -5.164105041747160119e-01
-1.943563196730617726e-01 -8.462084978657267165e-01
-4.596070433945940170e-01 1.323913372048595161e-01
8.630449045146217912e-01 4.411055102799985583e-01
-1.134008440467011436e-01 2.334918644584120795e-01
