3.835290732384790680e-01 -6.483171179019795449e-01
-5.990981600716640543e-01 -7.303585109560291055e-01
-6.011641485740861768e-01 3.282950496786283257e-01
-6.625544502585589690e-02 -4.003808590249313681e-02
-3.288233559239051029e-01 6.121797543481695136e-01
6.361936989206671278e-01 -6.397676122011151101e-01
6.268302859201464461e-01 4.569423243719512584e-01
-2.480414157836285938e-02 -7.705196467203605515e-01
4.868695409305126010e-01 -6.865192561601822785e-01
-1.678328384040492782e-01 -2.299710024335799297e-01
-4.647088940968187032e-01 3.613275495548891048e-01
3.436960846814565151e-01 3.512165107702913680e-02
4.283914860607278552e-01 6.774220225344376178e-01
7.575005692251861600e-01 4.733133336982098260e-01
6.882900905338991127e-01 1.961440503843188132e-01
-1.335789661227304581e-01 -2.699707641641553302e-01
5.214963508137719916e-01 -2.248325781413165192e-01
2.103858053744089851e-02 6.469565768841925024e-01
-6.634004274777260957e-01 -6.880970536488482114e-01
-6.283422291087368272e-01 -4.826850417960406592e-01
4.287673441349102443e-01 3.136857273596744822e-01
3.987947053644662621e-01 -2.701280090501787523e-01
-6.333011335533940134e-01 -5.227859101752829751e-01
2.559373761094467792e-01 5.689930173483725984e-01
-4.616725127639826898e-01 -3.250754064761991469e-01
7.626932738700431536e-02 6.171850053549614579e-01
-9.475713330340298501e-01 -6.859204690427489481e-02
1.549473193889587819e-01 -1.347646021021733365e-01
-4.898078918872585952e-01 7.991827185793713983e-01
4.566275964614248117e-01 -1.130165795800386341e-01
3.291561728783847229e-01 -7.198220999440705370e-01
2.520393998080430187e-01 -8.293173584154898137e-01
1.849228263362681091e-01 -1.602593718469713657e-02
-5.859966961150364639e-02 -9.217362758598390826e-01
8.601370583956209348e-01 1.585589009158878682e-01
