4.826208678882506486e-01 -1.978152930271923626e-01
1.289650987112735958e-01 -3.736034638960228360e-01
-6.448905694974014224e-01 6.498778501395621188e-01
5.297589333610446261e-01 1.779556079921054135e-01
1.796045537394941327e-01 -5.967626944851067705e-01
3.700505015369226491e-01 -1.281160949392403658e-01
5.168956478903905527e-01 7.910301182286572086e-01
5.717621805606727392e-01 -7.923458512321366332e-01
4.798540349048092679e-01 -7.351706792636354404e-01
4.630966246135808095e-01 -7.137147961954755093e-01
-2.992899192860765112e-01 1.586828350512605734e-01
5.547469347953251084e-01 -6.441035624069384458e-01
6.009487994616529161e-01 -6.971559323577465328e-01
3.041333567170723118e-01 6.973632521686852215e-01
5.232381353622672648e-02 -1.804854990202113818e-01
-3.089181365288167225e-01 -6.276063184676228257e-01
7.653323062170858115e-02 7.991568382236498014e-01
1.023695641975155279e-01 -3.181064636145014557e-01
-2.848829879277516852e-01 -1.732056312207301829e-01
6.896301399371691510e-01 1.630196838476931642e-01
9.075087879325227647e-02 2.665987941450687071e-01
-8.288215770747251465e-01 4.761246461059582824e-01
-2.122869968268814578e-01 3.082338014465457743e-01
-7.347660419207027171e-01 -5.600940071569429080e-01
2.245284659770276914e-01 -1.654247903281533816e-01
-4.639184236114544113e-01 1.798112171504371304e-01
-8.306131243847760803e-01 4.994260413389652875e-01
