-4.340191835559046307e-01 -2.180360791040862889e-01
-1.612803258346666713e-01 -4.390392020868858491e-01
2.125206452292216497e-01 -4.185575943696484558e-01
-3.891499488590155487e-01 -1.014043121980614526e-01
5.108327891183954694e-01 -4.548422982067215070e-01
-6.251375025148384612e-01 -8.609070069189028729e-02
-3.753435545520504846e-01 5.110508545541785352e-01
-6.422600639023066105e-01 -6.323639789853481297e-01
-2.114129262400614717e-01 -9.106675819048937193e-02
3.748664945519648573e-01 5.745046567095424273e-01
-7.673191382947064376e-02 2.279935606597227604e-01
3.511246105561003361e-01 7.040516126287093002e-01
1.206871690214486037e-01 7.601181650019239733e-02
3.840367433327338542e-01 -6.155409631705506257e-01
2.041441429396160245e-01 -7.747893484958463528e-01
-8.199806505841400472e-01 5.583689424634825649e-01
-3.867341904306385025e-01 1.782177561612918737e-03
8.018049970671943250e-01 5.329917335826999114e-01
4.388561312047711827e-01 3.367583935762621383e-01
-1.738760340248985958e-01 3.024650159080428669e-01
1.948739891744126762e-01 9.010770775079972594e-01
-3.478037230218589126e-01 -1.870662478484055313e-01
-5.269712793340450840e-01 4.642391118753308454e-01
-5.604782809999926396e-01 2.457778264522676448e-01
-1.696322502916978170e-01 -8.654920106055168372e-01
