9.572132512652322678e-01 -1.420093386682854675e-01
-4.225893356118703981e-01 8.391627241627119815e-03
-6.186566422236550178e-01 -5.427606274644458662e-01
5.140671681768713697e-01 8.234300521755568703e-01
-5.040801449440297510e-01 -1.409797050413010844e-01
-5.231572374520254698e-01 -4.862684806730543929e-01
-9.530519774733459126e-01 1.451289031493030457e-02
-1.764843275082699225e-01 1.208531871636679966e-01
-9.282307684517210333e-03 6.610856493613408436e-01
-6.660004938703862898e-01 2.097564797291768812e-01
8.535707490318140689e-01 1.858172840037284335e-01
1.819267274505564913e-02 -4.752442712395061886e-01
-4.773882049132465166e-01 -4.102890750747323345e-02
-8.880369026403389654e-02 4.817945934546385978e-01
-7.420000559305974797e-01 6.041778285662289250e-01
3.818309922355249686e-01 -1.450818570806009511e-01
-1.611455661817793317e-01 -8.262352162708499481e-01
7.399044076318015417e-01 -4.086809390157999378e-01
-4.323055055827689230e-01 6.340691003965741590e-01
2.817598700355354868e-01 8.872036941006811173e-01
-3.187442886900326844e-01 4.921071166223804916e-01
2.302013298607854530e-01 -3.662597232382243106e-01
-6.151504749664238325e-02 2.948054063331506658e-01
-2.264825351893120509e-01 -5.078194424781574678e-01
4.676964008920294624e-01 -7.594344739040415071e-02
-3.767611856374033508e-01 -4.679032973944594609e-01
5.635212277010912540e-01 7.939771530775352470e-01
4.183737324405503166e-01 -1.595412564978559988e-01
-3.768939278208467414e-01 1.318627120102127126e-01
-7.177871589663074037e-01 -6.706081380275126236e-01
-4.377204268746504034e-01 8.491249113939289828e-01
