-7.705511463888525814e-01 2.062813350025400894e-01
-7.010996791862953437e-01 4.163248346089387653e-03
1.333539763512052723e-01 4.599188356750267825e-01
4.447643406485894957e-01 4.407939275568470983e-01
5.379143430117938607e-01 3.788129339463841561e-01
8.683094465579355159e-01 3.770187247643650430e-01
3.283570547544427676e-01 -1.777215515860608441e-01
1.719095573138844646e-01 -5.409453169959328456e-01
4.672426606002768601e-01 4.579825936986254842e-01
8.904740342247474683e-01 -2.616257455793773445e-01
-3.130811788155243303e-01 -5.599904553033641097e-01
7.989366721861210774e-01 2.273606555720686373e-02
-1.881663399400930192e-01 -4.359308880467205327e-01
5.727005025112366088e-01 -1.352782694781493600e-01
4.303360267120994731e-01 -7.390290017138261280e-01
2.355810554344230923e-01 6.963833332216293748e-01
6.763151094645381001e-01 2.732891679541682439e-01
-4.277978984927965911e-02 -4.120598871079979020e-01
3.719216396408686620e-02 -2.527835532069799829e-01
-1.601879266669510304e-01 -3.308152385059843770e-01
-1.657011705181159478e-01 1.051276741777762425e-01
-3.965749318786779831e-01 -7.196944484775973372e-01
5.204059403254051031e-01 3.431551715356901955e-01
1.805232606077737945e-01 -1.154651203900343148e-01
-4.024822799266896123e-01 -7.687487318626911037e-01
-5.714240130753465152e-01 9.288321084709072473e-02
-7.257863181653665396e-01 1.296818388171854242e-01
-5.204427913687914575e-01 3.241808314253320500e-01
4.354179075338375782e-01 -8.251349164671577530e-01
5.485161084682321775e-01 3.985693536201762033e-01
8.286142595295364899e-03 -5.646300078914836540e-01
-9.314362915040004243e-01 7.230159303025085471e-02
-1.096505710596962224e-01 8.735886135592336732e-01
