8.784013155692793617e-02 -4.816740384843898326e-01
1.579330432741699042e-01 -2.182003036358379777e-01
1.763000053505900944e-01 4.440505687890321518e-01
-6.220296934509539355e-01 -6.152602108421267868e-01
-4.833052051431963037e-02 9.929952693827175381e-01
5.414435384370275273e-01 2.928316787554652301e-01
-5.052227493965348870e-01 -7.933636801941523764e-02
-8.985406917458949039e-01 5.181167481415882570e-02
-8.005388050888786466e-01 -5.787935768811913739e-01
6.711099331996839279e-01 -2.453637261098233768e-01
-4.851152989074665189e-01 -6.170517755868734078e-01
4.734808752913099994e-03 2.945542055382912583e-01
2.983727496347430286e-01 -8.536499726303059532e-01
-4.673367586575949417e-02 -8.906250147369747516e-01
-4.767299154571444930e-01 -1.193238269608527524e-01
-4.468640853861738371e-01 -3.325631238979569471e-01
6.679550902083191133e-01 -6.167922056979666667e-01
5.957875699590764462e-02 3.260662398307940801e-01
4.849821734445056709e-01 5.053320908860912120e-01
7.305241954574106522e-01 -6.805141245556320939e-01
1.683372410331922531e-01 5.326438450523998114e-01
-4.439657499126787865e-01 2.418260431831724677e-01
-2.578661313576964265e-01 5.614859309897151096e-01
6.564857486830830702e-01 4.370141039709294351e-01
-3.487251286212431634e-01 -2.500011393580594543e-01
5.750155571591610837e-01 -3.556836837631951465e-01
8.301014664801551479e-01 2.556919417688328089e-01
