7.531527611086170637e-01 -4.974352261469650038e-01
5.061578302877751678e-01 -1.983789736677854521e-01
-8.229769396510855373e-02 -6.245034703288308009e-01
1.305498099909099263e-01 -4.784165607638550810e-01
8.100520140450728768e-02 -5.779253659041307944e-01
-8.999713586122572995e-01 -3.975009577750792111e-01
-7.320325746949525314e-01 1.506229113685066956e-01
8.923941805841284491e-01 2.950634136391465656e-01
-3.791299121791482651e-01 -1.945968144926399912e-01
9.404215071306207818e-01 -3.297224473442303960e-01
-2.043400950766194324e-01 -4.509945607233329934e-01
-9.039149405735920073e-01 -1.970619199261280929e-01
5.195078437661011517e-01 3.676987496181984838e-01
2.642197819427227756e-01 2.814194663612017422e-01
-7.185418807240731010e-01 -8.005049390544383137e-02
-8.631744250723756284e-01 2.117247853279231595e-01
-3.022481615877667949e-01 -4.165387553339139348e-01
-4.499536978643625673e-02 9.076079786022006601e-02
3.322203800559879738e-01 -7.067531699367486375e-01
-7.136386422724116940e-02 5.041375060203538983e-01
2.806701375683373634e-01 6.971999769692576177e-01
-5.404242011752593555e-01 1.432728886337195640e-01
-5.415768773870353048e-01 -6.489295384220132856e-01
7.546256614691844167e-01 -1.497951444054634873e-01
-1.274582859849571204e-01 -1.819101620826966137e-01
