9.304222673348050421e-02 7.074873140939426097e-01
3.852771156557157628e-01 7.875190546199064556e-01
4.322100053830773003e-01 7.495363892546895723e-01
-7.643707765981300195e-01 5.526548929060959292e-01
4.585347572945943639e-01 -4.384585372994107555e-01
1.169910400876061907e-01 -8.379746831695578102e-02
1.515447559572242753e-01 -1.738689107195485750e-01
-1.772005443950714909e-01 -5.365666080553908035e-01
7.384199237486912537e-01 -1.256862721763321034e-01
1.653209659372985030e-01 6.083674522860671452e-01
-5.145877082457066543e-01 -6.618936876484142751e-01
5.092944039150844038e-01 -3.752743510474152444e-01
-1.078518167176294451e-01 9.696815866695209785e-01
1.023881279733682703e-01 -7.089463240589242154e-01
3.027688899893790087e-01 -5.799447862156981159e-02
-2.422772362842207095e-02 -9.107619292713966530e-01
7.024240243503498959e-01 -7.231291495238023614e-02
-1.020978970258068497e-01 7.370603010840179881e-01
-3.829598050925768771e-01 8.550598523767403147e-01
-5.327806119771854032e-01 -3.993576022408615867e-01
6.146430157472984046e-01 6.384823564074193492e-02
-1.331832322723698336e-01 -8.770832434339013162e-01
6.869088962889069450e-02 7.309616636421696345e-01
1.362592169554965871e-02 1.785205941685750197e-01
-2.394336138912787071e-01 -2.596398914020430215e-01
-3.383321038780651158e-02 -7.592320367913352186e-02
