-1.876280089658943773e-01 -9.389358691388571820e-02
-4.887023184999288450e-01 1.575163962916528160e-01
-2.282459651745478713e-01 -1.433747777167184712e-01
3.195070130100252648e-01 3.910332702856189613e-01
6.835127581758702053e-01 6.394385394395640798e-01
-7.048905768666076099e-01 3.688587055707797102e-01
4.300446532936896826e-01 -4.029967488321175573e-01
-5.483796327368417600e-02 8.365124411508733093e-01
-2.166063976570749006e-01 -8.277321538448281224e-01
7.994636979195934856e-01 5.814268964892750358e-01
-1.729863271412779291e-02 -2.463670194050784357e-01
2.909925936625130660e-01 -3.688826898906618634e-01
-7.736750568791497251e-01 -2.371766245660400507e-01
-5.736575720633063646e-01 -7.204836741938620559e-01
-9.836202069345441057e-01 -1.092660062047798863e-01
-5.536083659845780769e-01 -3.295984481960521073e-01
1.307303187770194608e-01 -7.138635234026309284e-01
-2.773275742384027076e-01 -5.210747757044051909e-01
6.842659492328539983e-03 3.942500872744350016e-01
6.283878769525450547e-01 -4.382824775221805247e-01
4.248969959085222570e-01 -5.302150871362960594e-01
-3.738202261137266724e-01 3.489516704971165062e-01
6.860600541942938335e-01 5.633887723059645136e-01
-1.368695215004467336e-02 9.217209030579291973e-01
-5.309357429308252385e-01 -3.631112860916980711e-01
8.010260082029665440e-01 -3.637543433726695419e-01
3.575982196515399281e-01 8.972140349465094200e-01
-1.613531866761934719e-01 -7.412503381545414438e-01
-9.591814644196021700e-01 -1.170720849230939553e-01
5.970309610119235444e-01 2.644836209458116816e-01
-4.788943415373125845e-01 -3.760936785650650371e-01
1.067099375717326382e-01 -4.008598136999479422e-01
6.562359837078424185e-02 8.261976203449208356e-01
-5.463017118572754960e-01 6.962499615726984725e-01
-6.898787853299555017e-01 -1.869590004064018984e-01
-2.635049396511439657e-01 5.193179316864824369e-01
-2.589183399228844884e-01 8.332728602211649793e-01
4.881905978348033415e-01 8.174732971540075166e-01
