5.377063541181965611e-01 -6.884218967978714687e-01
-1.143853145753062073e-01 -9.825269511739895822e-01
-4.196073355603815447e-01 4.581000080344586056e-01
4.871371402919844051e-02 4.062424415010825740e-01
3.474984801837388559e-03 4.044223513096312228e-01
-3.177849167511370698e-01 -1.260584774509885264e-01
-1.819119751217816994e-01 9.444601777548136123e-01
4.343505467315780244e-01 -5.771036652259804445e-01
3.352569905079521018e-01 3.445784145891614969e-01
-4.064381959708120995e-01 5.602577682886324961e-01
-7.006904970408585065e-01 4.951163024709290816e-01
-5.277846356152788854e-01 7.229965554202180122e-01
-8.010406048862577233e-01 -2.167115398525019110e-01
3.248784642843773884e-01 -6.444643927764897029e-01
-1.505487356824692924e-01 -9.668204765067962558e-01
7.639336040481312651e-01 -6.367242940076998092e-01
8.510459243981105537e-02 -8.616244869650928617e-01
1.541637812128648921e-01 8.061686540887058605e-01
4.659879332445238109e-01 2.213579281808879529e-01
3.379618580473531253e-02 5.924029284648697491e-01
4.336928396994605972e-01 4.735526972724035666e-02
2.930166828965461434e-01 -4.863037820018774049e-01
