3.438191678201552026e-01 -4.245751862352935557e-01
-4.564565169797012434e-01 4.266501404962985688e-02
1.087695741087186807e-01 8.852742937434254777e-01
-1.392258717810641588e-01 2.280301953229411094e-01
-3.457978750935450929e-01 1.456974814888090108e-02
4.572692818281514082e-01 -5.663257663469016823e-01
8.740461152535026201e-01 4.733991103641745912e-01
-8.553670605217456036e-02 9.643110763264168828e-01
-2.168948715506842095e-01 -1.016558498378932196e-01
-9.859747185543832337e-02 -3.079846443298843717e-01
3.923201019323128147e-01 -3.291861066911185851e-01
-2.514236435704686468e-01 -4.509558285541239719e-01
-6.077369518908273260e-01 1.661764145549313731e-01
-5.393417564840836675e-01 -7.027280825702653111e-02
-1.346725814514586617e-01 5.990354976515976926e-01
1.168267968802063628e-01 -4.308036297969504158e-01
4.708575096848981456e-01 4.401908436289025950e-01
-1.719152316869565489e-01 2.495057927282609000e-01
5.330856668145871335e-01 6.296765810226718774e-01
-9.144161109815955868e-01 -1.115702746951683366e-01
-9.386876195072508811e-01 1.697309404283839918e-01
-5.411262244190844228e-01 7.171738534447562596e-01
-3.849041191318445243e-01 8.539501966644034159e-01
-1.570372402533923850e-01 9.695796747161933293e-01
3.351645328514099020e-01 -6.125125241300937162e-01
-5.473770970490856591e-01 9.504131592825548758e-02
-2.501996114926927639e-01 -2.683406426236922826e-01
-2.645627261505030248e-01 7.620749384020888417e-01
-3.026932381081499646e-01 -4.032216613223953416e-01
-6.384715055059526634e-01 2.591486958002251484e-01
-8.932064141902973375e-02 4.327424854443160385e-01
-7.487473252198062479e-01 3.265280182146736987e-01
-3.356971089203144576e-01 5.396858436095839373e-01
-1.959469586460436119e-01 2.937997947494481732e-01
8.576007227408135591e-01 2.863053218971298719e-01
8.702487003236725194e-02 -9.369822988907430261e-01
