-7.457194666275235306e-02 7.789036819224199881e-01
-4.177329016065471912e-01 -2.179310699972503151e-02
8.147942882410090792e-01 5.737379313797019709e-01
2.622059773449805231e-01 -8.276705115843436822e-01
-2.835366817435494013e-01 -6.851524942388387274e-01
2.595773896699453687e-01 -9.464396503941019390e-02
-4.250058360138324609e-01 1.261594305431876784e-01
9.087363630241254153e-01 -2.348576727052242852e-01
8.468587348352345501e-01 -5.140866206802650051e-01
-7.951635726469794552e-01 -1.189091755293791852e-01
-6.971153223928314713e-01 6.508696921381487144e-01
8.552216894911630618e-01 2.977212128759023635e-01
6.851072339616151030e-01 4.512572800076453117e-01
3.286532271470681277e-01 3.099136650351603794e-01
-3.606286024807952018e-01 -3.741564568684927483e-01
-6.056372636305051849e-01 -7.768378419499617493e-01
6.154286173711842611e-01 1.398854986067963324e-01
-1.747336279133939740e-01 8.808481363618216875e-01
-7.119743445374819846e-01 5.461774316994993939e-01
-8.017418137571561410e-01 4.077499444292915776e-01
7.315836721362136696e-01 -3.415740702593916822e-02
-6.935475417547238841e-01 4.287003723081646012e-01
-2.152876431482080299e-01 -2.128429402836240492e-01
9.054614835743923784e-02 4.494326458131476798e-01
-1.641370757655691293e-02 7.056582301306368876e-02
2.265374008658369576e-01 -1.583078849137058430e-01
-1.988072308762298679e-01 -9.264518533652648102e-01
-4.152668812728399494e-02 -5.644822439321135477e-01
5.354588593466718116e-01 -7.316443067746023488e-01
-8.441311033545948472e-01 2.993141796344445105e-01
4.819058254535331098e-01 -3.210028154887067942e-01
-2.076504032228416730e-01 -2.147068199744257555e-01
4.285979013156964168e-01 -9.736683929060419018e-02
9.973938547678762312e-02 9.099387297532848251e-01
