-1.660285330054831476e-01 3.248348977139294824e-01
-7.342952263964659387e-01 -6.540272963433704234e-01
1.803559333648994123e-01 9.189183992112679444e-01
-5.269960528407322542e-01 -2.730943376740651019e-01
-4.343010611736453086e-01 2.693675762856766465e-01
9.282171152710594342e-02 8.478999574921357585e-01
-3.878073896484504068e-01 -7.560256217530438860e-01
8.342207304351900721e-01 1.215920588079071329e-01
-8.021246248204256801e-01 -4.714740800902059714e-01
8.956026848475904245e-01 -7.004224180179785542e-02
1.664673057704444403e-01 -3.722079993942595255e-01
4.252432738307023730e-01 -3.398175915292700466e-02
-7.253541330990722624e-01 -5.237895366015281606e-01
7.114915551307532393e-01 -1.345247971513547913e-01
4.290019370247022401e-02 5.693512116434527037e-01
-3.424704412290879851e-01 -6.843045169963304364e-01
-3.835435112022933524e-01 8.398001703150348440e-02
8.380901609907291938e-01 -4.612008017065651888e-01
-1.288311792502749853e-02 5.223920350244162236e-01
6.923145866741893251e-01 -5.006246369096973847e-01
