3.207477070214352910e-01 7.543535198967212807e-01
3.612362946411646902e-01 7.860874169569387337e-01
3.024587510566623116e-02 7.987445624820705969e-01
-4.781004487764759503e-01 -8.265774139429482581e-02
8.046803859087736654e-03 -1.384542434841087299e-01
-1.986237207252372627e-01 3.714697168043765707e-01
2.474025228709579860e-01 -1.534199663113990919e-01
9.406540338061322171e-01 8.335372866982537765e-02
1.824767266109792452e-01 -3.210453919007449919e-01
5.539852133399387757e-01 3.484917417081594415e-01
-5.252685727396224635e-01 4.241833559339767135e-01
2.861008103688087445e-01 2.554716205310882948e-01
-5.118440498854488485e-01 -2.384978182335644181e-01
8.388071201040665503e-01 1.565721439357765643e-01
3.442813238075759230e-02 8.110065584224592783e-01
8.843882223876300408e-01 3.730065030246341173e-01
6.435668210127234445e-01 -9.362926508273217152e-02
7.494219396506258679e-01 6.426508130363006721e-01
4.386656327840916525e-01 -2.103441765124240970e-01
2.343763455367677828e-01 7.954985587947656089e-01
4.714195442477149278e-01 -2.365979526267421029e-01
2.674358710126474303e-01 -7.139987537053604782e-01
5.151482199067614065e-01 5.490785925203842677e-01
-3.929918629440718458e-01 7.537761384666559206e-01
-8.033045248314067965e-01 1.137949279476737630e-01
2.555587310280538205e-02 -5.662927565593018908e-01
8.272102581801776822e-02 -3.517210687890144349e-01
-1.064872221783363937e-01 -1.371807803971176742e-01
