-5.753881024322815563e-02 1.884907830432809295e-01
-1.623158692773134515e-01 -7.843438090259271522e-01
4.931709223876272752e-01 -4.190290774638185667e-01
2.224522028446751509e-01 4.189928789233405837e-01
-7.762686946527752596e-01 -7.062535044030071596e-02
-1.484513628891377390e-01 -6.962369532615830803e-01
9.606931292746700990e-02 1.758902027347126751e-01
4.512063167413957743e-01 -4.875485804525419020e-01
3.548706996891417553e-01 -1.423410004601874945e-01
-6.251347168582663816e-01 1.320350195275232785e-01
-1.828605427301224218e-01 -9.174190502009393899e-01
3.294377969725326150e-01 -3.871888754453818304e-01
5.268206337650562787e-01 5.913317548991952055e-01
-3.532567765057244014e-01 1.379078875933728021e-01
1.110245938726475146e-01 -6.388242249145479335e-01
2.411266552071567038e-01 3.476282144346902747e-01
7.949091862515667017e-02 -7.728335396339041097e-01
-5.953189655772406219e-02 4.219831364978188226e-02
-5.924087798975568031e-01 1.953817769504937463e-01
-3.960830417468552689e-02 -3.620012474761424848e-02
8.970945520171933474e-01 3.692839596978996219e-01
-7.174638181062522602e-01 5.959387545090217841e-01
3.170019225310936051e-01 2.590904449697124523e-01
6.987849547474112022e-01 -3.587189894141171731e-01
-7.145397524987100457e-01 -3.823242987476227484e-02
7.363113062629751404e-01 -3.143275441902326772e-01
8.468270236966477515e-01 1.778500919564038885e-01
-1.429476726874256975e-01 -5.217997488479511059e-01
