-2.293799048318700962e-02 -2.035681491485701322e-01
-9.363264325751090578e-01 -2.805271998939593558e-01
-3.264171883554769504e-01 4.340853882394402063e-02
-1.135730628723121693e-01 2.367267407836901594e-01
4.417761494380993970e-01 -4.215303175222508969e-01
4.537011336141973938e-01 -4.491536154087594213e-04
7.645345081632011208e-01 5.782885844183698332e-01
5.744272983120410903e-01 1.137597222937005714e-01
-6.199281314355056249e-01 -2.366067395263791173e-01
-6.408974666568771905e-01 -6.456759242718104197e-01
-8.519853276503395190e-01 6.819960325985152672e-02
-4.405242879035262682e-01 -5.837237480550174773e-01
-2.546200160230598364e-01 -4.488239079120532882e-01
-2.616162990398065435e-01 6.270905748206720975e-01
-6.168886473332113596e-01 -4.760675609441857858e-01
-1.159251552044857636e-01 -7.085107952312070800e-01
-3.388337168545827449e-01 -2.850479420834841626e-01
6.610722645492046468e-01 1.836035508645998959e-01
4.492261541736166652e-01 -6.747269192541993643e-01
-1.170000100903634266e-01 -6.941773687126335801e-01
2.420592736406954604e-01 -4.437653947922759468e-01
-5.489523121470729627e-02 1.423490449941995362e-01
-2.675154297106847601e-01 4.486724028499105010e-01
-3.553197159988223941e-01 4.491994604501019506e-01
6.187707032510967320e-01 -7.403617130147790437e-01
1.884596769759139256e-01 -3.469310420710207676e-01
1.396096382668376989e-01 -9.463938217594145552e-01
6.921758315805539574e-01 -4.631361491272210085e-01
