3.701327775310871981e-01 6.637516246300416700e-01
-5.219168661266797571e-01 3.714761319086232749e-01
3.125358878894377579e-01 -7.246295069376373910e-02
3.009852844407365779e-01 4.551620622389118687e-01
2.019233281453749473e-01 -5.610513392307225899e-02
3.468498298185140882e-01 5.859806344168716485e-02
-4.935360673497872774e-01 7.165359118384451165e-02
-8.277343868228750345e-01 -4.306829510570404640e-01
-1.658790770560734096e-01 4.035883461796463401e-02
7.102299840857371205e-01 -1.174187558879009607e-01
6.626015425780118484e-02 1.968455391696648515e-01
6.106426090178362909e-01 -7.143549752683453491e-01
-5.406803237963180297e-01 1.419388058847403933e-02
-8.727823828777303561e-01 -1.118192506269912734e-01
2.659508201869500432e-01 -7.375376699601186026e-01
5.412767171532608668e-01 -3.454540688675835636e-01
-4.486448108900940035e-01 8.569869574254171951e-01
-4.598179981852457132e-01 -2.880668022074561740e-02
3.903731809037123135e-01 -9.110693603242019378e-01
2.811395357434425257e-01 6.907905597771908379e-01
-3.983704324652055373e-01 4.970512339497572540e-01
2.733575866811350785e-01 6.038702223012719639e-01
8.776071610169058346e-01 2.182909848697112132e-02
