3.916885935073155522e-02 -9.814864014564061989e-02
1.732771257165246492e-01 3.899602822677983305e-02
-7.582206052580455768e-01 3.385422907779187529e-01
-7.779368863665554468e-01 1.305463388118881518e-01
3.945673534567788465e-01 7.655093542893107728e-01
9.471203921636093259e-01 -5.514965021485895846e-02
-1.397819362887160466e-01 -5.011136617055522713e-01
9.583569457823526427e-02 7.276379964736880979e-01
-4.502021525394497292e-01 3.206553263031173273e-01
-6.000711667649543113e-01 -6.136149275425768490e-01
-6.551515832603826972e-02 9.111978003941043625e-01
7.075188589446581577e-01 -4.434901923990373085e-01
-2.697810627344312540e-01 -8.764551340459039164e-01
-1.883275325584838900e-01 6.904873512742777386e-01
4.469479570934566937e-01 -6.135629367811894497e-01
7.066010556554847000e-02 6.884507403607518228e-01
9.046309855120424626e-01 -1.177331222670086053e-01
-4.831282264256331338e-01 5.694800008003118030e-01
7.466519630776804473e-01 1.931069371423610459e-01
-7.999468385705776896e-02 -3.755559503212702044e-01
3.345699858449968644e-02 -3.762499688683302868e-01
-3.128450843202017495e-01 -6.063412324210368798e-01
4.087126136451042502e-01 -1.593332434928300678e-01
-7.883339700207041556e-01 -3.912361541382538555e-01
5.788599013832003148e-01 6.420332296267372563e-01
7.547268202744497056e-01 -2.476630100085235320e-01
-8.233742604876803650e-01 1.464703349507345820e-02
1.225786779253144054e-01 -4.357610527242421483e-01
3.682009857831023414e-01 -6.565109985174943930e-01
2.660519398745877506e-01 -4.233830140996941438e-02
-1.858126225294196576e-01 -5.665883282020887091e-01
-9.661576882230529240e-01 2.430013778918655998e-01
-6.879089197451100368e-01 -3.532460913827297766e-01
-8.714972863703644990e-01 -1.788824247699571934e-01
-3.012061667608412208e-02 -9.304874380593997074e-01
-3.866028368376028812e-01 -6.494889232139944291e-02
-8.082614465324411412e-02 2.273207072921668015e-03
-3.035486854123712330e-01 2.433010339225847307e-01
5.930704716680419430e-01 6.818265161924961237e-01
2.827976020624731746e-01 1.941012723185426836e-01
4.463252411395925989e-01 8.947670255166704223e-01
-1.094323625130870781e-01 -9.823472627608473839e-01
6.980670688685510772e-01 3.093328108485779993e-01
2.194132332925409212e-01 -2.152473371971301841e-01
-5.864590425107549798e-01 7.091458475060470334e-01
5.360214269375829232e-03 -3.347743872774591178e-01
6.829570746833939499e-01 3.858572671395528175e-01
-3.314037003184588936e-01 -8.724403087911314358e-01
6.641613329854059167e-01 -3.191489905145223904e-01
7.640671759123693896e-01 -1.730667121771178874e-01
7.885720368462327823e-01 -4.683928745369052571e-01
