3.252796911552775505e-01 6.205426606097721454e-01
-2.044993381093380691e-01 -5.730202289980801389e-02
5.143342329280344849e-01 -2.958192017442660138e-01
4.833467689924555444e-01 -3.984933239707941777e-01
-6.710358668377480740e-02 -4.989322741133876971e-01
-7.805686209032260958e-01 -9.651319677867675750e-02
2.834654162241883046e-01 8.629296655521891957e-01
-6.019804141442453016e-02 4.517104404744287649e-05
2.185174349357039691e-01 3.265138842461652313e-01
-1.322828443198005299e-01 7.338969676866868852e-01
2.610858541474680994e-01 4.206988224437484547e-01
3.354181593339342626e-01 7.065758495811753637e-01
-5.849400351764693085e-01 7.727242833726144511e-01
1.393888157504385994e-01 4.710174827303570400e-01
4.831850869591931552e-01 8.289525653532745508e-01
2.878684561950395349e-01 1.833712260668205474e-01
-3.942804040282466005e-03 6.548188330445630090e-01
-8.943606035658211439e-01 -3.087605184183914719e-01
-4.624498465530728630e-01 8.700769232059124558e-01
7.677444616805062516e-01 -2.389985791190458730e-01
-2.313846506604340103e-01 1.463725672446991588e-01
9.087622286621943601e-01 5.101133271731939089e-02
-6.757038821518657201e-02 1.289960297041981008e-02
-7.913702386959009516e-01 4.938142543022050468e-01
-2.178876579244137801e-02 4.232945848580071946e-01
-8.578707242662608756e-02 -9.088128915813409314e-02
-2.560297436402210192e-01 9.975349366866215206e-02
8.810146692389313472e-01 -2.824196549343471752e-02
