7.375989298356566692e-01 -3.416877508783264794e-01
4.478682143202825650e-01 -6.666295292108184167e-01
2.064879503868817245e-01 2.488223664079600717e-01
-2.567592592424190467e-01 1.642694539492828287e-01
-3.905444316086483791e-01 -4.054534584283726595e-01
-6.710944296018430677e-01 5.549956122758048505e-01
-2.749516474964803781e-01 -1.912995611490755365e-01
-5.286220074802221447e-01 6.398414196245261198e-01
-9.558355313017452559e-01 2.791576827678623474e-01
-3.227660345522591623e-01 -3.743564438790563109e-01
4.023117729632867956e-01 8.995192388812089934e-01
8.685726416549144346e-01 -4.770717055152895458e-01
7.383063915326084636e-01 -3.480161052202372929e-01
8.223001163355436738e-01 -2.287838899744676358e-01
-6.197732217742573102e-01 -7.155207517886292834e-01
8.936737614552561215e-01 -3.888046923173038572e-01
3.477633036968175162e-02 9.693099565133478368e-01
-3.561160621507752921e-02 3.327182141767526247e-03
2.542805302343857932e-01 -8.465999196596827314e-01
-3.568110578636229935e-01 -8.394441620501835732e-01
9.603240797606584778e-01 -1.236030646988643955e-01
6.267996733583995894e-01 -7.474805837305489309e-01
-5.266074016381359080e-01 2.810844570248078877e-01
4.676255987996114083e-01 -4.384752409144887508e-02
9.222897757024788312e-01 3.600443506449733100e-01
9.629086707497767073e-01 6.741613594972206691e-02
-4.456661735912212929e-01 5.672839360870052250e-01
2.641628633590225039e-01 -4.665962572726658486e-01
1.445058119459767809e-01 2.571588975385494802e-01
-6.144597122039576753e-01 2.222073911637687527e-01
4.515406407080184703e-01 -1.734597531291133254e-01
7.539045334700988921e-01 5.242629487274497180e-01
8.361868065747060097e-01 1.198124311695283328e-01
6.329818922646832657e-01 7.347053714175761918e-01
9.593850498096820889e-01 2.361187240037776469e-01
-6.412702239915484270e-01 -7.644376716100713676e-01
-1.439523869403636080e-01 -3.524114370128230700e-01
-6.216279704629472658e-01 -7.721042659414663056e-01
-2.368189399088915792e-02 3.543268756245350204e-01
-1.826163224247443484e-01 8.291467571395774172e-01
6.099397675447666423e-01 -6.229709709927875316e-01
-9.798358008185337198e-02 -6.195612391969178567e-01
