-5.102260798527102903e-01 5.254118954157083188e-02
3.852054178441230992e-01 -1.701101508858240408e-01
4.066486962389730397e-01 2.146491044309268847e-01
-4.785069054995716442e-02 -9.697531715989355927e-01
-5.687738472345276186e-01 -3.579892955341847927e-01
-1.138762638842867325e-01 -2.184960729900351506e-01
-1.514553017947131153e-01 8.145362852444510970e-01
3.236983103343848978e-01 6.965841680989190987e-01
4.233326403578694386e-01 8.524531082940045579e-03
-9.632409773045169654e-01 2.270817911934326361e-01
-1.880272346237914505e-01 -2.937938901166901040e-01
-5.927996912126642926e-01 5.004179052978405817e-01
2.701374155838454083e-01 5.630684164246066992e-01
4.076498186441215310e-01 -4.356572048637563643e-01
-3.403114466333556631e-01 -1.067512296814980832e-01
3.246866697034702653e-01 -6.856310698666789882e-01
-2.086238287283181947e-02 3.904974766678550591e-01
6.355743087775778122e-02 -2.645157590293663041e-01
-4.560844262909455882e-01 -3.572387482996508545e-02
-5.351148746868572559e-01 -3.699062385731226588e-01
1.036698918421510296e-01 -9.934214391063811433e-02
-5.380663309661803950e-01 2.649525367678255972e-01
5.552262516316130991e-02 3.398250200330117377e-01
-2.088089949179359195e-01 -1.544373995439936031e-01
-3.855597653252296197e-01 -3.036752567300931016e-01
-3.531182435110880036e-02 9.938138621399674744e-01
