-8.412095800560548398e-02 -4.806460333943838314e-01
9.043923971292628927e-01 4.035983164606387064e-01
1.829987631963081451e-01 6.136082507918534379e-01
4.720811833636404664e-01 -4.739436552171305550e-01
6.552890580423815781e-01 -2.440641280098820864e-02
-4.568588987002790702e-01 5.981534787683520094e-01
-2.906300426749877097e-01 -6.629087078662081467e-01
5.268181703800494109e-01 3.931909395802712925e-01
6.744347192576003458e-01 -6.579676713065452098e-01
2.874069869223678797e-01 -2.316224611371189290e-01
1.036602908582222593e-01 5.021356618188470566e-01
-7.916623100169959404e-01 5.690376421608149826e-01
1.012752177987508162e-02 -6.562534290540200654e-01
-5.178507288631177818e-01 4.033218930636510713e-01
-3.004329796978175704e-01 -4.871598833772350368e-01
9.393436515911528506e-01 3.363724899098452514e-01
1.106356666516961074e-01 7.442327451080594791e-01
9.347696961673042093e-01 -2.309683296550228970e-01
-3.562494960910105313e-01 -6.783388054760577379e-01
5.603774098441960394e-01 -6.984724141266318576e-02
1.550951520916947768e-01 2.998443963177266358e-01
2.054162391220151207e-01 -6.970298225362041578e-01
2.918124966758839367e-01 7.787227897215829309e-01
-6.792832785449087751e-01 -2.142827442490555789e-01
-4.764050157749410985e-01 8.134160317906311555e-01
-9.013271670612048592e-01 2.880209724261995063e-01
-2.623121593667951945e-01 -5.600190385298506879e-01
4.349136977912080315e-01 2.905475869282359014e-02
-3.791812826338341047e-01 1.869218106184062922e-01
-9.261150309252386137e-02 2.815045893068650606e-01
-5.772890096147498262e-02 6.462180947248341578e-01
