-4.601008497326342095e-02 -4.557383905128709056e-01
-5.208645539902545529e-02 -2.281503771643742517e-01
6.707558782812228504e-01 1.758979791940677995e-01
2.380331986733794647e-01 1.224808015408893613e-01
1.801017764964560897e-01 -2.414816448825980455e-01
3.111824356152044224e-01 -1.816570595635533802e-01
-6.238475810248618192e-01 4.705961253725257087e-01
1.135431366111259166e-01 6.761456255555577943e-01
5.874178245629055883e-01 6.603652477133399312e-01
4.656450049644325073e-01 2.136849186398781519e-02
-5.099283973468622388e-01 -1.720043830265924889e-01
3.378116111426954227e-01 -1.156826898959870675e-01
7.379274060522047485e-01 3.240360942665707622e-01
5.379281871518248881e-01 2.354033372467336793e-01
-6.003961329201779051e-04 8.201588654690277203e-01
-4.697387536140418263e-01 -3.729620419227406281e-01
-8.500893665176623148e-01 -1.921564908992907661e-01
3.678546507107924857e-01 4.252070606191249436e-01
9.402006755654674919e-01 -4.301468803149033349e-02
-6.589022344147816845e-01 -3.656468834367381238e-01
6.884467626552901454e-01 -2.180371152785205435e-01
-3.302605840400834047e-01 8.938941733417307134e-01
1.827765557895304482e-01 -7.347920556403044756e-01
3.362507083646388839e-01 -9.212703577931173893e-01
-7.480743811971979351e-01 6.128274687778914043e-01
-9.597889849943381790e-01 -2.542688356549671624e-02
-3.716315254002067192e-01 7.562653838954231933e-01
-5.170158052349438371e-02 -9.191033924166447378e-01
-1.539325729984992730e-01 -2.121501952151640946e-01
-1.196836665518659082e-01 -3.127438499289674212e-01
