-6.666186668051521380e-01 -4.921987498586564147e-01
1.825566187923297612e-01 -2.245886648397630303e-01
-3.211919079808889244e-02 -2.546701545514755693e-01
2.171643964013503236e-01 -7.159286963289823724e-02
-6.111313818126307140e-01 -3.648609998315044400e-01
3.145709209684564023e-01 8.442913359285155739e-01
-3.008297548232450325e-01 4.327570520858996517e-01
1.587312941992400361e-01 -5.162455500397846730e-01
3.010911868767676136e-01 9.877655222314429828e-02
-5.455342113655929914e-01 7.780632716848892017e-01
2.925963259884425405e-01 6.272460249156079914e-01
1.149184569017980273e-01 4.092239024319574980e-01
3.268919400448666579e-01 -9.011683506684797784e-01
-7.922977438193123945e-02 8.886439856955650196e-01
-1.593099457400588559e-01 -3.346501787268190142e-01
-3.659331059479780102e-01 9.061223591097891106e-01
1.828200436181828259e-01 -6.989315777577975730e-02
2.909811193182527678e-01 -3.661572297101423068e-01
-6.611670971501619753e-01 1.275790142557473583e-01
-4.601552297835411753e-01 1.507581610763724100e-01
1.111479879027394979e-01 7.060568220774028347e-01
6.110744517559074662e-01 5.689355866384628868e-01
2.871820201504176051e-01 6.265247165423253328e-01
-8.914384311691365692e-01 2.691737014012041129e-03
2.390120551366334833e-01 6.199573870413581655e-01
-7.783535423146734633e-01 -3.978562232519728958e-01
-9.532766763299167501e-01 2.993957355679321974e-01
-8.000222593762338352e-01 1.102916347792803897e-02
3.956242902460267441e-01 -8.354372407306076553e-02
6.433359007675341079e-01 -2.634236525355306835e-01
3.793930029991614550e-01 -1.286948323149419426e-01
