-3.124778682472175717e-01 -2.510808513164899392e-01
3.313137631972702390e-01 -2.109001763450559785e-01
-2.001878569338624292e-01 -2.781979854579219591e-02
-2.031328067759703426e-01 3.087804891521079842e-01
-7.685327837815900676e-01 -1.170379692346079636e-02
-2.936535635162620395e-01 3.600061479632448158e-01
6.248966588871873729e-01 4.643992965568919384e-01
9.108936637782560908e-02 -1.537636019143908683e-01
-8.170691863363213070e-01 2.916833012072632680e-01
1.023905122020023484e-01 -3.199953412935379049e-01
-7.038363000004883574e-01 -5.878484608372573916e-01
7.662653829877006384e-01 4.412277946118356997e-01
5.529380344189092078e-01 1.471905993170197213e-01
6.574748890414436886e-01 4.984621759629024318e-01
-5.798174115088412517e-01 -3.833323962928605333e-01
5.159400123864557042e-01 3.193598071073877609e-01
-5.929847719616951895e-01 7.220741323839192649e-01
2.719055604351487965e-01 7.743823183225353457e-01
4.157660561719442871e-01 4.043884894600591196e-01
7.053421604510812237e-01 -3.117780724822356575e-01
-9.682351333444001451e-01 -1.955738566654872113e-01
-4.354629282390731770e-01 2.326878228127089443e-01
-1.982797922124381884e-01 5.655757396684735205e-02
5.543443501828868580e-01 3.072185293021127972e-01
-8.682963703981627646e-02 -4.489449690224611711e-01
2.091274246530214764e-01 3.546851087797087132e-02
-3.190391641591567851e-01 -4.569299531851676033e-01
4.393280837709969688e-01 -4.428593616374287834e-02
7.741399357579941132e-01 1.485843038751799572e-01
-3.805288177753451961e-02 -3.962649954607506686e-01
4.044064326830432154e-01 -4.780146388176584882e-01
-2.818348923815519047e-01 -5.892318003164629392e-01
3.963981643473712957e-01 -8.627679247576423016e-01
-3.964649900788619341e-02 5.327119285163799400e-01
