1.657131467735091235e-01 7.347112775530899587e-01
-3.573939803399923676e-01 -5.910402786231696570e-01
3.171899891819682793e-01 -4.309559782705398856e-01
3.503027742274262835e-01 8.457784094085185611e-01
1.735762693295495041e-02 -1.977675765175344047e-01
6.849129555975788097e-01 -4.853287960059500250e-01
2.373840457469755805e-02 6.939414303869684275e-03
5.678139563785267185e-01 4.910268474687711215e-01
8.144683225959878925e-01 -4.064608954145891850e-01
2.218651490891543343e-01 -4.813177589988633098e-01
-6.255717659649584483e-02 -3.468018502450940233e-01
-4.638078204154685302e-01 2.197047466572321639e-02
9.105687853464994319e-02 -6.756348699328262875e-01
2.026701807973794178e-01 5.235982151136742146e-03
2.088366879973106993e-01 -9.596670475306383619e-01
5.210619168019903213e-02 -4.049621290216696146e-01
-2.573705567507613701e-01 1.080826982536575720e-02
-1.818637602826957966e-01 3.091171311788316611e-01
1.751595978076776472e-01 -1.269683963842154206e-01
-7.034073877867057512e-01 -1.309425073485088742e-01
2.450133281039625910e-01 5.676094098379325104e-02
-7.258502682196543709e-02 1.972583129216043396e-02
-5.069049113006709462e-01 4.571056061479050747e-01
6.398108234311099540e-01 -4.936581432397182390e-01
