4.408915828007791138e-01 -4.018554765472590606e-01
5.950603931945483982e-01 -4.102966616486103391e-02
-3.126501026056047738e-01 -7.037205360754070771e-01
-3.939830888967112976e-01 -9.661104143348486772e-02
9.177813206307101623e-01 -1.658453759215203771e-01
-1.343308201830994975e-01 1.726295099226211605e-01
-4.657858149300324602e-01 2.304412137244187253e-01
6.990000991442879563e-01 5.065379130593268275e-01
-1.148445937417972296e-01 9.364160277105428865e-01
6.375135686334776342e-01 -6.567398410655926888e-01
4.374464942838096615e-01 3.959479403637149453e-01
5.334424246880344889e-01 -3.846258515531324473e-01
7.252538016897269735e-01 -2.788121636735496622e-02
-3.615207211924533759e-01 7.269081864233037926e-01
-4.955940864929255785e-01 3.057390662070929022e-01
-2.378253135331709345e-02 -7.536386910340162615e-01
4.238846848531785394e-01 3.378382418703937962e-01
9.287195988180563244e-01 -7.998311058214757630e-02
-8.581840128225028952e-01 4.193537502887207946e-01
-3.548047284125082079e-01 -1.896677114810001452e-01
-2.058945890119410205e-01 -2.496931622881768398e-01
3.602601494728694398e-01 5.487244565976907573e-01
-7.190138788902848965e-01 3.882088963126495429e-02
6.628598061510841966e-01 -6.488731369771914004e-01
-8.740663781228819040e-02 -8.201933793089288827e-02
3.102978298244987165e-01 -9.434476865213019536e-01
-5.189754739444680798e-01 -1.638340389992114510e-01
1.474933039056969264e-01 -6.478723429387032162e-01
-3.844577924554994919e-01 -6.565454433366491038e-01
-1.192260181532116547e-01 -9.812777688803704379e-01
-6.124900042916090470e-01 1.569863490692831043e-01
-1.918225322296249757e-01 3.184791333873551178e-01
-8.566027871395078819e-01 -5.145997577832486236e-01
3.199324005303747498e-01 6.755651456977542768e-01
5.896770244374760495e-01 3.635909904307350615e-01
