3.550127113187642180e-01 -4.635596905637446863e-01
-7.119560512433005250e-01 -2.540569204812357373e-01
8.722932514158054929e-01 1.576503216140310304e-01
-5.309125537613819112e-01 1.003849087619721470e-01
-7.677194264061393270e-02 6.806885599600358550e-01
-7.938712166063430775e-01 4.386537456932888546e-01
-3.808083524437173573e-01 6.619100999842915112e-01
7.505414181764784587e-01 -6.019900780163811582e-01
-5.152727788791340302e-01 -6.138763807043505771e-01
-9.124581049791491427e-01 1.678743982365897836e-01
-2.285319845794409055e-01 8.644017482043555578e-01
7.319781777699354564e-01 -1.903410388141701937e-02
5.226150607975925677e-01 3.082182371240302921e-01
1.053902617001987174e-01 -8.766877359664508873e-01
7.328128959734239167e-01 6.792095814502254747e-01
3.955270393254672889e-02 7.656903561654444523e-01
6.266062766155924280e-01 -2.680760832343338507e-01
1.867982040584224013e-01 -6.871026142424903060e-01
6.590775725773501126e-01 -4.494608983145205183e-01
-2.279260024812801433e-02 -2.438156533333080134e-02
5.624794442160865326e-01 5.845800022686913344e-01
4.558786948029769359e-01 6.162888046360404104e-01
3.985085785285231719e-01 1.520872667691650637e-01
-6.226897220301721436e-01 2.221768849033067816e-02
-5.824228999338678658e-01 -7.685268674095950825e-01
4.128290536324250581e-01 -3.665470872524823065e-02
8.522006398161252605e-03 6.362446857333865502e-01
4.831891187459416148e-01 1.894006478923377923e-01
-8.530892047305198567e-01 2.030992389180619195e-01
-2.084562653717596525e-01 5.008778439351204703e-01
-7.646496274848337826e-01 4.938849576787553985e-01
3.522156472794046866e-01 -1.911852155355548977e-01
-6.768306112155790810e-01 5.437112907239101123e-01
-4.927990863716853465e-01 1.692561931559610766e-01
