-1.507209582896007483e-02 -8.540917936407574906e-01
-8.842609812543567038e-02 -1.614843390740403617e-01
-1.993124466194453603e-01 -8.260756761721610442e-01
6.113933917306257904e-02 -5.002741132401735680e-01
-6.431136504840357926e-01 7.653254655153052255e-02
-6.665289056669239098e-01 -3.617211964608548769e-01
-1.027085780104588508e-01 -4.539489558365967792e-01
7.845460323117974255e-01 -4.739549801327100909e-01
9.286458952035818726e-01 -2.121027776696839950e-01
-2.808717933153739299e-01 -2.698444649770888049e-01
-3.217596146856136485e-01 -4.703128791964445998e-01
-2.040560990355748672e-01 5.896812126302981572e-01
5.300820412630629086e-01 2.138269438095354857e-01
-7.613087516119667608e-01 -1.674882350128226172e-02
4.779388471389862669e-01 -6.706554761069121184e-01
-4.672311247233884579e-02 -5.073189403860280944e-01
3.329603527707420962e-01 3.504044166632918067e-01
2.710638082158027817e-01 6.859066665853184031e-01
4.007940799251143993e-01 -2.528076908447289828e-01
-7.346938893405292603e-01 2.417090123485281516e-01
3.222766082683137245e-01 1.659440070576325699e-01
5.171984496686325983e-01 -4.680647716580925710e-01
-8.531103805523660988e-01 -3.716022861198848837e-01
-3.940655870598537280e-01 2.552000303386472435e-01
2.991285257297418010e-01 1.445460266556186646e-01
-6.611606109259584585e-01 -6.843458731144689278e-01
-7.217379991187655719e-01 -2.761951380759222197e-01
-6.282267808469628179e-01 8.964488644029477982e-02
7.434818309119943791e-01 -8.872286284604768980e-02
3.558033797056219250e-01 5.186270195366424751e-01
-6.482028922504690094e-02 6.841175280504456779e-01
-3.749386450893059664e-01 7.113829291990105830e-01
-2.864813920808779724e-01 -8.639336694480412859e-01
-7.434223498909269257e-01 3.282365443807877536e-01
2.714615754508049594e-01 -5.494583360596934085e-01
-2.541410290766379365e-01 -9.287140790966978976e-01
-6.159287704126352736e-01 -5.497540557650932858e-01
-4.408385345614409534e-01 8.574279873021277698e-01
