-5.091612926956643470e-01 -5.092569193700646757e-02
-4.601725183457099355e-01 -8.370902122816175073e-01
-3.749840297755981933e-01 -7.779467011523328868e-01
4.263475590453891240e-01 -6.548581466644518567e-01
-5.550983817471935033e-01 -7.140060982980132032e-01
-1.521785002319284708e-01 -2.166593877201439255e-01
7.906360335139539508e-01 -5.851630338172191248e-01
-6.207413233187184520e-01 -3.301275158299594725e-01
9.452851548562657413e-01 -2.525068970449666494e-01
7.122557320250488822e-02 3.655224531664620358e-01
1.933121658559477929e-01 3.902973062880852329e-01
5.185715928791612139e-01 7.983174904293188767e-01
-1.948999430212272621e-02 5.329794673736087951e-01
4.354801627173277012e-02 -2.556551790828840431e-01
-8.320649031840692267e-01 3.619393357308631209e-01
-4.098613151068457583e-01 3.569819902594615346e-01
2.939408216788867989e-01 8.941868663532546169e-01
-7.174018585197854403e-01 -1.674523847376025998e-01
-3.251245380676135444e-01 3.360463835302693880e-01
1.573979618395402458e-01 -6.004637248083468659e-01
2.971689028585786652e-01 3.600203887581885365e-01
2.936966904811890711e-01 7.746523539639411648e-01
-1.790375101568817406e-01 -9.111858103164665046e-01
-1.625981797150271024e-01 5.235776890551062657e-01
-1.004941523387616886e-01 -6.543843867597849417e-01
1.224331332216244128e-02 -5.092896141097338347e-01
3.068022064107085445e-01 2.047416964768637992e-01
7.301267219842759726e-01 9.565117607486439688e-02
-6.790832630437138029e-01 -5.365331368762484843e-01
7.261225591365199072e-01 2.553386498479688349e-01
