2.090788013466298167e-01 -8.024594206707058586e-01
-5.848100157877003102e-01 4.380453594665496553e-01
-2.594380292007070210e-02 -6.018554479699500526e-02
-1.502348447209367333e-01 -7.167346097993692045e-01
-3.819495980329192797e-01 6.765659457577815061e-01
5.188599125289106162e-02 6.123199064629447630e-01
7.376761463995205048e-01 1.834406401847155088e-01
2.626807422896366706e-01 6.177640501198504719e-01
-9.035265597308361762e-02 2.612595031836342230e-01
-6.765894986226115293e-01 -6.362978092034328181e-01
4.892638848412784736e-01 -3.332038634494649543e-01
-1.038567874233615740e-01 6.959650208099565916e-01
-6.708002823452341445e-02 -3.353068899240905232e-01
-2.373518288845501978e-01 2.682965377705195387e-01
2.830014866751378033e-01 -9.125621843908835462e-01
4.105391939697859982e-01 3.491254450011089805e-01
1.460626387397065962e-01 -6.129783752602002700e-01
-5.660495851967293213e-01 -1.619899608542414438e-01
1.935656780028738311e-01 -3.035368932096869088e-01
6.002834091920932202e-01 7.001730489577857597e-01
4.340552731146876120e-01 -1.535418633333096583e-01
-2.452671210330470419e-01 8.752854465659809513e-02
3.925806536313116712e-01 2.307794663552573677e-01
9.834493694167445454e-04 5.448936093424798788e-01
8.031600549493276286e-01 2.398509307566598636e-01
1.751970814762360273e-01 2.775043045485241500e-01
1.049778475899429964e-01 5.926820692852696748e-01
-1.803970099324456733e-01 -8.989267490538304095e-01
