-4.238075951395889884e-01 -6.098835626517580266e-01
-1.690704390583450678e-01 3.108301750504049998e-01
3.664292273510367792e-01 -4.276467189160118032e-01
4.755940000029108550e-01 -8.399227550785239860e-01
3.091253796631641126e-01 8.910377528334072483e-01
-3.628907098099478645e-01 -2.132071051417845364e-01
-1.617380957969083433e-02 2.732821475378086618e-01
7.031360022903263562e-01 -2.161074575436638945e-02
6.495831886265768240e-01 3.618376297126491004e-01
-6.945371338876014100e-01 5.434507330478617337e-01
-7.949415270538346956e-01 9.901363771622295751e-02
6.082607459766409264e-03 -5.419282282758421943e-01
-2.086423910723156361e-02 -1.004584319526546921e-01
-4.429095771063826792e-01 -7.223326239384297853e-01
4.471569828974168992e-01 6.243887104500311924e-01
2.778046072525242050e-01 -1.455932168992868370e-02
5.855083687208391119e-01 5.558470853542190060e-01
-4.800970860987854305e-01 2.793044628670100504e-01
-4.398378735728873945e-01 -5.659395482075344486e-01
9.341122228161293783e-01 3.490632047324291332e-01
5.495164403756696014e-01 5.191746834563926161e-01
-6.284714914225357774e-01 8.274056516783589998e-02
5.632877638626498928e-01 -4.571511348383103801e-01
-5.379749494802732457e-02 -3.320094694773989552e-02
-3.782355416427245487e-01 -8.540419406099588606e-01
-7.410723567040786719e-01 2.116965992954240594e-01
-1.773019734668472847e-01 1.358123234975614491e-01
-6.215433721720455829e-01 1.784612037480532987e-01
9.064924803143825649e-01 2.191055569494133604e-01
2.772706703331813127e-01 3.203566416922420945e-01
6.557136815002457819e-01 -9.821457081486140162e-02
-7.558133481667035358e-01 2.943775378197941439e-01
