1.524323469508095386e-01 -9.676614978320714489e-01
3.599242133551394662e-01 -3.910641506502035014e-01
-8.708903470876170338e-01 -4.764072223206750056e-01
7.341723789128355993e-01 -9.054487578186165564e-02
4.106840798910460499e-01 -8.059303832752959806e-01
-3.675670812811402399e-01 -1.644768497768358539e-01
-6.138616542980976920e-01 1.003492126441052346e-01
7.214377922884529504e-02 7.665207497843922191e-01
3.133875026552397358e-01 3.634594841311220570e-01
6.738448651223416519e-02 -2.690976241686493520e-01
6.250885365479093014e-01 -3.888966770959993990e-01
2.749190179414171542e-01 -2.590890553389471052e-01
6.803628953859321982e-01 6.444597655554993310e-01
-7.224245857565714246e-01 -5.658015077168279117e-01
-6.247804645948888957e-01 2.479336121068460574e-01
7.091301903050699629e-01 -2.692703066164481296e-01
9.404627421920412900e-01 2.979188427242724924e-01
-6.206083400499249336e-01 5.170955757900170813e-01
7.024893226179362848e-02 6.067610094116244746e-01
-4.062982729298725282e-02 6.807863811743346538e-01
4.530152738488852915e-01 4.502353048437957028e-01
7.159452693459387174e-01 -5.450979722295272722e-01
-1.505969440038912310e-01 3.137451440441869632e-01
-2.110439875294740641e-01 4.039272039304033779e-01
3.698835870952752458e-01 -5.672081684408714075e-02
-3.592388181771124511e-01 4.373028989178306958e-01
-4.056346717112802036e-01 -3.559265632571415594e-01
-5.589013410277146043e-01 -6.248696441932384271e-01
-2.475912894387648500e-01 2.310333537582365260e-01
-2.526300058557369166e-01 -4.340676423726268496e-01
-8.855957983975462078e-01 -2.530869857122617361e-01
-7.933753015676510145e-01 1.724596765069423832e-01
1.798481110611782618e-02 4.024701987340362219e-01
2.465135021815325622e-01 9.220218236513910703e-02
2.298662390796939459e-01 8.795969719247032081e-02
4.770590852675142823e-01 3.637257564549607469e-01
7.793573114638476795e-01 5.408686554295458748e-01
-1.162248081802106370e-01 9.640180037199885810e-02
