7.751500437160789847e-01 -3.180068574914696189e-01
3.701244409574895311e-01 3.489063830620795503e-01
3.026395189291877230e-01 8.163639826557511636e-01
4.958815156296463300e-01 -3.294956740623431468e-01
-6.000913957171447599e-01 -5.869877415675126553e-01
-2.673180953272262794e-01 -6.761612451664351653e-01
4.221689204292049524e-01 2.866176607529469234e-01
-1.306792812680284133e-01 -7.487861372958426465e-01
5.424420354712342629e-01 7.893872535759631770e-01
4.557056973712800829e-01 6.549353715231931439e-01
3.888834675904975224e-01 8.210975483076350390e-01
-4.055328202223860146e-01 8.266353300564754925e-02
6.537254407497972153e-03 -7.550468009633146682e-01
3.555388073257585990e-01 -8.560426147769835126e-01
-4.638978703689575767e-01 -6.058130444009046656e-03
-8.058167559503370825e-01 5.353984447505624189e-01
-1.871346714002066758e-01 -7.877359498294962403e-01
7.447507516774178882e-01 3.659130146603504219e-01
3.606095819723154072e-02 3.778226634278849527e-01
-4.720815637900144246e-01 6.738277111918942186e-01
-1.489131964273049391e-01 -2.566867498796541192e-01
-4.222188705128804287e-02 -8.526743393982709751e-01
2.229573346734465833e-01 -6.519914774585755524e-02
-8.627915815220852380e-01 -4.250842855158973865e-01
3.672163475269001331e-01 6.963368428203764449e-01
7.859362976165962245e-02 -3.989986570243764241e-02
-6.840295453775258050e-01 5.310663497242760211e-01
-2.324503145232494905e-01 2.220284511781551728e-01
-7.275594610982820676e-01 -5.712683742571669221e-01
-7.519930026605190498e-01 -4.532809166133922041e-01
5.702938510150024065e-02 -6.611566470391274652e-01
-8.103407767914749815e-01 3.452757966654904642e-01
