-8.715302220384948395e-01 1.033903704623082564e-01
-6.610337948193711899e-01 6.810895916229926517e-01
-3.162847415880662982e-01 9.160263596129980534e-02
6.148880365165556583e-01 1.178567611937222370e-01
-6.840025634204369709e-01 3.489180960742443993e-01
-6.287871958023358854e-01 7.636054686563731320e-01
9.437683195715353968e-01 7.809748837358720941e-02
5.522573168669728805e-01 -3.309182756061979092e-01
2.500478573674298488e-01 -2.747030130043039975e-01
4.859186938924908716e-02 6.162625167753712496e-01
6.225469571149171433e-01 -2.069346814202612794e-01
-5.284326355376818274e-01 -1.874759583698537568e-03
-3.633335031318647435e-01 2.971348525904757842e-01
2.792319607432947048e-01 -3.691258091828402144e-01
-3.861259851851139846e-01 -7.471236470487478964e-01
-2.991970096791085609e-03 -7.157849726949463420e-01
-6.381030408528536313e-01 -6.929347742631073448e-01
8.607290794924158384e-01 -4.737749240468296374e-01
7.540625424872495763e-01 -6.239750460895125972e-01
6.503917161063164087e-01 -3.209629654089536377e-01
8.526714371949632998e-01 3.482475614175348788e-01
-1.012278230668519630e-01 -7.385584266265299291e-02
-3.745892931560561578e-01 -6.817582132951465201e-01
3.008535689494549192e-01 -3.124954792829623962e-01
-7.231609743554026082e-01 6.434364732322412905e-01
-1.393726526285021805e-01 -2.354338007912093467e-01
1.363640244051040895e-01 -5.294734013248987292e-01
-7.205356475481239364e-02 3.964258469970849408e-01
-6.388176931309068607e-01 -3.868012340758393286e-01
