7.038884553384856524e-01 1.205852382664338585e-01
5.603296139006632703e-01 -6.951444522261480685e-01
-4.641631610853105272e-01 6.257715200199029937e-01
-7.864433519142406404e-01 -1.892541961654850002e-01
-6.249366576315966704e-01 6.094824990396163766e-01
-5.748466824285702881e-01 1.979037092037325696e-01
-4.526441293745131489e-01 -5.976233592659403460e-01
6.857757836281794805e-01 -1.672165841592170299e-01
4.703093011077155161e-01 4.233741488321747237e-01
-2.126064258639881466e-01 -7.416923520379072876e-01
2.474854959242589469e-01 2.864216450307921491e-01
-3.556634958153845893e-01 5.859972281891325796e-01
2.018249077968481409e-02 -6.491530815894084316e-01
-3.500282614838190476e-01 -1.092854873204209820e-01
5.204027011300662586e-01 1.661789720053508113e-02
-6.763955952222824308e-01 -4.985872894523524224e-02
9.569626165296973852e-01 -5.623281215574671421e-02
-3.768190716409334229e-01 1.936310953798174861e-01
-7.500067107912571363e-01 6.111960640394442645e-01
6.818233036144483172e-01 6.653141678274505644e-01
-4.078823026771658533e-01 8.484934666179406726e-01
-8.594489526556718939e-01 1.350672191495361218e-02
-7.283501236194234174e-01 5.823449872482915346e-01
-7.346530421666881416e-01 5.944332572592319064e-01
