-8.293549149307004598e-01 5.246175163730748547e-01
3.599286536589332286e-01 2.692775590038463118e-01
-1.443186793338064877e-01 7.696371736133402752e-01
5.998449634608364889e-01 -1.186481864813533349e-01
8.730802120785765563e-01 3.092717925503407628e-01
-4.634482032100526450e-01 7.590946103947928680e-01
6.760137678522084581e-01 -3.707139672814774300e-01
-1.827090161092250753e-01 -1.843343148902638617e-01
-3.782285210065348124e-01 -6.828676504364359356e-01
-6.602649692563735684e-01 -7.254312862911316273e-02
-4.847969897701334130e-01 4.033879341819388564e-01
6.805818052558079145e-01 -2.177860272700549160e-01
-6.443368470871340126e-01 2.533319687870401182e-01
2.053530413038084923e-01 -4.605275855733932389e-01
-7.306855965491227956e-01 2.366027389485632071e-01
-7.945028166534795488e-02 9.304963153819392208e-01
-4.836224662826758003e-01 6.524753539677747849e-01
-2.217508768647469264e-01 -1.342263306686330981e-01
5.034783403955109815e-01 -6.273336654236749688e-01
-7.754610750617536574e-01 -5.537091543342671507e-01
5.943427389265121263e-02 -9.931331405929362255e-01
-7.604199815490095826e-01 -4.855205531536703756e-01
8.642929762666908822e-01 4.293156657957504230e-01
-3.920927044491506752e-01 6.184773029471166694e-01
-5.692665794575439975e-01 2.977385320821357428e-01
8.868076858969311527e-01 3.277527103359119121e-01
-3.363786249271196738e-01 5.543974298962015546e-01
-4.874878989515116778e-01 3.245877348830055187e-01
-3.984176579645042349e-01 1.293231886661425634e-01
-5.258948738423561142e-01 4.692103497641144649e-01
-4.049319370347292946e-02 -3.133350435811577128e-02
1.742951480150383148e-01 -1.319829985446880904e-01
