-2.069271146384328297e-01 8.717447491974177343e-01
3.477181916387031002e-01 -8.496108856805357767e-01
6.936357078902333217e-01 6.598237424420032582e-01
-1.979623859376007378e-01 -8.619240893620441213e-01
7.117254454331634062e-01 2.978550943774229687e-01
5.893535517759840303e-02 -6.118161348146644585e-01
8.919308174730082861e-01 -2.618382550756479521e-01
-2.341781569044301126e-01 -8.841761041573048541e-01
-6.400342530459870449e-01 -3.351847218152277375e-01
4.305836906512603424e-01 8.479046016771927263e-01
-6.881153033824150000e-01 -1.978709124480493298e-01
-7.249911200274010703e-01 -5.144216534702181765e-01
1.942056387590593847e-01 -8.290608466521647291e-01
3.121293686257908817e-03 8.500967461268116310e-01
6.219952455332933283e-01 4.170707418200692018e-02
-7.777685429646501447e-01 -8.239845882181007219e-02
4.618684634547383094e-01 7.117864162682956408e-01
6.294384405091690837e-02 5.600204300251987455e-01
-6.702951837009498703e-01 2.857827390566902714e-02
6.866685838063366631e-01 4.559567278309297755e-01
7.064726118555255674e-01 -4.217033946771955311e-01
-5.141308928615417884e-02 -5.720344749552521701e-01
2.751999684148411784e-01 -9.348111706632702411e-01
8.194953111667113710e-02 6.358522196845606267e-02
-2.322890484517745602e-01 -3.535774744842812289e-01
-7.610550326929375053e-01 -5.570540437420958835e-01
-2.560884545274877411e-01 8.564651624877896996e-01
-2.447767271798824140e-01 -2.794746616895571467e-01
-2.465660532116584758e-01 -5.350137884010635059e-01
1.918868125062056507e-01 -4.911760934907269949e-01
-2.791087715575253370e-01 -1.459572335631929008e-01
-3.974290310440111718e-01 -1.517598668675599338e-01
-5.291024056261726116e-01 7.572818897444251185e-01
-9.101002791202601472e-01 1.074446457332436378e-01
