2.776666762822088685e-01 6.010253852971492172e-01
1.226885631519767372e-01 2.332392215366398958e-01
9.801154543322285750e-01 -1.056027582825649347e-01
5.686187071060628817e-01 -5.564081377180372101e-01
-5.691189677487362708e-01 3.699151679492085343e-02
7.149271256811795539e-02 1.685090440365060172e-01
2.901468407795002591e-01 -3.110196077823070837e-01
4.991186697571547981e-02 -8.919719922270217261e-01
-5.233030772408451270e-01 8.807651186485387917e-02
7.034626352077417710e-01 -3.714963227370440269e-01
5.658446992540129283e-01 -4.207896321945636675e-01
-7.799462398389653828e-01 7.016836607445253726e-02
-2.567287747667195141e-01 7.392985783454901760e-01
1.267646094043297644e-01 1.727754026767316375e-01
5.019372142447944274e-01 -2.877901873300683366e-01
4.276759606315105877e-02 -3.851806768517673785e-01
8.678092065686100476e-01 -4.143626660688466412e-01
-4.195673379507387502e-01 -8.075213023239691257e-01
-1.580418885703462895e-01 -7.765535584180167650e-01
-8.580442009895259403e-01 6.679536893929616248e-02
-8.168977091177680450e-01 -2.906675382993093582e-01
2.610189181578230766e-01 -2.533369563618794729e-01
9.417783689231129518e-01 -1.206285110121412263e-01
