3.432589621873065600e-01 8.373045746530534128e-01
-7.113545348451826289e-01 -1.372754168404297648e-01
-1.852518544342549589e-01 3.980057563669125997e-02
-2.887217348477326695e-01 4.884086974994938934e-02
3.659688865394723489e-01 2.446237707996303801e-01
7.032666751106257941e-01 -3.436767099449868912e-01
7.030775960144461934e-01 -6.862914735575960101e-01
-1.762529705146660408e-01 -7.757141804773541871e-01
8.078219007122113826e-01 1.218919937081328619e-01
7.353644622850634693e-01 1.174587230469064103e-01
3.206056059630433275e-01 -4.259872939448343665e-01
-2.438004111500857718e-01 4.083996046093565369e-01
-3.771308063243210551e-01 4.078694814136905045e-01
-4.650902319260088458e-01 -5.493545047033612239e-01
6.107503667293956440e-01 -4.634439469955085045e-01
-6.528481320490775452e-01 7.357979155622742518e-01
-5.315864064196664796e-01 5.306756754636234863e-01
3.705325692880478972e-01 7.439719877054884467e-01
2.535465413654349742e-01 9.183796496212695004e-01
-4.493497149808112212e-01 -4.927285953459215051e-02
-2.192010073499361944e-02 2.099758276250089928e-01
-4.426834341406147288e-01 6.590928838406817647e-02
-5.240620830386411022e-02 6.233822614716131305e-01
-4.026165558163230518e-01 -5.773925981841507848e-01
