-6.104557755808666109e-01 2.153373159243974211e-01
-7.524640308719754422e-02 -7.438928767415959875e-01
5.249510214373054318e-02 7.462843221804114080e-01
4.463675465270728893e-01 -3.905217798199027701e-01
-5.342987271125656523e-01 -3.649172516660905696e-01
-4.222230295826203683e-01 8.955262840131412716e-01
-7.209925908372927239e-02 -5.624674641390055019e-01
-2.101356827702456354e-01 4.141776522928972692e-01
8.219898720146801008e-01 2.541605405049940369e-01
-5.415028596969160279e-01 1.073721772933964314e-01
-2.395960709709969993e-01 3.416240263512912989e-01
-2.917700866001655680e-01 1.082578392593074312e-01
-3.275616573940896004e-01 -5.716225453342966834e-01
-6.089205571130866801e-01 7.491338238604019484e-01
1.570488221647781124e-02 -3.684326517601517192e-01
7.151911136151842818e-01 1.778428305615056271e-01
6.281417165861955532e-01 -1.317955665892633910e-01
4.787532176271283024e-01 9.058038188567718585e-02
4.192958650108047358e-01 -3.751112736326989161e-01
1.172038755192339465e-01 -8.620376688996644887e-02
2.082127139328178167e-01 -5.915316208945626819e-01
-7.413701748477659059e-01 -1.080877506906219310e-01
4.024649206906942833e-01 9.109006878848631139e-01
6.471817931159662418e-01 5.254774521071430282e-01
3.932141207481407719e-01 1.444188273490851770e-01
2.805189413872712922e-01 7.931491116718536460e-01
1.602168249064916949e-01 -9.477551100724150857e-01
1.191035313569404064e-01 4.324135412707530435e-01
-2.874580873048058205e-01 6.217149369252463753e-01
4.801719803470629877e-01 1.608318547399507636e-01
4.147009424999885674e-01 8.169698522254460471e-01
