1.100010731372935702e-02 -2.897660056999082911e-01
-1.529615804628225995e-02 3.189644211667101992e-01
4.204799268117787037e-03 1.049430662353438848e-01
-4.582462476524471473e-01 5.241392912774431867e-01
-3.197914641345245279e-02 -2.369544862220789305e-01
-5.191040684522558735e-01 2.246913973171491552e-01
8.915444711879199069e-01 -4.683173305597865266e-03
6.918807129263628841e-01 -6.495059181430986595e-01
3.994853588225539820e-01 -3.176022901950468214e-01
-4.908938285007502511e-01 -5.759856825823714832e-01
-5.565096525431885155e-01 -8.283060973794815762e-01
8.043059026105487952e-01 -2.120632881727642083e-01
8.249908973641637555e-01 -4.787501735948545001e-01
-1.619072677208928113e-01 4.918351748967060288e-01
-4.988664032620673261e-01 -5.556472222478310297e-01
1.232062115816561221e-01 3.079563794098951757e-01
-1.596632575791323561e-02 -8.003991169979498554e-01
-8.521264613533985344e-01 -2.782026750887689470e-01
4.065761983238442845e-01 3.180568300252180070e-01
6.340171416895579171e-01 9.850367914233681965e-02
7.580149640895905705e-02 4.151549750111782622e-01
6.409314595440311901e-01 -6.202318316863542069e-01
5.391934551663775110e-01 3.280897797173465413e-02
-5.644828452856207601e-01 2.329290236771166533e-01
-5.620325072407434952e-01 -5.816489186568873926e-01
-4.040814178438139059e-01 4.867231080441809521e-01
-3.067387502367102670e-02 9.972924876299471553e-01
2.547929789279643753e-01 -5.069569321155515951e-01
