6.700549652109826226e-01 -1.108398581906577807e-01
-5.014173146360620947e-01 1.133232531362438067e-03
-4.127412969996346881e-01 5.633696854864278514e-01
5.387180036441348019e-01 6.057769118274960451e-01
-8.437780318697041260e-02 3.154055390817611659e-01
-5.882453409037637915e-01 -6.806831199787888309e-01
-2.392728750410051397e-01 5.288468254877654040e-02
-4.859455047888219248e-01 6.898170782050216943e-01
-7.831691542111807181e-02 -3.411665482552050932e-02
6.934608982897509932e-01 -4.875838350434491542e-01
2.364273880752372214e-01 4.382258324458994103e-01
5.648216692254186544e-01 -7.552940332765976095e-01
4.786703823799500768e-01 -7.836264610573935308e-01
4.468353653422618699e-01 -6.648484937985250642e-01
5.512410369316553815e-01 2.107887332711846362e-01
5.591312127429897139e-01 7.808246845809674319e-01
-7.120900255165403259e-01 -9.915927187547657340e-02
2.194780638339028922e-01 -4.585995792519854675e-01
2.728538599638572482e-01 6.031538570398664589e-02
1.868744457602735665e-01 -1.140427376612129784e-02
-2.325634833022183212e-01 6.640593131171050878e-01
-3.796242816957835498e-01 1.694795555560055789e-01
6.414451579199420550e-01 -7.575665943577076789e-01
-5.917126114616073629e-01 -8.901963561243442236e-02
1.125009155786622639e-01 -2.005736978074823540e-02
8.232860736541349755e-01 -4.361408117086387204e-01
3.304029519752282873e-01 -6.645074674204223264e-01
