-7.367905961010778881e-01 5.309961083647296576e-02
-4.014715053105313292e-01 2.230440684779222416e-02
3.458366448321616993e-01 -6.249624716453128226e-01
-5.582696399148019406e-01 3.901658486470280796e-01
6.445416088172566393e-01 4.089025812557907091e-01
4.340130958071188871e-01 1.988140411082865988e-01
-5.308712356117197828e-01 -4.102667052656061575e-01
2.032989890730307891e-01 3.375623962122558108e-01
3.954304194828586194e-01 5.120143784008712728e-03
-4.843224137544082097e-01 4.415711964603108441e-03
-2.581198841014540335e-01 -8.762771082707221382e-01
-9.343409109420928171e-01 -2.794278609972780103e-01
-6.064284472100567314e-02 9.511064821772856615e-01
5.242381588991469332e-01 -7.849997792168112998e-01
4.753631272349110315e-01 -2.780047835303975923e-01
-4.814196712201643802e-01 2.467678928116479042e-02
-6.693410337966700929e-01 -3.483695448409063200e-01
7.026372763810018185e-03 -7.976367547977369910e-03
-6.191693265773947630e-01 7.137302565320509107e-01
6.661256989333630418e-01 -4.594721290108032541e-01
5.789956805337637125e-01 -1.415566808291797152e-01
-2.893793769718215891e-01 9.528390034707099332e-01
5.493756730200671790e-02 -4.530244674063454990e-01
6.853685153744804026e-02 4.896101813446156470e-01
-4.004063578622139019e-01 4.856094623455358139e-01
-1.139116563981645847e-02 -5.758266809488736815e-01
6.314925113112048738e-01 -4.739801100364438025e-01
3.691029670786651895e-01 -5.370046373641992332e-01
-7.542467302780373473e-01 -4.106135953583280873e-01
