-6.041877655848559847e-01 -6.333831346679235086e-01
4.379250477319285295e-01 1.352407404989575124e-01
-6.238698327786196263e-01 -5.097368899984693336e-01
3.896285792249438718e-01 1.344117742900521328e-01
3.521179501975697512e-01 6.052878099165335257e-01
-6.368300576378593814e-01 4.248256850597849077e-01
3.606585914853008834e-01 1.134598624665212885e-01
-9.363893280393731366e-02 -2.837976862308768666e-01
6.722049507804264135e-01 2.574014096851171551e-01
1.265869131487877830e-01 1.971555980752583981e-01
7.111193712627186247e-01 5.636542323456179560e-01
-3.874418391854819177e-01 5.163452959236076723e-01
-2.448457031940640682e-01 3.036074974790103909e-02
-3.877613016236924892e-02 3.292613540238131797e-02
6.800738143473117336e-01 -2.475542500024843218e-01
5.072822530758689386e-01 -6.459999129542204344e-04
9.449051019884089353e-01 3.170268623623762050e-01
1.086196168029156528e-01 1.465309927521174505e-01
-4.657714452340191436e-01 1.385937652774946738e-01
4.574693968461105431e-01 2.269161461914128708e-01
-8.350048090665067591e-01 8.805383425803769981e-02
-4.475575227185857319e-01 6.227839012265357077e-01
-7.101076449569865279e-01 -3.028245596071250656e-01
-4.784657954904996124e-01 8.359829393699835798e-01
-3.313702554353583629e-01 3.008062783696408005e-02
