8.557511113638489597e-01 4.859302002874499316e-02
5.362160586228410519e-01 -1.470091204802106422e-01
-3.220975971390322989e-01 2.437553950300541672e-03
-7.650283383914844304e-01 1.365652257216189991e-01
6.981418069045819408e-01 5.033007748879154697e-01
-7.348793173946055468e-02 9.798819614040321646e-01
6.190817256715979156e-01 -5.718552741859110888e-01
5.705746088667200677e-01 -4.093521903697969755e-01
-2.376841962928808449e-01 1.804846638275294790e-01
-3.124449374806379520e-01 -5.650425559760745564e-01
9.692107314351621206e-01 1.209106953669039086e-01
7.054727487574774525e-01 2.435538643624550748e-01
9.705782058098926246e-01 -8.791720422050008921e-03
1.290753722043973539e-01 3.409397308376187485e-01
7.298618984248661512e-02 7.033008839783920774e-01
-6.449745513413125408e-01 5.053029224884992843e-01
7.405689475849035475e-01 -9.197767504504472669e-02
5.550128185034026718e-01 6.511633313153704083e-01
2.528421911824558777e-01 8.951142200696651230e-01
5.901726435317951047e-01 -6.251455017389540014e-01
1.560841021507761717e-01 -8.116940050756706881e-01
-7.006919587962383567e-01 5.709888948895247562e-01
2.352702521719840512e-02 -8.917147786020884759e-01
-3.856230763255590333e-01 2.914345290017870127e-01
-9.964495850839032443e-01 -2.675700141323034131e-02
8.792798867134037355e-01 3.341547740171413317e-01
1.130870100737528805e-01 8.580022029568834530e-01
-4.585526190572262184e-01 6.507381584439344557e-01
-6.440239748056841851e-01 6.452866430530110886e-01
5.839514480143042086e-01 -5.947773690191811014e-01
-4.289359176670557439e-01 1.285490705966843006e-01
1.769889503338177850e-01 3.562486681011289846e-02
5.045457839595641758e-01 -1.687631393530015789e-01
-3.182705231161047088e-01 -8.418847921406507062e-01
