4.620116166288559256e-01 3.112415444446345880e-01
-2.073983644904142665e-02 -5.916510114884232507e-02
-2.854985113041477174e-01 2.407214025304404981e-01
1.002092069891871162e-01 7.463388826513948082e-01
-2.775440234368591330e-01 -3.085382009321062657e-01
-4.591008459853715973e-01 1.769634027971234147e-01
-9.663282894365665676e-02 9.424387269423095681e-02
-4.190129881678816837e-02 -7.288382511349302817e-01
1.150223737339972629e-01 3.636920605707749665e-01
-8.595668028204692668e-01 4.460415327288551612e-01
1.037362313411582804e-01 -6.427779847521064571e-01
7.043108802890900577e-01 -4.730117311202588493e-01
5.881428709558140788e-01 -3.776222779199056578e-01
-6.094900722989351483e-01 -3.014377946414841247e-01
-2.923532679169591475e-01 -4.186069347796579354e-01
6.843657148907240639e-01 3.522027978782737989e-02
5.420315720421557959e-01 7.220116595936316717e-01
-2.617027781960177268e-01 -2.531722123192643448e-01
8.970084563289157931e-01 1.722112037751033498e-01
8.208078691117466352e-01 4.153846031829613317e-01
1.210776559482815706e-01 5.916114737320412598e-01
5.003003864185573413e-01 -8.399225691801956994e-01
-6.935494518719065304e-01 3.778976370775866123e-02
-3.634786969672163526e-01 -7.215023345746904848e-01
5.377447902411029990e-01 5.002575381064378046e-01
-1.371198393800161508e-01 -2.702115690473412268e-01
3.421121554182389168e-01 8.027649998500843154e-01
-4.933693584121006115e-01 6.699633979361530045e-01
-2.118790106038965781e-01 1.119403897984612151e-01
