2.326895251028677780e-01 2.848855223357937838e-02
-1.489920220762841474e-01 7.311638760747773969e-01
-4.763122628976195205e-01 -5.748895171766834622e-01
-2.694970255072985932e-01 7.104728584147115278e-01
3.626901056070159779e-01 2.327747515884153184e-01
-3.317718168140535440e-01 7.164596170511432494e-01
-5.597803896045128180e-01 -1.587185354309657015e-01
2.982300699482369755e-01 -3.726815144002790792e-01
3.707310040761906400e-01 4.836518728508598652e-01
5.101376582633700973e-01 -1.339807769964376227e-01
-1.780517318735888033e-01 -7.977470185832968852e-02
4.959921565855085479e-01 -1.856079407074073817e-01
-4.117940830976609679e-01 -6.437618710223089735e-01
-4.647549394070917828e-01 8.830840902141716686e-01
4.359628073687431549e-01 -2.777276169464200084e-01
-7.313940240394740666e-01 1.044423265702694170e-01
-8.075074621114621820e-01 -3.115666746308933810e-01
-7.572787376022702688e-01 -3.679700889403481057e-01
3.111385080616235754e-02 3.732281873912566272e-01
-1.095613761683376097e-01 8.490825852807026841e-02
-3.375353620930487963e-01 -6.225080827185025534e-02
-1.088099436794620622e-01 -6.010846500944388993e-01
-5.988229092225230143e-01 7.408276868390042402e-01
6.596203592869187560e-01 -9.466779928626656293e-02
-3.015496960660037917e-01 -2.238736923670334722e-01
5.947074344243463706e-01 -3.872184333572452619e-01
6.245162726908450868e-01 -3.569540174836276503e-01
-3.375803572649609396e-01 -9.031653081233794733e-01
-4.979050135923204223e-01 -5.936223170907273250e-01
8.211938499174802342e-01 -2.755544832803844546e-01
-6.807818756588090991e-03 6.100516761894076989e-01
-2.611816398561035424e-01 2.088628663514602302e-02
2.209548770907154847e-01 -5.981273879057160681e-01
5.709922399222115974e-01 4.006141345801930154e-01
1.961429104901508680e-01 5.690499017062289333e-02
1.693271132621920749e-01 -2.349499500838545529e-01
-5.022473553761253040e-01 -1.403704102309522028e-01
