-3.580710959736401744e-01 -4.625176813706273204e-01
2.575018204307006897e-01 -5.537531655720366874e-01
-6.091432044686280189e-01 3.115001716473171367e-01
2.189977128299669396e-02 2.793749987637852428e-01
7.889844738416569303e-01 -3.022388518907956900e-01
7.519260286623825618e-01 -2.122790418834223924e-01
-1.306775147417149618e-02 1.467777286670126635e-01
-6.878609389899448257e-01 5.560873349272412725e-01
6.496447734333463675e-01 9.227199557905407801e-03
-7.234539424643537942e-02 1.769988919902685254e-01
-2.680006104223617847e-01 7.443423576954344423e-01
-6.780698958345383609e-01 -5.622823025287266852e-01
3.303314451999601609e-01 -4.306112739169383197e-01
8.456340066581806703e-01 1.074708266389252653e-01
1.202633145885361188e-01 -4.373189310046197154e-01
-4.879923536641168624e-01 -8.410613140372171781e-01
1.067282049419246981e-01 5.605996772988988130e-01
1.219182374377298927e-01 9.912662770721463179e-01
4.698393646928045175e-01 7.642987773423093323e-02
-2.884585286529268711e-01 -3.780416469785403688e-01
6.346927116225933307e-01 -6.065150195853405979e-01
-5.957110846225543987e-01 -3.810313121165267436e-01
2.706321291807345375e-02 -8.997400088088567394e-01
-1.674908143765925228e-01 2.138423799562683136e-02
-4.193079121560072675e-01 -1.933343400197100603e-01
-1.972286590105605253e-01 -4.172183332677659173e-02
-2.763521526661294470e-01 -7.390056392312154276e-01
8.691973960184256054e-01 -4.013569240577943287e-01
5.686367810288506242e-02 -4.416517082362489965e-01
2.119302370414997139e-01 -9.075401776838099011e-02
-1.644493323967322063e-02 -8.793921564084428155e-01
2.498634750090269474e-01 -9.221002016660062583e-01
2.707784314324761521e-01 3.333179917720556773e-01
4.865844682785154252e-01 -4.484505867018195868e-01
1.304096098522837810e-01 -6.449395871435006367e-01
-1.076955037701667894e-01 1.405823912098496109e-01
-4.500249091695152082e-01 -4.085586998583057294e-01
6.426422947696268650e-01 -6.082550393563579405e-02
8.500915219845861515e-01 -4.474387570858484597e-01
3.563054718791520692e-01 -4.132288145689133607e-01
1.357137328602775472e-01 1.353741804222949874e-01
1.869685307125559248e-01 -4.290535050219932423e-01
9.670615282828860515e-01 -1.395074667117301992e-01
6.626198228731983164e-01 -5.033285286633457645e-01
2.327810475508969024e-01 5.587805649342625358e-01
