-5.295790733199021716e-01 7.447543829883629396e-01
-3.092430702986097568e-01 -6.022321667441186133e-01
-6.803755154367840952e-02 -5.090321110258790860e-01
-2.697855799530950449e-01 -9.350683614419936784e-01
-1.130408490797623067e-01 3.635033593764056548e-01
-4.969100073707164444e-01 7.123792675704632149e-01
9.839923553990721494e-01 -6.719354052702275482e-02
-1.972556073563385137e-01 -8.309813319874792548e-01
3.395138566058721885e-01 4.956689831787164380e-02
-4.910558662069253177e-01 7.735012358980453140e-01
6.129407035951131011e-01 2.897609468957924594e-01
7.102926756824339272e-01 6.115212313136015876e-01
-8.452222118738166312e-01 -3.472280888713985547e-03
8.054726152106517212e-01 -4.501993350063202559e-01
5.012124771953836433e-01 2.874130679112913977e-01
-7.803982350958056369e-01 4.980432067946667374e-01
-7.907097571588073137e-02 -5.401110839261298313e-01
-1.679150122216084284e-01 -2.392034310246113904e-01
-6.990878299039371413e-01 1.879518854435362485e-01
-9.916307204860386193e-02 -9.539180609358335339e-01
-3.605548354464287453e-01 -4.707129615575282866e-01
-2.193760428418771724e-01 -2.295763857263308783e-01
