-8.650362942869860294e-01 -3.233157636442181015e-01
-1.674661719342080968e-01 -1.342388805158127862e-01
-5.472493133784119834e-01 3.769800208632756444e-02
-3.947948744841900393e-02 3.874876099641337834e-01
-2.993444472160140535e-01 -3.816783060708754949e-01
-3.737630374100984199e-01 8.954385617074693826e-01
2.300896775790872706e-01 5.118830073321356533e-01
8.625259639887750129e-01 -2.410169541327353837e-01
-1.743294326038051789e-01 3.783585801854867370e-01
-3.206484803743439027e-01 -7.851656876075598923e-01
3.942617834047408287e-01 6.260836490297401191e-01
6.599657576231665601e-02 -9.495729779496264733e-01
1.315719227138112402e-01 -5.037799859387561696e-01
-3.729876575695991736e-01 -5.128221991986230410e-01
-7.553077277758015740e-01 6.178788237198513666e-01
-4.730369344559415268e-02 -5.260853312835465090e-01
-7.987114794030485410e-01 1.210383261445486802e-01
-7.303798323047137053e-01 -2.884656369551972244e-01
-3.270959301091116433e-01 6.267402047718317881e-01
6.260371749467248392e-01 -6.075116070884816200e-01
-5.425428670176539736e-01 -1.558304676268524869e-01
7.654837113585326591e-01 -4.858486101849590622e-01
1.429203171404065387e-01 6.944213759422239729e-01
-3.617334618564915782e-01 -3.533367637560096419e-01
2.382230252792933989e-01 -2.947681923235510038e-01
1.409717077684791153e-01 6.702019785002406582e-01
-2.614010731604270443e-01 -8.553207768953146051e-01
7.818450604677722460e-01 -6.129379414065974085e-01
2.047080129949574445e-01 4.912255920589503333e-02
5.506920125607182026e-01 -4.471523259690139973e-01
7.140639349377826406e-01 -6.744773828764529799e-01
7.353518733175450350e-01 3.998237332991119164e-01
1.305442328316155365e-01 9.093921742179627010e-01
-2.188746800204250942e-01 -6.473959357964953476e-02
