-6.133454704953165137e-01 5.844521593983142971e-02
2.271887193718373776e-01 -2.208915179675430274e-01
-6.788912834372951011e-01 -5.956110620410079992e-01
-6.991935337744994428e-01 6.329002689870355525e-02
-3.812177331197263985e-01 6.470446758804664356e-01
6.860229963117410179e-01 1.153519401999463234e-01
2.730846021707520332e-01 -1.990061747117222168e-01
8.090143409287364751e-01 -2.688221638721226547e-01
1.333486784551090043e-01 -2.273056076707868911e-01
6.402314118155112421e-01 -7.227295080331508359e-02
5.252363557645463032e-01 1.653916771186632051e-01
3.874047968434830569e-01 7.482592917131105636e-01
4.950905227610709058e-01 -3.308277936189847335e-01
-1.211884453879068513e-01 1.239827764172334312e-01
-4.000657621329448688e-01 -7.200040092244031076e-01
-1.700949393503137230e-02 -6.395676482131142926e-01
-6.434249842299375466e-01 4.604876944292459751e-01
5.268948674714701852e-01 -8.406536524216730033e-01
-5.911765906611567978e-01 -3.546437525408789870e-01
6.316679114589627275e-01 7.544885457907035686e-01
2.445772903766640916e-02 -4.951144012787267457e-02
5.708290575899999109e-01 -7.316410165008460087e-01
7.252693554271332221e-01 4.116249268927711924e-01
-9.680856148996677124e-01 -2.075683384708681967e-01
6.457644693823489934e-01 -6.176790089941746054e-01
4.083983012185965489e-01 -5.416440807342564057e-01
-2.715875409552730435e-01 -3.957987029536458312e-01
-5.164906644192499563e-01 5.765593001047382149e-01
7.808243040383453515e-01 2.422096277252414609e-01
3.985358707428456881e-01 -4.388113568850462443e-01
-8.810333642725529657e-01 -1.155888064549412952e-01
-2.131831725150348245e-01 -5.936583314196413053e-01
5.083510049179404966e-01 -6.802881010926349337e-01
