3.275562495813972852e-01 5.511120388612440468e-01
2.548832774624423259e-01 7.500368296202164498e-01
-4.281538634421433454e-01 3.088795824659946732e-01
2.149235001739402406e-02 4.657329124848499369e-01
3.801833029931760422e-01 -7.109383735403049798e-01
9.247290128561844735e-01 3.391282368733454788e-01
1.638464804690773491e-01 -8.380825747054565511e-03
1.451201791683851550e-01 2.627313100109849309e-01
-7.376891581128719455e-01 -8.196020332651432483e-04
7.024806114885833175e-01 4.539298541771534801e-01
3.551360110598476005e-01 -3.704337493399014747e-01
1.042985877847217857e-01 -7.134720039253141799e-01
-1.120879949057560498e-01 5.572295835434188938e-01
-2.782194721385371494e-01 6.443585764301549279e-01
-3.013149026148767007e-01 -1.864991094645980230e-01
9.793522514552934766e-01 7.121345665535172564e-02
4.814768970852383312e-01 -5.430927345362301928e-02
8.967821226501309084e-01 1.161303184750337447e-01
-6.106049410082534656e-01 -7.542637191617185266e-03
1.851290242238214923e-01 4.168786899216707642e-01
5.186637259065711714e-01 -3.159523115931801573e-01
1.226397145270186062e-01 -8.588828041640481636e-01
8.088516747815208685e-01 3.611398290694063373e-01
9.222242462850516187e-01 -1.625046120794753080e-01
-3.029631923787052816e-01 1.737460622647164499e-01
-9.300122163637585260e-01 1.190912904477270384e-01
7.723319683368969901e-01 5.150244515425028702e-02
3.964942209473363288e-01 -7.156071389738787314e-01
2.276637987943772590e-01 9.200009518488962978e-01
6.918803225323322259e-01 8.723980337488357328e-02
3.793185963187766241e-01 9.096837351548834327e-01
-3.860408102271926101e-01 -6.448462807140700193e-01
