7.291511080596408956e-01 2.559819944132859515e-01
4.339209371786785230e-01 4.348790667006992017e-01
3.821357801020595080e-01 4.314195919916745670e-01
1.288793441587616773e-01 6.049589119614473542e-01
4.539207517048036156e-01 -4.275569090217863355e-01
-2.698678869140498371e-01 -2.648718375693115412e-01
-5.516289852930953419e-01 8.025471559355679130e-01
-7.525096112841451745e-01 -5.720985615317086825e-01
-7.225400079563362166e-01 -1.552360863892527920e-01
-1.472839288984502115e-01 1.855069277854750620e-01
4.845496123469117400e-01 -2.194384895831174020e-01
1.996181614263561332e-01 -4.425455478457054337e-01
4.110062961766940415e-01 -1.998211312452675692e-01
2.335123125867883953e-01 5.065787855158352393e-01
-5.735839805259246305e-01 7.736820970128894803e-01
9.808054227394034097e-01 -7.401821422487930846e-02
1.255421026282068642e-01 2.202765785927180975e-01
-4.522970920796829386e-01 5.363960508529790339e-01
5.824153679547443563e-01 -7.724442064777439221e-01
3.031771374355871629e-01 -9.345182975236494549e-01
4.621970272768138877e-02 8.615365255863720595e-01
-3.258888192771780545e-02 -2.220937122542705477e-01
-6.279545096903460522e-01 -3.540671629690488320e-01
5.222788434636285171e-01 4.582759725972427312e-01
-8.037744364439329825e-01 -4.616326006700832707e-01
-8.975641509702692034e-02 -7.263226304813461542e-01
2.374344123550198304e-04 -1.246270288096285039e-01
-8.098055784897659759e-01 4.487983345102053434e-01
7.881386976146642631e-01 1.055538300570986188e-01
-4.163604426125675495e-01 -9.158429598108130953e-02
8.681337742992134565e-01 3.848042492518022328e-04
-1.900846834741469760e-01 -3.150745744609988463e-01
3.754256994142246562e-01 4.802518177246630771e-01
-4.302450938404174252e-01 1.224031087811705554e-01
-1.834178635642322863e-01 3.266405373768275222e-01
-5.714942071487247865e-01 -2.690924729539874161e-01
8.948077816097144144e-02 7.014816180367331455e-01
1.505672472275192408e-01 -5.248993512980497655e-01
-4.336421483886487849e-02 -9.855682322997245670e-01
2.300467067099207785e-01 -7.759890423379449675e-01
5.355461228949391916e-01 2.523697422981363570e-01
