-1.425997910110170519e-01 -2.285162152331767782e-01
6.789202010121457853e-01 -4.841364331320152647e-01
4.848310588844984004e-01 -5.598135458152158073e-01
-5.595468602689208648e-01 -5.795728066091430097e-01
-3.603750924623421170e-01 -3.643849168710164843e-01
4.450286523418487405e-01 7.730788084289303974e-01
6.157713226392740324e-01 7.195752549770140227e-02
4.270011898530534644e-01 1.948625755715445163e-01
8.237443628260403550e-01 2.380697507609477181e-01
8.238697791757783051e-01 5.397523579884508926e-01
8.125937794451481011e-01 -4.612053438882577350e-01
2.553754136125736540e-01 2.427466173141730188e-01
-1.813419793987198769e-01 -9.680379952905671104e-02
-7.499124508640562237e-01 5.565468957399926087e-01
6.721069101301726523e-01 2.926156580117051931e-01
1.730063222999926875e-01 -8.851537068326147395e-01
3.242646855953879026e-01 -2.848313403751525641e-01
-7.227692615980656488e-01 2.914355337614360497e-01
-3.707306302682211729e-02 -7.325208129696716419e-01
7.522968525587399036e-01 2.245963323417952129e-01
-5.377025985232455341e-01 6.583911762775191967e-01
-1.881037347537182214e-01 -5.342936961405739815e-01
3.062488946821573244e-01 -9.278646215232788652e-01
-5.369221900175586981e-01 3.417609442597997482e-01
-4.765365807572428114e-01 -4.470590583572187082e-01
3.940525204958942318e-01 -6.362024278460634008e-01
3.079174327816769363e-01 9.693443631577114417e-02
-5.993307232452445010e-01 -3.831311301520050616e-01
-2.370097643036310764e-01 4.741030347825234692e-01
8.821530551959222421e-03 -6.541271243832629256e-01
6.213160075299382079e-01 -1.721354320788899273e-01
2.750080639850500663e-01 -5.897756605674828734e-01
-9.523542713197494791e-01 4.699847371642351668e-02
