-1.278716783104643095e-01 -6.821498193666692966e-01
-6.871538466789131050e-01 -6.474538368922702070e-01
-6.502084386828395068e-01 1.440685672936594663e-01
-5.080932558910382646e-01 8.006215917047214692e-01
1.574923707324935584e-01 2.020383488373211911e-01
5.460051483322514443e-03 9.662651187660324936e-01
1.740301598414313311e-01 -1.444593848482120801e-01
-5.251499188176276256e-01 2.693707503574485074e-01
-2.554275790375710731e-01 6.113746727118789526e-01
1.802809484524083850e-01 -3.637462193403542265e-01
3.271748993859602272e-01 -8.424425031993478807e-01
-5.365361244804378593e-02 2.294626973147444460e-01
-1.323748964089384028e-01 5.387598774273332225e-01
2.402004377432471749e-01 8.453489747034632629e-01
-1.339850883906628098e-01 9.213717418694260530e-01
-1.423985187039362721e-01 3.073171082505561369e-01
-5.246925386048739703e-02 -2.616940936682516927e-01
-1.601199669907487078e-01 1.807022798090383020e-01
-4.781069602447769462e-01 -2.889882429791608143e-01
7.950971419004400076e-01 -4.656107693497129052e-01
2.107608540204637393e-01 7.932631116063342258e-01
-3.587567586805149311e-01 -2.141126694475836700e-01
-4.183459122771486793e-01 -6.939303139280412758e-01
-9.785165651725691305e-02 -1.757627157747057023e-01
7.156795971324949601e-01 2.941086920250215453e-01
4.966400235556398535e-01 1.969356204126593290e-02
-4.436979980201045670e-01 6.220101636237493903e-01
-2.865479520589730988e-02 -9.393316127719320008e-03
1.017232504727887399e-01 -6.643365401817939997e-01
-2.473767659100856164e-01 -2.167927441028414393e-01
1.355712391426489027e-02 8.790989674875828719e-01
6.877716012587362648e-01 6.774707716344874342e-02
6.061042613903389054e-03 -4.824275758655720558e-01
2.755847264105768524e-01 -1.716668827000922271e-02
-4.434671030242631762e-01 -5.632698751376152835e-01
6.966579856810533045e-01 -4.519039887665390332e-01
-9.059613832230750674e-02 -1.938673983352050545e-01
