-2.567515318711184324e-01 -3.944534532665322502e-01
8.041396428346090364e-01 -2.794652853391970115e-01
6.879592219017804933e-01 -1.795315776053165724e-01
3.792455865150128336e-01 1.544726302578773858e-01
7.367281496143749386e-01 5.933637582951400979e-01
2.048084074409499689e-01 -3.038341129323327561e-01
-6.101324695536614051e-02 7.846559046952257255e-01
2.138502026568345205e-01 -9.464381107936654658e-01
4.964336147471060112e-01 7.142946984216678175e-01
2.117161117729045028e-01 3.799420925446701514e-01
-7.202719773758432531e-01 -6.193759518281045651e-01
-2.156234398345524550e-01 6.178609639696746036e-01
2.112696381162031400e-01 -1.100337124348633733e-01
8.670367664829807808e-01 1.442999194301832766e-01
5.520399390771637549e-01 4.461319959793581535e-01
-7.737312038828296767e-01 -4.783024781982121443e-01
-2.510564937502544058e-01 -5.201133340311334674e-01
8.781367332429845796e-02 -8.790570600967742010e-01
9.090777402723342338e-01 4.092427275039360879e-01
-5.644478042426421815e-01 1.357293650901822968e-01
3.938264095431809331e-02 -6.955170433808364194e-01
-2.912976447417214843e-01 7.717322904988590526e-01
3.752688660172160962e-01 -2.345889360918196331e-01
2.222348797813298305e-01 -1.224775560862090273e-03
-3.662789197209472825e-01 5.335533828666849665e-02
-2.364724843630348072e-01 -2.375905729234479846e-01
-7.453517993644820372e-01 -4.454153995109257913e-01
-7.659283809294703538e-02 -1.507843016022687443e-01
-6.238244409345179431e-01 9.321566361765731834e-02
4.822438639737420818e-01 -1.372415124916646079e-01
6.683656433927178675e-01 -6.841355256242069860e-01
-1.796890629403697925e-01 -5.365668215684691322e-01
-7.311737914823535078e-01 1.774383670345753838e-01
5.675583499371290586e-01 -7.742885539212340795e-02
