-2.177041115230686774e-01 -6.028954446625454100e-01
-2.665226502026980526e-01 2.241666825677144370e-01
7.292618023774741776e-01 6.689996551229926425e-02
5.679890574162078654e-01 3.347330308474349980e-01
-7.800747552954678810e-03 8.613796397387216697e-01
6.850084713316721974e-01 5.929331042400476370e-01
1.905335599118878065e-01 8.940859356324368790e-01
5.320138456034479990e-01 9.794378262609759744e-02
5.351186176895805779e-01 5.745381237217463966e-01
8.359454926136422603e-01 4.133430931144508325e-01
-2.921122179982784672e-01 3.443514639189699800e-01
7.533457612635459100e-01 -6.192249228505937175e-01
-1.563654386795529927e-01 2.719502027551179424e-01
-9.279284503819686947e-01 2.103911931992326068e-01
4.511790591607380829e-01 7.901115293136566908e-01
-4.406444204340451698e-01 2.396643755764671369e-01
9.737747568001802190e-01 -1.966833130733380841e-02
1.726601614752671932e-01 5.734832330928039124e-01
8.735080058415767290e-02 -4.531007025320776815e-01
3.181542828428047809e-01 -4.104062395924892304e-01
-4.722432062477444070e-01 -2.752203608055074913e-01
-3.528385197011310037e-01 7.710071228802160004e-01
-4.395588344591550012e-01 4.907494048885570059e-01
4.425894492468227526e-01 4.274289616505315692e-01
7.129139763365142102e-01 5.013007636192703398e-01
