5.928074782921701757e-01 6.590880429746741598e-01
4.669381538481511829e-01 6.698434684666136896e-01
-2.857753464771395358e-02 -4.906505286882376637e-01
-2.016272408960653184e-01 8.193979852365547156e-01
-5.564224714715395592e-01 6.940255921227191926e-01
6.627177626926505916e-01 -5.015625298199912763e-01
-3.664194631171879823e-01 -6.650040001824553126e-01
1.843747737333205627e-01 -2.742755668263734403e-01
-4.273161070204978262e-01 -1.240470831399376195e-02
6.647351315906662172e-01 -3.092016685496603579e-01
-8.412412087219178769e-01 4.100537667449746237e-01
9.842650497512654972e-01 7.547055001108948780e-02
-2.072377452785030272e-01 2.115756414689105025e-01
-5.874092828657433429e-01 3.175211828369750577e-01
-3.540588694144819470e-02 7.608772145538329479e-01
-5.788039065787857762e-01 -2.582009579105852826e-01
-7.837530661901070950e-02 -1.053854515903651645e-01
-8.337172788524234157e-01 -2.633106189732357105e-01
4.467529031802122130e-01 -4.575017321816143845e-01
-8.398984457212146371e-01 -1.171407653231331114e-01
-7.378502716521737614e-01 -5.935224857031116130e-01
2.139204334140811792e-01 -6.151876310608015430e-01
9.009213642474414030e-01 7.766540942027377881e-02
1.621512566560674440e-01 -2.544757907723838031e-01
-4.229781800693441784e-01 -3.669938524107796418e-01
5.755816505757382906e-02 6.609997132037783718e-01
