2.195141974019638731e-01 1.614543542800745968e-01
-6.799240114794633527e-01 -7.284395511691525993e-01
-4.741035684178820375e-01 -5.385658198702003574e-01
6.844038798452782846e-01 1.815628948884127070e-01
5.738410773029527512e-01 -3.954309495511156847e-01
8.760224308893360678e-02 1.114628891655400356e-01
-5.629388069406040529e-01 4.543174676865802120e-01
-4.174983080162757432e-01 3.741361572249175538e-01
8.684770525586977818e-01 -3.767301265317026804e-01
1.174453982687291287e-01 8.000294522943334208e-01
9.117483791503702140e-01 1.392403262395280894e-01
-5.289592853378022319e-01 -4.533362593101548654e-01
5.253944045973819588e-01 2.999088072293638607e-01
1.930002295953991975e-02 5.817550675483764699e-01
6.031554318254432889e-01 -7.085535772987292535e-01
6.698940392651402398e-01 -3.537204831929467996e-01
-1.462056501872295300e-01 7.066162556884549861e-01
-4.158131287060722325e-01 -2.313894539743530654e-01
-3.174850435767753165e-01 -1.870539487676370349e-02
2.608007506788536656e-01 -6.380170737058461494e-01
5.208605933221648332e-01 -1.196939951223014997e-01
-9.106376817651777866e-01 -2.383354429481245873e-01
-2.439628493634886652e-01 7.401168215826767760e-01
5.726891455155991295e-01 8.117264658956850898e-01
-2.048603236733725907e-01 -7.010419824263824928e-01
4.422048894199233082e-01 -7.183252647778770594e-02
-2.996995623560323452e-01 -1.419504506945317157e-01
6.372942073675833541e-01 2.033515893935995411e-01
-3.568309426978311105e-01 -8.529673225450631335e-01
