3.986614293088468486e-01 -1.772969113669253804e-01
3.607775853739585425e-01 9.038779726501426914e-01
-5.941626573287539514e-01 3.235475069318973773e-01
-2.460188371451221823e-01 -8.990670667599980348e-01
1.963239263274283442e-01 4.893150939276782463e-01
-5.709195499471952928e-01 -2.225107472008565068e-01
3.845795670857670157e-01 4.868899824499048901e-01
-7.502662906467432169e-01 -1.606400497663658111e-01
1.141867022464957415e-01 1.100338425887747995e-02
8.862427464897013607e-01 9.436594126326358634e-04
1.728144693341766569e-01 3.434186347135468331e-01
-2.586751691202360259e-01 -8.979777190697251221e-01
-1.470608969625528673e-01 -4.286447490883595890e-01
2.824648171720944845e-02 1.788399097576556240e-01
4.017914430304603268e-01 3.765690656137787862e-02
-7.283832204527802556e-01 -3.001544918500924641e-01
-6.002179142109476118e-01 4.480930202905941684e-01
-5.428484291696389352e-01 -3.514423957907228946e-01
6.894797104262537779e-01 -3.573481264105651256e-01
4.907265480717093453e-01 7.626417694723215401e-01
4.777268726366623586e-01 -4.165763488842086915e-01
-3.793929942123503984e-01 7.490093123746077719e-01
8.103442600774142246e-01 -5.661710322972317577e-01
3.942893029654519488e-01 7.437786327343527404e-01
7.505456000612602541e-01 -4.984194402513364430e-02
