8.364260841081259112e-01 -1.587156818732169405e-01
8.828031503675060065e-03 2.753008087193913322e-01
-6.432687440729512041e-01 2.157189152698233414e-01
2.647769010455138794e-01 9.784282581850600735e-04
-7.673909297960026521e-01 3.552689142692218027e-01
-5.845931987363213178e-01 5.814926975598866399e-02
-1.428869177924767531e-01 3.457876725183948174e-01
-4.964383336580373562e-01 8.591548295469930707e-03
3.243375153317544779e-01 -3.489096286877262365e-01
4.918533596695078280e-01 -1.947586119923825354e-01
6.259299475069333152e-01 6.055774833840146254e-01
-7.299289437542999526e-01 -6.162353330625716108e-01
-2.299135896228055032e-02 2.067707916345964403e-01
-6.138098496569832641e-02 -4.310808978458138263e-01
3.452916504924163910e-01 8.941701188997708272e-02
1.609862183082042542e-01 -7.058863842085387752e-01
-2.835454903877312471e-01 2.087877809651597083e-01
5.167978776372188499e-01 3.651597298459969831e-01
2.190144551794337424e-02 -6.738351970885234632e-01
1.785860094182765145e-01 -2.191843165270188631e-01
3.817312306833398061e-01 -7.440060571952180624e-01
8.245728514343186877e-01 2.862122617314772910e-01
3.825956939402519463e-01 6.517274266206511957e-01
2.576862651662454873e-01 8.529322581380152091e-01
4.786655389714484787e-01 -7.709173945775162906e-01
