7.642230012426696195e-01 5.241637132937644328e-01
2.862680674793747215e-01 2.680992748855111074e-01
2.914516655286312208e-01 6.489991803620245303e-01
6.992400705147596707e-01 -6.727903508590640236e-01
2.508618152415942326e-01 5.393937060411648776e-01
5.549897730936999007e-01 4.623344663526758325e-01
5.161027974342595748e-01 8.090411495310072532e-01
-2.453422430810741073e-01 -2.428668457548515125e-01
-6.402849966164960716e-01 1.747427584193341765e-01
-9.150013609301896889e-01 3.899854526819250822e-01
5.722986603329907052e-01 -1.607509546343948159e-01
-6.769476207311171390e-01 -4.769310098155423727e-01
-2.500904928382123860e-01 -7.683601815766691878e-01
-9.749812678962961332e-01 1.170901131845820675e-01
-3.075995305962859749e-01 1.815948828386138025e-02
1.102363659855685185e-01 4.773596806168616258e-01
2.788188768977941656e-01 1.430707673586273376e-01
-2.627251190236237210e-01 -8.386269285238141524e-01
-5.903556271905441299e-01 -6.692838651626000779e-01
8.137165186278756401e-01 -2.393004254884349979e-01
8.558531377750533409e-02 -5.775556244245989568e-01
-7.466552748964794262e-04 2.917023002620204863e-01
-3.292287413535492924e-01 9.230318166318085549e-01
2.494460232058890448e-01 -3.441710947983132041e-01
