5.061107724980129507e-01 -1.082862237986579323e-01
6.276508868770904748e-01 5.089185451038211738e-01
-1.820727046278145522e-01 -2.306164635920138206e-01
7.016150401845704376e-01 4.259783223165884980e-01
-6.268455578257319250e-01 -2.022690172311221168e-01
5.994113302797901000e-01 -6.595466251335573293e-01
-4.009222230662410347e-01 -5.463868463961749633e-01
1.753990822233708613e-02 -1.104807709914523706e-02
3.495483343980421154e-01 -2.036583359797068393e-01
6.441466104313251506e-01 4.947107349162287449e-01
-6.236640029077977765e-02 7.698845913099170435e-01
6.070009370386457714e-01 -5.381735663617346344e-01
-4.714472370653521871e-01 2.832242542429626031e-01
1.088763612786372015e-01 4.830787703530996513e-01
-3.718651570029207765e-01 -3.773469085156322400e-01
2.406472365564800153e-01 4.853178667881024033e-01
4.137099215220896298e-02 -9.259509436010253669e-01
-2.071118066015951165e-01 -5.996915005285161637e-01
5.185246473274327528e-01 -1.159665782838184001e-01
-2.469102727124763419e-01 -4.112883415850574487e-01
7.134307765867431428e-01 5.671685122634113618e-01
4.922030997917921091e-01 -1.437648315233095442e-01
-8.609244774923179300e-01 -7.033648219352484077e-02
1.384363264336234689e-01 5.291596464708305803e-01
-3.797242749693916508e-01 3.733900784556762886e-01
-7.858742651706096538e-02 -4.901605385884892918e-01
-1.247339091636872066e-01 -7.230414634390087691e-01
-2.970373755182729170e-01 7.262855701504622452e-02
