-3.457441417025242103e-01 8.535224957067739648e-01
-7.546805004715939624e-01 -2.526808905065678346e-01
5.259716582029310139e-01 -5.022144155307304292e-01
5.082719261970665148e-01 4.692360134496280644e-01
-3.145112816754114249e-02 8.547233726562923906e-01
-9.131555046632877648e-02 3.965394849550119005e-02
-7.000164368814587590e-02 3.571440530787668433e-01
1.359596381752274930e-01 -9.248668526739525220e-01
4.933973674835683276e-01 -3.220976865205829043e-01
-4.882885955925759802e-01 8.158912914668570160e-01
7.440346382941025460e-01 4.249373915812704183e-03
-7.369324109661232747e-01 1.618623602018645080e-01
-7.861162151607525850e-02 5.584829109829325677e-01
-6.398727886395607634e-01 -3.469796126494411048e-01
-7.177251739212620052e-01 5.527826893207810066e-01
3.003362124891748586e-01 9.303611159027447286e-02
-3.222444888748920988e-02 -1.800944144481595455e-01
3.470817926968083889e-02 8.947404746478455628e-01
3.589828334750750916e-01 -5.251125248051253802e-01
3.672361067582357030e-01 5.812568552803303312e-01
