-1.364641445688525856e-01 5.500394985325423036e-01
-3.753758093613084323e-01 1.069670904009725199e-01
5.092433307670376497e-01 -1.964300937006837611e-01
-8.629876067384492089e-01 1.059306571362661487e-03
6.914140463341322818e-01 2.887392694320902731e-01
-1.856032705789727455e-01 -7.897792146327287099e-02
-4.132902678490231185e-01 -6.950762664961105397e-01
-7.434138859493748530e-01 3.418730256758253372e-01
-5.590529821425971324e-01 4.498536786404883081e-01
-1.494600076307712744e-01 -3.000417822648606681e-01
-5.331361703962218535e-01 4.091866974725608674e-01
5.950053724763069152e-01 6.578889176122428850e-01
-5.138865628075885983e-01 7.268818128877387874e-01
4.776269439758002999e-01 4.261629422002135570e-01
-3.574768060706186024e-01 4.354364486140060997e-02
8.093230301609675159e-01 -5.135955223260912916e-02
-9.436517999298068560e-01 -2.208623909954912090e-01
-4.310504461804920417e-02 6.754332750789660000e-01
4.878274344785940020e-01 -6.601277431223291359e-01
-3.317971957298762042e-01 9.841324594213007870e-02
5.794947014725668755e-01 -5.708404386856422708e-01
-5.709060716780189892e-01 6.385529621643322162e-01
-1.875757043454138184e-01 5.519891666090246396e-01
-2.401985874605852000e-01 3.122357749056736687e-02
