-7.883021709567277213e-01 -3.218572638055428037e-01
-3.140847086364648710e-01 -3.668477983648388285e-01
-4.840277937213455228e-01 -1.219494789900767984e-01
5.697886400101603854e-02 -5.776927537689999781e-01
5.021266395990049425e-01 5.023303014025777280e-01
7.066800115225209122e-01 1.390429042939131943e-01
-2.427091681935542589e-01 1.740868955581786892e-01
4.421582211551993158e-01 1.213226237128266494e-01
-6.692607034906106200e-01 2.697919821319982869e-01
1.187791270769869012e-01 -8.692896540692265361e-01
7.518967810656245199e-01 -4.344914335252918480e-01
2.267697554298315765e-01 -7.601804805954677224e-01
-4.769984277493122260e-01 1.644446567991582064e-01
-6.099122944739574503e-01 -1.170793710100135332e-01
2.575520098974009020e-01 4.123604219182479547e-01
4.254066667603524365e-01 -2.698668485239668069e-01
-5.180663639817497668e-01 -7.442173725524181549e-02
4.050635655510010924e-01 -5.192735081880541781e-01
1.342000233705598067e-01 -7.821797935552428083e-01
-1.317371034902159455e-01 -4.272878119584526679e-01
6.291164135112090605e-01 7.234095832447584584e-01
1.154318348621830026e-02 -6.086043023656493300e-01
4.720240770754438042e-01 5.571656337985890772e-01
5.082855038807772008e-01 -3.643537453590888209e-01
8.279238500376286947e-01 2.917682888915873463e-01
8.883259798387517225e-01 -1.541778887147222665e-01
-5.188226221761187418e-01 -6.464422166038525930e-01
8.117469713277201127e-01 -7.270517782301300080e-02
1.665619668980804491e-01 -4.612649962153381189e-01
-3.257741397298550279e-01 -4.084896183163073680e-01
