-2.196136032539559579e-01 -5.331688902590094870e-01
4.766186698646435183e-01 5.053132286853212474e-01
-4.307141269638588010e-01 -8.641603190454698602e-01
6.443470485092919198e-01 1.099283248884892483e-01
-6.824838441265830280e-01 -4.754846073998006961e-01
-3.890917522183774402e-01 -6.210452464676354811e-01
7.212007925534646979e-02 2.523268499879738336e-02
3.203812341356302440e-01 4.595399569683584762e-01
-5.205297443177570038e-02 8.134981255603217498e-01
-4.261614799338351300e-01 -4.691324603839124308e-01
-7.938259930032658396e-01 1.724135930728400989e-01
2.466769653380014304e-01 -7.641189170709026257e-01
1.005143018690544121e-01 7.313121452385529242e-01
3.530404471110009101e-01 9.022657901123620761e-01
-5.249653435360681630e-01 8.325100227729571589e-01
-2.957595202440685966e-01 -5.785173672256822552e-01
-1.597762292967419562e-01 7.499116257431299726e-01
9.199511260995838491e-01 6.954060868187728062e-03
3.448660916725905246e-01 1.671318307266644876e-01
-8.276611394474282513e-01 -9.248757012022545965e-02
-6.737735845675227875e-01 6.738302570516225831e-01
-4.626998406863518376e-01 -5.606790462781694462e-01
7.880365357663912107e-01 -5.655296530017823731e-01
-7.617106319311088836e-01 1.010906607177310956e-01
8.598049525193143250e-01 2.575536201744983433e-01
5.753927532003242362e-01 7.406619242636163225e-01
3.967375918397730850e-01 7.449673110471524140e-01
2.221434277684781744e-01 -2.920098421522201448e-01
6.843277862913308418e-01 1.301112025043580367e-01
-7.208686158478956330e-01 6.247613911290348376e-01
-1.376685210537071935e-01 5.600455648242659290e-01
1.838572569286212044e-03 7.542864980010246523e-01
1.753673031347604550e-01 9.703501987484228763e-01
