-3.119138262743936796e-01 1.138564475337391357e-01
-6.520597882050305216e-01 8.788013108400583029e-02
-4.035864051839550548e-01 4.515539179755443389e-01
-1.282431132130150697e-01 -6.449535167855868778e-02
-5.367849783513767292e-01 3.318738438610682184e-01
2.110691283832948351e-01 -8.816952714847392514e-01
3.339936196266255486e-01 1.348551789159182501e-01
6.836476057324245570e-01 6.185326434067512924e-01
-6.287291149681719649e-01 -7.174125586661761478e-01
-7.226784123942375793e-02 6.959658109626181144e-01
-8.873241577923056678e-01 -2.468834067975536062e-01
8.798749813409265652e-01 -3.762020392690799131e-01
4.004654831971286022e-01 -4.596440412506974660e-01
-7.113635199875849580e-01 3.505737667451129802e-01
4.315524198830205105e-01 4.408305409664545760e-01
-8.330540962940502503e-01 -3.590708761852543507e-01
-1.204322401513595597e-01 8.484321945618427119e-01
-9.085309566907384671e-01 -2.956635800110478662e-01
-2.988201819509448409e-01 4.079495183539230130e-01
-8.153435308139838078e-01 4.965686232196331318e-02
