2.711402623470253737e-01 5.307123699500575498e-01
1.115501778055649762e-01 -6.245393724008319047e-01
-8.509586647086491151e-01 -4.972290333388729167e-01
-2.221901923913944810e-01 -7.335390838618969234e-01
6.073144088909592231e-01 5.999303384639964598e-02
-3.531827272303742493e-01 7.696597046418893751e-01
-9.984397563964344524e-01 2.120344356964931620e-02
2.267679974921497088e-01 1.842611019323432409e-01
6.248623003185183045e-02 3.382104683837749981e-01
-6.549543575557104091e-02 8.939171701925301416e-01
-4.989106709994255429e-01 -5.947648906134428426e-01
-4.818968529593832262e-01 -5.145489103301457146e-01
-7.075128894512894284e-01 -6.362016342093619325e-01
2.859415210657596518e-01 -2.061369633583340910e-01
-5.220110053697541996e-01 -6.817617255083481265e-01
-2.269334794178006209e-01 -7.385369175413416531e-01
3.125195922560555228e-01 -6.298677346392254073e-01
2.316803882630054101e-01 9.215821521881650824e-01
2.426291086856622314e-01 -4.317841287127688332e-01
5.606564538879976745e-02 6.707941612468881765e-01
1.538822473536927138e-01 2.919419292339808791e-02
-6.449465649252290600e-01 6.264146896363984585e-01
2.697537125778957101e-01 6.650479413280689922e-01
-4.510600618747913071e-01 1.044640172972914893e-01
-4.559443602731363399e-01 -7.073283095257303366e-01
-8.598583873069538530e-01 3.727813031899960272e-01
-1.125555784587661812e-01 1.698599756218317491e-01
-8.712776882548698421e-01 4.475101133437071610e-01
3.183191877953657212e-01 -8.623961744696859721e-01
-6.073442529534365253e-01 6.409940215003586683e-01
5.306763395268636607e-01 -1.293126053761293193e-01
-3.380797065459217876e-01 -4.856702518425626280e-03
-1.636195078018667370e-01 -8.776032639183584116e-02
3.555020269381872211e-01 8.182758519367385741e-01
2.396380685329517757e-01 -3.770152063184581959e-01
-3.503381555087357047e-01 6.047445947859995119e-01
-7.298165066186967920e-03 2.307674077943151492e-01
-3.835999120212572056e-01 4.773219800137180613e-01
-3.977533627813314432e-01 8.144041491259179644e-02
-9.052311155992902592e-01 -1.423293133829830470e-01
1.704653344934181636e-01 1.989629126163281470e-01
5.300951888773650644e-01 5.974364594269891970e-01
9.855260124011073763e-01 4.429389500238989363e-02
-8.174975859614683760e-01 -1.312709174796158340e-01
2.258157055921079515e-01 6.167769804408711476e-01
