4.218255461064344125e-01 -3.478673876117062136e-01
-4.611044156911794367e-01 2.229799071649014586e-01
-1.157292284249311631e-01 6.479679658249628549e-01
-5.382699423438681574e-01 -2.421161317242104261e-01
3.068887672094426922e-01 7.031971131692620336e-01
3.061783356242422371e-01 -8.402042631917154836e-01
-6.819984807138810279e-01 -1.895580327081520799e-01
-3.907161382719428477e-01 -7.683151242595114283e-01
5.116556952039867934e-01 6.447132896167127036e-01
4.552187679365826689e-01 7.400326085990547309e-01
4.075586059728928401e-01 5.113004613186955538e-02
-8.080466691621501774e-02 8.039281807022993220e-01
-9.190529116743064719e-01 -3.423586396520952313e-01
-4.224815442193685655e-01 -6.290011930944832130e-01
-1.929929763877549220e-01 -3.949771916189319665e-01
5.310396831901738057e-01 -5.165081513933720281e-01
4.113567467982361947e-01 -8.551960612192910371e-01
5.102666361006575890e-01 -2.922969370449353121e-01
2.174029211174191012e-01 -1.677595291306266390e-02
7.842725616270835864e-01 4.193563192112237381e-01
-8.513317713572745582e-01 -3.585279744489553444e-01
4.526791857592262769e-01 -1.218972865707830255e-01
-2.418523717497287340e-01 -3.313075799936646693e-01
6.360948732819635687e-01 6.620819713692835951e-01
3.289680854751788619e-01 -3.594648460613454333e-01
6.699334692922025436e-01 2.317715752516114058e-02
-2.195324176763691071e-02 -9.762653648719024080e-01
-5.732259534936863243e-01 -1.055690708132084321e-01
