1.131643513181459504e-01 -3.105959499471211416e-01
6.153989920247942003e-01 -3.069784399549568832e-01
-2.523448081255774689e-02 -6.413706769983615885e-01
-3.367421568056507830e-01 5.030442269954886747e-01
3.265219602653655073e-01 -9.043041305424741605e-01
7.907942102958491759e-01 -4.871267799511080909e-03
9.096601085127056230e-01 -3.549841026567022162e-01
8.971472598441998514e-03 9.656699425880350685e-01
1.593694581869500304e-01 -6.916051679773165262e-01
1.793754727175800312e-03 5.033710161963018681e-01
8.822540026328209439e-01 2.985564220087764120e-01
-8.213187453052239739e-01 -1.434836928660687683e-01
2.099377527333914362e-01 -3.484233131927947369e-01
3.398336242240282967e-01 2.324163483169428002e-01
-3.404136352566824453e-01 -6.971819479564986821e-01
4.622610947592107333e-01 -5.625071271397978911e-01
8.149980474511246964e-01 -1.719541205964876251e-01
-4.964353212917114178e-01 -3.570079530543974755e-01
4.386758849407674798e-01 4.502285783564412558e-01
7.673378487776116863e-01 -2.373142288212966022e-01
1.163647197461299410e-01 9.908823115981668650e-02
1.684252090382030165e-01 -5.726194339237866693e-01
4.401842353843872235e-01 2.688574437478941093e-03
-4.943039334400123330e-01 4.029373393780748547e-01
-3.991349513367472568e-01 -1.718183502828343201e-01
2.919321705054689353e-01 4.858753657336820631e-01
2.987299196854755756e-01 -1.253326961230150083e-01
3.156291400548125736e-01 -5.349524347445220318e-01
5.994623306706785559e-01 2.897062167346868833e-01
5.233900568587814828e-01 4.185032872965348538e-01
-3.810977132738602169e-01 8.560255220376216112e-01
2.898818787076125059e-01 -3.312459361012283221e-01
-5.001636746440032422e-01 4.067670620691743455e-01
3.500757546130446318e-01 -6.018432336591572618e-01
