1.547329168889335360e-01 -7.293185079884123567e-02
-5.146352416860309198e-01 -2.789143741671740173e-01
4.165265405728089121e-01 -3.045185389437652379e-01
2.304468921260587333e-01 9.636895279996890995e-01
-5.025104898524992425e-01 -6.457328975638532143e-01
-5.196332791464897127e-02 6.642549910076465114e-01
-3.948603728956268100e-02 -5.277947033065681914e-01
1.837500142378529766e-01 -8.846896243080355493e-01
-5.274279696083603586e-01 3.165754148848336502e-01
7.291287193467574923e-01 3.507826598247705263e-01
-3.224087365581451703e-01 -5.205573245375503255e-01
4.228412497264708581e-01 -8.487014150842933091e-01
-1.163859351076153015e-01 -3.402717075722871964e-01
-1.925512917986955674e-01 4.504994132745951951e-01
2.340031971539842104e-01 -4.160177025251921012e-01
1.758175819016010166e-01 7.090082192203754907e-01
3.733325926215460555e-01 -7.415870830258322055e-01
3.408744563746466394e-01 4.109397513899695209e-01
-2.249130335207016884e-03 5.108400384438276376e-01
-4.395265306033446784e-01 -6.596448962912782044e-02
3.470489562432099717e-02 2.166110714225231160e-01
2.912933515302484899e-02 2.668361044031881679e-01
-6.771064760125897752e-01 7.075285493631200406e-01
-5.162929934830560175e-01 -1.259734282221585122e-01
3.068525143957723245e-01 5.637523313022587690e-01
-1.513506296780533500e-01 -6.314279246385012812e-02
7.724652885375016265e-01 -2.598927239037656101e-01
