-4.113805567588002532e-01 -4.538634261448954987e-01
-3.257386169924603170e-01 8.820256847063467909e-02
-4.156332807721903055e-01 3.859964725611551017e-01
-6.166869418040257234e-01 4.292841985317654707e-01
5.304259416881635936e-01 1.295629969470180054e-01
-7.017653723230914409e-01 -6.939464304645921455e-01
-2.691264245741353811e-02 3.266781501220941131e-01
2.206104771854062729e-01 2.702880463686689883e-01
-4.288051476527361405e-01 -7.663505391669789280e-01
-6.895519137850754099e-01 -4.582802903275240425e-01
5.432616659407718540e-01 -5.825681422610180515e-01
-5.479174262577657384e-01 -2.910022987336060574e-01
2.069558762698711085e-01 9.643007772520351129e-01
-1.233426336200413864e-01 3.274402835178145121e-01
5.622520172376099801e-01 -2.649873041771428905e-01
3.007520760005464311e-01 1.163364604370631383e-02
-6.143523529817254136e-01 7.408205801810046065e-01
6.586171965830422970e-01 3.262951566057092911e-01
-7.601418394686463298e-01 1.442053700641001690e-01
8.153006814650032297e-02 2.522110061137243786e-01
-6.169924678917177996e-01 7.145208613635185557e-01
-8.253770251739396269e-01 5.636888034521276847e-01
-8.657748287466493498e-01 -2.254495003909446904e-01
4.753970833659615369e-01 -6.193069699496036584e-01
-5.506595529525799559e-01 5.480113128887005303e-01
-3.940821066251012361e-01 4.428263052574632486e-01
