-4.719246390585449813e-01 1.100483809911569910e-01
4.021696007698987163e-01 5.466330242390868843e-01
3.156624188167540535e-01 -7.167478874645420994e-01
1.121443973382745263e-01 -9.347561993019162241e-01
7.076480233045885360e-01 -2.102572198199021969e-01
-1.728804310215470430e-01 7.891036044817556494e-01
-2.650872065867486693e-01 6.027762987609286416e-01
2.595885957732233518e-01 5.201621688391222520e-01
-3.550237137154588218e-02 -1.273726348021610999e-01
5.746255762821039781e-01 7.793026814608086106e-01
2.965900452680541033e-01 4.465471596284031897e-01
2.446376940413808043e-02 -7.215154772010792250e-01
7.204787876209510777e-01 2.054297321495364148e-01
6.545404065568216634e-01 1.067777993147138726e-01
4.634095126099246897e-04 2.705566582162413081e-01
5.749322023050427166e-01 -2.171509837529077558e-01
-9.280022534176024518e-01 -3.622325202529941279e-01
7.692927634613082599e-01 3.612533834308306879e-01
5.329010878104123439e-01 6.208912943532622908e-01
-6.042208601760008513e-01 -6.477590141679330227e-01
6.875952517608947545e-01 -7.017668181322878063e-02
6.757831533519238487e-01 1.678402715465248107e-01
1.427921826198168542e-01 -7.407618396355908352e-02
-6.304165848517191417e-01 -6.563135503509285318e-01
1.141204719919588495e-01 2.380051838600543146e-01
7.277364618005905950e-01 1.541646683619346536e-01
-6.689016283301074672e-01 -3.455557404558839973e-01
-7.458515273138055512e-02 -7.930509256444309152e-01
-4.785510335357423539e-01 -7.559167888198128349e-01
-1.723341541280989375e-01 2.162408892842233588e-01
-7.403756603029412187e-01 4.142799656002611464e-01
9.893665618071552093e-01 -7.430904908843749546e-02
6.771739859756313873e-01 4.354063307726718790e-02
