4.231824016974945479e-01 -1.187388316825741530e-01
-4.452736556453835703e-01 -1.211126116543510545e-01
1.552231862335713419e-01 -4.404491409137023528e-01
8.944626005007654257e-01 -2.843798629679474832e-01
-6.009476314764126137e-01 1.889268158314014734e-01
-4.710027999766124296e-01 3.537576927925021320e-01
-5.914959871864429175e-01 6.797707315429921682e-01
2.957482020134636347e-01 -8.540019298209422516e-01
1.589507544018593510e-01 -3.559583408327466891e-01
-1.901749231870804024e-01 7.198628279343788350e-01
-2.747934182010554061e-01 -6.938249730609546972e-02
4.706190823357667696e-01 -6.129263246753449135e-01
-1.031522664215944740e-01 -3.681334647901091106e-01
-5.015553402508157177e-01 1.599134119357208395e-01
2.573361597057375327e-01 -1.874083706057949605e-02
4.180584794853434705e-01 -2.343350749179946568e-01
-4.031953228798272892e-01 1.350558328149884524e-01
3.072353671802852126e-02 -9.961002371156357782e-02
-5.926934169162190180e-01 -3.112700670252255275e-01
-6.918660713627218239e-01 -6.342387538512652689e-01
2.362619027914001357e-01 -6.202929394387168838e-01
3.543807969021739446e-01 6.670643921861338921e-01
-6.498851995739758358e-01 -6.133137032708544378e-01
1.741732686206372005e-01 -2.553198367753317655e-02
5.030268035112526182e-01 -3.515551583751370668e-01
2.036736461677768339e-02 -4.498093770958657700e-01
