2.622826442399266433e-01 7.848553345021465066e-01
4.905134250964617859e-01 -6.222983148515395246e-01
-8.517514283427305433e-01 -4.595030100994446087e-01
-5.383838752272327444e-01 6.450195343707827433e-01
-9.778978328359340111e-01 -1.020451069288812462e-01
-5.647669636858034803e-01 4.239558492670991718e-02
6.665333333697724960e-01 5.695191480893446734e-01
-1.256339531969419276e-01 4.087166256891494598e-02
5.320373219531389086e-01 -4.861285516351254721e-02
-4.039587527106032194e-01 -2.936169930310628118e-01
4.290205674704454797e-01 2.547888162977942628e-01
3.122195259980031778e-01 -6.809432620598356856e-01
-1.918246372448306758e-02 -9.681119630097554385e-01
5.025473491281562399e-01 2.201361852196159763e-01
-8.221808291934151747e-02 -3.463390569552193821e-01
-6.934346167847715847e-03 -9.679956536562803748e-01
-6.417358620427127125e-01 6.504889868516605667e-01
1.211735489374794472e-01 5.603131070391349500e-01
-4.521247549210467565e-01 2.127043091970115540e-02
2.350539408887997173e-01 -2.559670946282273096e-01
4.956093728893737893e-01 5.161221063772036821e-02
2.874342694953346822e-02 -8.599363113022440164e-01
4.045384470539743482e-01 -9.203499273832349559e-02
