-9.430316694343729989e-01 -2.637973252231073928e-01
7.766644919296950000e-01 -1.858421063394157802e-01
1.731682797640274885e-01 1.796921184805229110e-01
-8.409994388418244871e-01 4.915619744792425472e-01
-2.618439742826828009e-03 -3.841988704826784229e-01
-3.003842789161295102e-01 -2.213963355349279905e-01
-5.446969923498665711e-01 6.537602742142540890e-01
6.603095344568958858e-01 3.704562786829990184e-01
8.267213504052217665e-01 1.877089988809013121e-01
-5.014697404103489742e-01 7.352324075458449570e-02
-8.490023630602010485e-01 5.027636341648873408e-01
6.618793955655681849e-01 4.900916271888593467e-01
-5.112326133265892025e-01 -7.792112950595342369e-02
1.649941885916348383e-01 -1.599750578756879982e-01
5.237405871848859196e-01 -3.674914090567193981e-01
-1.202576816951714811e-01 8.230961017524145440e-01
7.603504561321114963e-01 1.457404225308429613e-01
1.653694882888427919e-01 -5.437116681231308757e-01
-4.935353159403197409e-01 7.248455163240381527e-01
2.615504834271709100e-01 -1.192517559600947408e-02
1.201126846090996292e-01 -8.850344732601007625e-01
-7.844549015129986813e-03 6.622532867514934196e-01
2.286983802267725796e-01 2.166867728986707764e-01
-7.522862904181031318e-01 -5.168260707362726247e-01
-1.445490932439514875e-01 3.542935210150517378e-01
-2.894637563139195180e-01 -3.983772141469450467e-01
5.615595112612559170e-01 -8.695337865745056405e-02
-2.584115051619741976e-01 2.848248347011674841e-01
2.593895106920680593e-01 4.060171736473021653e-01
3.665066889483232782e-01 8.888057683397647679e-01
