-4.450970119815205184e-01 -7.131004414810220293e-01
-6.954759794047400412e-01 -1.095619564309391336e-02
-2.079911302969845721e-01 7.972382005141187555e-01
8.667886095900438903e-01 -3.410443944681027517e-01
5.807956944357595130e-01 6.360557529844756974e-01
-6.424049386854453481e-01 3.988866561805421984e-01
-4.472661130020094689e-03 -2.961668690506276125e-01
3.721137091754678217e-01 -1.195206545922984365e-01
8.459511689735885742e-01 8.246264722538865222e-02
7.142252257843202390e-01 3.661375763084644408e-01
-2.689629910861270901e-01 1.569704140738303888e-01
9.484970529145853035e-02 -2.680357034393578974e-01
4.876396766738353428e-01 1.507472747327300855e-01
4.264239051582006113e-01 8.206277283409606493e-01
6.591958192618943002e-01 6.562377755709041249e-01
-3.570454016886659421e-01 -8.011600009517438892e-01
3.703111871695936586e-01 -2.315634131454031852e-01
3.598864088262399008e-02 5.752905804124659461e-01
3.844197505581425922e-02 8.961912041336681511e-01
-6.585164259597655612e-01 2.263247829847243597e-01
-6.829701987845770983e-01 -2.143219916884149256e-01
-5.090539342628161990e-01 1.191976363808056050e-01
1.011845200830578939e-01 -4.205343911621866049e-01
-3.623194109549363606e-01 6.863226185158222137e-02
-9.906367136392659756e-01 -1.313724208335038668e-01
4.418574627832381196e-01 8.211460762499105392e-01
4.402244725462645114e-01 -7.405730277495798930e-01
5.485281299396014276e-01 -4.069481537905625945e-01
4.148063962982284636e-02 3.260559448728170828e-01
1.153132620558479093e-01 -2.535054914423249262e-01
1.124718940449682680e-01 5.178068696311166619e-01
4.505270692385325848e-01 -2.538891106121128338e-01
-5.118673014284971234e-01 7.635252955680147391e-01
-4.210905294076148220e-01 -2.821463015465781599e-01
-6.309077592148319980e-01 7.204351487208593419e-01
3.142582663558626255e-01 -2.447365010913484795e-01
8.321296808565084024e-01 -4.616117978657232612e-01
