5.804530542184547226e-01 -3.712826837120430934e-01
2.207131935633708242e-01 8.886641905954748566e-01
-9.249976199068641325e-01 -2.434918048812941826e-01
3.148237753572649122e-01 -6.884538026248754328e-01
1.097451590696794099e-01 -4.801179544207112571e-01
-3.387033811026494146e-01 5.786564540336718299e-01
2.894130855637668809e-01 3.742025017204544390e-01
-7.278664164270076675e-02 5.908098379144370860e-01
5.514523200627516886e-01 -2.039445031494475646e-01
-5.737625764794285210e-01 6.103370467127082755e-01
-6.656675370339959485e-01 -5.648988935113239407e-01
-1.740264425107411750e-01 -4.313170341464676039e-01
-1.619631488264359209e-01 -9.230824042344427660e-01
4.069429428528972270e-01 -5.806378051946528007e-01
6.942803561902777254e-02 4.709496100868388879e-01
-2.936696884769560700e-01 -5.507013521684067658e-01
4.836092519343710983e-01 7.978644915854204989e-02
-8.899287987957216206e-01 1.370664007490107750e-01
9.243424287534978134e-01 -1.091092234388228999e-01
-4.536693494480112943e-01 1.008815518479089235e-02
-1.939562770601093167e-01 -4.206242182474544400e-01
7.371335134325169847e-01 1.016283925487790896e-01
4.368820981081398269e-01 8.578180904914638472e-01
-2.863419988166060470e-01 6.375439500310329244e-01
-2.525068256517288834e-01 5.963409266150323518e-01
-5.668152991878003810e-01 -2.596185661002723410e-01
-2.213505668922084446e-01 -7.185381301349851313e-01
