6.208891498161439593e-02 -7.113263842251387192e-01
-1.824162305527980976e-01 -5.714759333158103694e-01
4.812524693431334821e-01 -7.377576324676859976e-02
-1.590569998203816837e-01 7.790081135861237627e-01
-2.825003662337053356e-01 -2.365596451414002654e-01
-7.115698104676111413e-01 -6.221064768529616096e-02
9.575974010697738681e-01 3.715855524713762570e-02
-6.244045072488972892e-01 -7.701990790791812813e-01
1.957218819820096822e-01 -6.193795848406060678e-01
2.725331722770834020e-01 -2.525245918843384008e-01
-3.681693987626144526e-02 5.674614889398057471e-01
1.714569716832268220e-01 6.546511376064836352e-01
3.127954958837959598e-01 6.241301115763084884e-01
-7.272428218541768796e-01 6.287499102830551578e-04
6.920451109509699883e-01 2.488632806868085190e-01
4.676386601198228021e-01 5.119631999161584623e-01
-7.804372119537283936e-02 -4.179329786551200243e-01
8.955139861182623839e-01 -1.787774828403045912e-01
2.034306888418138115e-01 3.672391238198247088e-01
3.360013390784533094e-01 4.234788326768064159e-01
-9.723132166867110016e-02 -6.527592432860060967e-01
-1.745454544203610681e-01 2.934052716801458516e-01
2.336388335916246284e-01 -1.817438069155938862e-01
3.571368563313745970e-01 -1.468140540518052539e-01
5.118475727358815508e-01 -6.895484920819934249e-01
6.392845458517824042e-01 -6.217454423627750693e-01
-2.782408834497798189e-01 9.021779796951314712e-01
-2.441892364786040215e-01 5.259540293385900345e-01
6.821132986233513495e-01 -6.053798008436095390e-01
-7.131396563403347155e-01 2.730500926562728914e-02
4.156506026914381646e-01 7.928905337561655831e-01
-7.803652130887339666e-02 8.306594693575251043e-01
-4.052413376892800567e-01 5.507225402054305441e-01
-6.891768454199516114e-01 -1.753422301609584011e-01
-5.223544415950089892e-01 4.532593938915769893e-01
-6.567027104303497786e-01 3.824150294046144705e-01
