1.763047038630145558e-01 2.561430310159451551e-01
-5.963762191561876591e-01 -2.322374614868372156e-02
2.837364536319202379e-01 -1.962287336869203980e-01
-5.911775908356589060e-01 -2.298561702810095753e-01
-5.947259488492646629e-01 2.192400822886038103e-01
2.383314715673900963e-02 -8.517556035608022658e-01
-9.982688116670090928e-02 8.220923051677173632e-01
-6.819525715444132441e-01 -6.355699544401864909e-01
4.727390748501933970e-01 1.424987527834233880e-01
6.375530950510024386e-01 4.489243165786391820e-01
-4.457562438337001609e-01 -3.295079813139036862e-01
5.643825184711048770e-01 2.897356496244303248e-01
-3.202868750085734462e-01 7.535885717615231627e-01
1.477764868743125515e-01 -2.608997805808852544e-01
-9.156353770470919695e-01 -1.172873786833101839e-01
-4.918829869385736853e-01 -7.496463749301587320e-01
4.581497273218357869e-01 1.996925931730195725e-01
-3.043886179066777053e-01 2.239796041835782070e-01
3.060674120514488283e-01 -4.471725408737285967e-01
-1.279097060536966701e-01 -2.340519439069899121e-02
-5.801543344778026245e-01 1.136548075519254741e-01
-3.068407022073162960e-01 5.853926753302340913e-01
-8.438726862060614842e-01 -6.606092620640935387e-02
