8.559798340974076325e-01 2.857016616451955038e-01
-8.279588543971003745e-01 -1.430642953927212524e-01
2.797430457245513313e-01 3.557842573576139866e-01
6.844818633364257998e-02 4.429246251514358246e-01
-1.491944566538370154e-01 -4.263469882455104276e-01
-4.258026444550047085e-01 9.932428567910611683e-02
-9.507353913334193329e-02 -5.866574528690298163e-01
-7.816059651974318623e-01 -1.854990933655422669e-01
3.828382102267637865e-01 5.356059356668658733e-01
2.331852114921655339e-01 -1.891644216917052201e-01
6.773310956483884482e-01 2.863291846788234007e-01
6.278754284391552254e-02 7.449314103500195294e-01
4.295167807312594288e-01 -7.310176842017590548e-01
7.424783975966444682e-01 -5.303979629887463076e-01
-8.216305004754285157e-01 -2.954234308130525566e-01
8.333289707971491822e-02 2.197173130797589469e-01
2.233279964219860858e-01 -6.098736163582632042e-01
8.645676181225450119e-01 -4.070722023844068893e-01
4.954332176776312657e-01 7.019652877175786010e-01
5.778986476813712247e-01 -6.724504918787852503e-01
7.525264733267442718e-01 1.163385343490312973e-01
9.657084877470880624e-01 -1.266307485778499498e-01
-5.693400294560801989e-02 9.720461313742643217e-01
7.112556301059376196e-01 -1.365077602503583787e-01
-4.707704188973362847e-01 1.437557711904791091e-01
4.477398265982623915e-01 -3.228213010688798512e-01
-2.129192088465825528e-02 7.376743176452804640e-02
-8.064384026081856671e-01 1.132891603601473562e-01
-8.171368382507870898e-02 -4.741140327182207237e-01
-5.219132467405998010e-01 -1.273866515437729330e-01
7.476015396221453724e-01 -5.976731452347827656e-02
-7.549370661325847109e-01 1.272020477689845830e-01
-8.451906714098234019e-01 -3.170986767608496848e-01
2.581813129935719431e-01 3.254387817604686983e-01
-5.548282773336408180e-01 -2.647685087741067367e-01
