4.012492585882947438e-01 -8.318896136612226044e-01
3.530705237282112385e-01 -2.175360550493814493e-01
-3.138523213966899483e-01 -9.159069313812215896e-01
7.470595149783620936e-01 -5.030898903885097084e-01
-2.882347205582611593e-01 -2.862492653935069242e-01
-3.067408456989668686e-01 -6.639276092156523035e-01
-8.643727559069991351e-02 -1.792112208308327403e-01
4.307107516477826081e-01 -4.873933789955826601e-01
4.811191926601670055e-01 -6.199668203928232479e-02
-3.440987444671868012e-01 4.007075535545896461e-01
1.949593456335472208e-01 5.878506980902911128e-01
-4.094860817432031119e-01 4.673629672888934827e-01
6.669993460481138392e-02 6.635795253879395172e-01
6.115841744647270151e-01 -6.781324421610468445e-01
5.544948489163981087e-01 3.599974772296008485e-01
-1.397890061069011480e-01 -5.688439523842281353e-02
1.854302979380828553e-01 -7.097533680295233793e-01
-9.051471203387839726e-01 1.052670781495665953e-01
5.177038499292376805e-01 -3.125210597619321184e-01
2.765133374175601233e-01 -8.971335962501307826e-01
2.599119829822846839e-01 -1.976561328220129976e-01
-7.125650778515819628e-01 2.109974162251115892e-02
4.486073386979338995e-01 7.196742675405136680e-01
1.840623085077508492e-01 7.075770650897148517e-01
-2.891194314167691015e-01 -8.354686086502165487e-01
-5.886600632515575082e-01 -3.352676657661888271e-01
-7.129846242878012941e-01 7.068604466495043148e-02
-3.858870342168556622e-01 3.743549312125473705e-01
-3.297758297563615493e-01 8.357839780923812523e-01
7.042588715919939624e-02 8.111190173237801115e-01
3.223869267109180647e-02 -5.662507556141445075e-01
-1.146596549922516139e-01 8.247203585609577114e-01
6.736717954302531286e-01 5.431767684378199235e-01
-8.011834172585603486e-01 2.775511699557571266e-01
-8.560737389129864372e-01 1.501235497655661888e-01
7.148959174029063668e-01 -1.215464136573385368e-02
9.445181673545768319e-01 5.520596128026666882e-02
7.289617407380721836e-01 -3.598112703611564545e-01
-7.023043473275403237e-01 -1.969285408690433226e-01
6.116020876339933743e-01 7.450906997466411052e-01
-5.088415189478765477e-01 5.859620191692995750e-01
-2.993566137403806948e-01 6.015468574291333859e-01
3.061585269767683748e-01 1.903193392413338181e-01
-4.033034380489080029e-01 -7.105200506935600568e-01
