1.555679158207894375e-01 -2.734103895851263122e-01
7.464023422074035352e-01 -2.768589063038582321e-01
-2.081146752550921963e-01 -9.704957867625296775e-01
5.813423775454162890e-01 -3.964764857527360853e-01
-5.943183926145749751e-01 3.828737772256118888e-03
6.777882267734178789e-01 -5.185617320945852260e-01
-1.855135392223108415e-01 -6.340839129121766948e-01
7.817497749253488060e-01 -1.316742697351325209e-01
-6.406597905230271284e-01 -5.504135692753941989e-01
5.469145785979536711e-01 5.522994676893817623e-01
-7.717503409625670052e-01 -3.103430277570977669e-01
-3.241068307756396205e-01 2.293891849659015492e-01
6.756434648383866648e-01 -4.913720377670658390e-01
2.944863841514289149e-01 1.432881304304391978e-01
6.317628020851917547e-02 1.857715024706305673e-01
-7.060062181615158750e-01 -4.217581572733775097e-02
4.336234777853336109e-01 -7.786174482240073580e-01
2.514312345705789209e-01 5.851520076249139279e-02
-5.556868214389598659e-01 -3.723922817728475554e-01
-5.591380570907926728e-01 2.337782031639124014e-01
3.228022818677545036e-01 -8.201274039109311964e-01
6.376385524636083435e-01 -6.947024775005776753e-01
2.194346597781480224e-01 -8.977545749289725929e-01
-2.985061712327106154e-01 3.821672320493540997e-01
-6.068671841507595754e-01 1.966954111101206770e-01
-2.699443389031621621e-01 -2.132373473499855621e-01
-4.829905386881836460e-01 -3.454204179737991875e-01
2.088616497453958942e-01 3.306940600070449321e-01
