8.291729999730319545e-01 -2.056465242358473944e-01
8.112352616322868748e-01 3.585475535673785519e-01
-3.858502018347047535e-01 3.258804119684737266e-01
7.604527001042877821e-01 5.053367390806269288e-01
5.608231364992204426e-01 -3.248537069407031463e-01
3.898809319822378328e-01 5.751609954559138149e-01
8.895028648869600651e-01 4.546729610634594465e-01
-1.186434992012797007e-01 -9.949175696873857611e-02
9.127124253083618299e-02 4.311970573673278295e-01
6.680696642285954834e-01 2.343127871994084011e-01
-9.735556254842459012e-03 -6.598938971787347008e-01
-3.731095600256024714e-01 -2.462617714919095313e-01
7.025182371404017356e-01 -3.553559671875696768e-01
-4.669599315641725923e-02 8.990536199120890970e-02
-8.569679601631470245e-01 -4.231120612701857464e-01
5.193709362007203900e-02 -8.130807394775112495e-01
3.422068811555618595e-01 2.836905903856408173e-01
-8.348815903951107842e-01 -2.947792131236652846e-01
-4.657451963672194495e-01 -8.503373471601429756e-01
-2.543957471744653365e-01 -5.374105085839819829e-02
3.973230310390603037e-01 4.115081071204549357e-01
6.425629608101914858e-01 6.547096032212997851e-01
-4.782000507711618997e-01 4.804083376096843772e-01
-2.533033433650901944e-01 7.512478530408586153e-01
7.079316057477376134e-01 -6.857751889830883130e-01
-4.844647152796079936e-01 -3.526302652503920942e-01
5.676565174400380887e-01 -6.786017418457295225e-01
-6.020061098045739190e-01 5.018555173843808337e-01
7.192250231798802407e-01 -5.208299414277917094e-03
-8.445654326783365029e-01 5.196497922458453989e-01
2.829214392940504474e-02 7.093452153445487518e-01
-1.178464107747709821e-01 -6.363740881898414248e-01
3.265944623657568435e-02 2.920789144079856126e-01
