9.140346773282566062e-01 -4.055000216550768144e-01
-1.337124633832822429e-01 5.350239106573757564e-01
8.061294068459750051e-01 4.170058582828086724e-01
-6.506050223790693643e-02 6.456203569809382259e-01
6.007716590894802700e-01 -1.888658012334902825e-01
2.952463062932872973e-01 4.744449678933062575e-01
-6.278454376032847062e-01 -9.794822695181171213e-03
2.940428744982293008e-01 3.200800165587647239e-01
-7.790294799144543703e-01 3.759661679026504721e-01
-4.583842234915880276e-02 -7.130559058852523613e-01
7.032437669052562512e-01 -7.086444177872408545e-03
1.271127044206346035e-01 8.848098030906150768e-01
-7.090055680992877196e-01 -6.191041399565282433e-01
-5.483599422316340899e-01 7.549278296747492512e-01
-5.402764937241357757e-01 4.016855466523425733e-01
-2.146376601391699612e-01 -3.203397370803209299e-01
-3.331646033061086420e-02 7.624138277047318724e-01
4.060801167630727626e-01 4.257390075730194123e-01
-6.434720866831447061e-01 6.106320378981600072e-01
-8.924328730733988024e-01 2.967583981473302934e-01
-8.732400141493255052e-01 1.612356899180087400e-01
6.232207373417062435e-01 4.159082332781689484e-01
-5.856683746404252044e-01 -1.977828425350884878e-01
-7.492980374571001079e-01 -3.481941391476750525e-02
2.682416599876136232e-01 2.598363878599883048e-01
