-6.635012068695622656e-01 3.582738872355115678e-01
4.213041284659384544e-01 -5.500363825457799116e-02
2.033962966317246490e-01 -5.995892325006519918e-01
-8.072283446506338667e-01 -3.058522663827527577e-01
-8.503590968182805909e-01 -3.728703074262758044e-01
-4.077678555042130171e-01 -6.603726121219979373e-01
7.092074228515661272e-01 -4.795519104402432564e-01
-4.040533482085588712e-01 9.562081748411199733e-02
7.302167382395754469e-01 4.245987825351107414e-01
-6.237172946889835146e-02 -3.337232446055491408e-01
-3.695290262437012085e-01 -6.168008839425538348e-01
5.912990870038603575e-02 -6.261924963973803937e-01
5.112056804587661318e-02 3.267341603480959922e-01
2.418147631747094017e-01 -8.486511034229862194e-01
-8.354051002228370937e-01 3.818306978860395162e-01
-1.795857380118139890e-01 -5.478168714002964457e-01
8.904128388895242718e-01 -9.539330255539191228e-02
-4.303523109198525987e-01 -4.533814716502337916e-02
2.425008850306897834e-01 7.865626096461779682e-01
-9.767937003403615037e-02 -5.628588376248473413e-01
-4.705617413817757555e-01 -2.884048664110869797e-01
4.268940122052446995e-01 3.365364706190525634e-01
-7.829457905615044844e-02 -1.488718567042468521e-02
1.216304389432916189e-01 -5.412431276138056635e-01
-5.422406381137243603e-01 -8.353767770955837779e-01
5.249074900042189906e-01 1.024612233264354799e-01
6.227592807880069081e-01 1.573827469187483175e-02
-2.326083751091960750e-01 3.727453899623547340e-01
