7.455614286068501517e-01 6.127067660850740172e-01
3.632417130133334116e-01 -8.096296750440061807e-01
4.864715285508480758e-01 5.608626038864097385e-01
5.015186153368305089e-01 -3.178642331075514083e-01
-1.327216921467355704e-02 3.148984262893650410e-02
-4.797082193879687040e-01 -7.888386420930368903e-01
-1.402615556292086119e-02 5.485029534185581479e-01
-2.258286313252479971e-01 -8.940254799011440046e-01
-4.930417932540056558e-01 -2.797989896515722386e-01
-6.576180627384129451e-01 1.530408916596499580e-01
-2.846779663482219558e-01 -4.187829702697740686e-01
7.431349062809686767e-01 -3.700251852257681051e-01
-9.708184676483202491e-01 -4.509565199190279650e-02
4.555998385455195532e-02 -3.534621052141826425e-01
8.307519822187072744e-01 -1.341291750812276806e-01
6.572238751889198927e-01 -3.575458524658237103e-02
3.153860268037169678e-01 3.823722583421209631e-01
-2.529641612299322606e-01 -3.705129786698642125e-01
2.617966698550489024e-01 3.125370325873102484e-01
8.792907845048825166e-01 -3.499515860594748506e-01
2.518643054792049085e-01 -6.087316648012124354e-01
7.789484413463723111e-01 2.053989780036102886e-01
7.385671093811125854e-01 1.530321273193029352e-01
4.708507303797686561e-01 -4.690492363431286726e-02
5.021496776555820496e-01 7.591805010101604356e-01
6.485312942715115714e-01 2.838985738335004783e-01
-7.066335923689592846e-02 9.701503298286229260e-02
7.719348277381929968e-01 5.784544991404325653e-01
-7.197790875131784283e-01 -3.690190167358586848e-02
-3.484491506361193647e-01 -6.720699921388439968e-02
-6.551730852069757027e-01 4.039793723604241382e-01
