3.179566797870549966e-01 6.087603350847912154e-01
2.179757472110999128e-01 -9.617820505458274383e-02
-7.097799506367798994e-01 -6.883687735524990359e-01
4.377498123847967104e-01 -1.804846228888483672e-01
3.479277078139144663e-01 4.093233084572027725e-01
-6.046151436837539084e-01 -3.736059539965885801e-01
4.559635660974867832e-01 4.817688032884812621e-01
2.984931325771711386e-01 3.030349209910478958e-01
1.364048333028575755e-01 6.667554171238714300e-01
8.368494486287829659e-01 2.171604145944558972e-01
-5.938109019331132554e-01 5.004041794200864146e-01
8.789913577173968928e-01 -1.238069968368666895e-01
4.117625280973635782e-02 -1.766764159641023291e-01
7.408936183453525004e-01 -9.821902885807998196e-02
-5.211208783204781536e-01 -5.612520682216175505e-01
9.253073388183272741e-01 2.837089770711946901e-01
-7.234368282919736437e-01 3.844687078899122756e-01
3.004648465385042488e-01 3.711917015710912704e-01
5.246601000473021248e-01 4.390482347651425421e-02
8.630694211539096106e-01 3.566616176961832085e-01
7.341491230912455812e-02 -7.077552629704395581e-01
-9.754532555221375745e-01 6.208680803779564883e-02
-5.109866354884817774e-02 -1.440424887882014726e-01
-2.839983765406408622e-01 -8.052125954283684273e-01
-1.276205106867056571e-02 -5.306130967277478128e-01
-5.833315804418970352e-01 -2.493528666858915166e-01
-8.756327901002773917e-01 -4.054363760545713902e-01
6.891939885499456242e-01 -8.936969893118806851e-02
-7.590361402084333520e-02 -2.422528975779769667e-03
8.875139283606705565e-01 3.198729844873140493e-01
5.129265007791949937e-01 7.099532246858284434e-01
-4.336143087135455598e-01 -3.195693380326862787e-01
-4.850583113988828909e-01 -2.145239009326538326e-01
-7.666455175118698229e-01 1.702266376538514869e-01
-8.597844744496028202e-01 2.897105426782200510e-01
2.324432947389292181e-01 6.486371707168623324e-01
3.248743655772847738e-01 -2.486506230117679905e-02
5.852736887080094430e-01 -4.962045749529062633e-01
3.286903392460145401e-01 -8.778834967782780385e-01
