-5.852027137888409225e-01 -3.932813968768738011e-01
-8.139923904395796050e-02 -3.090794400336784875e-01
2.448501341609348181e-01 9.318549193877951886e-01
9.639110399720873801e-02 3.655582150211700299e-01
-9.813175558546631816e-01 -1.048647579959427478e-01
5.936203476703876269e-01 -3.796343499615026928e-01
-1.819705454233837560e-01 -5.984989375745779494e-01
5.246461580320083140e-01 3.889294886471426071e-01
-7.212544764169190881e-01 -1.278952595898910083e-01
7.444758362643053573e-01 1.900688136429335984e-01
2.282642557862857302e-01 -5.686906542850567181e-01
-4.808146706190736808e-01 7.849292905524825059e-01
-5.068444615775424822e-02 7.578193890586353287e-01
9.252998025269993931e-01 4.356897542722770744e-02
5.259222349805019459e-01 8.364510997041945117e-01
-4.968862865449370503e-01 7.856266561128930626e-01
5.389408461947136075e-01 -6.579217951075055915e-01
-8.424710246611599729e-02 -6.763589637774702901e-01
3.986006953381826534e-01 -3.127852194218538884e-01
-6.703499733923050652e-01 -2.251334241345550602e-01
-3.603078208657719550e-01 1.331913919922822487e-02
7.925858797041611670e-01 3.368645273074974966e-01
5.525851853830319182e-01 5.726423613446411931e-01
-6.383502152602473778e-01 6.259532484946352948e-01
7.319432987079679265e-01 -4.888193249386094674e-01
4.405452873865367547e-01 -2.801267159016695985e-01
-5.464206759561371918e-01 -5.043761732061160519e-01
-4.373488991497362921e-01 -2.176442914142666663e-01
5.566156235247106121e-01 6.600903589303457331e-01
-3.472375287817532907e-01 4.775246017289536127e-02
-5.052501321231477327e-01 -4.496094830407819654e-01
2.335420928819327280e-01 -4.966117412878401360e-02
