6.058674170799929204e-01 6.959662312729721911e-01
-1.369380419858634568e-01 3.316345954506405569e-01
1.134425478990930269e-01 -8.527370487759549089e-01
-8.984932117041046773e-01 3.598729552950978849e-01
8.803476392037778986e-02 -3.567814190036295852e-01
1.194199347794080435e-01 -5.211813315229512078e-01
-7.119812288379470111e-01 -4.280371437904284537e-01
9.143700867099942009e-01 -6.734658677611049526e-02
7.201544904426864235e-01 -4.255331998253812920e-01
5.274781062922786479e-01 -6.275761831103721100e-01
-8.154165771164563203e-01 3.902123145153721939e-01
-2.016883121598278539e-01 5.028509737144459812e-02
5.551411844010689656e-02 -9.793098523555290313e-01
5.748603851706139967e-01 3.435400008510076653e-01
-3.775020049250177312e-01 -5.221093921996788900e-02
-3.426903585195635316e-01 2.587324579975198713e-01
8.438427545878750546e-01 3.869158866653024109e-01
5.788483668756640999e-01 6.754266170804916758e-01
-2.026386843590088915e-02 1.664885480145430474e-01
-8.588225886855749280e-01 2.206456225945003791e-01
8.309402191788051173e-01 7.298443550747424347e-02
-2.803730082810937940e-01 -8.439107499490394737e-02
-9.039159063213855205e-01 4.271036079149419518e-01
2.487009580009735821e-01 2.966367301611692042e-01
2.804886466197149542e-01 -6.024313268004266586e-01
6.691468666078110861e-01 -4.914028540643324838e-01
6.011110656000535624e-01 -4.511863589676530228e-01
-3.507756099846370823e-01 -1.382155871655414980e-01
-5.903991450470136293e-02 -4.296500709667894213e-02
-1.102797527713246240e-01 5.288059429521423382e-01
-6.071160753576554381e-01 7.647528401414593890e-01
2.350265273237723829e-01 8.263673108176772253e-01
6.398119821714336464e-01 -5.400951749409488301e-02
-4.793932751917817647e-01 7.216152898355894241e-01
-1.293901199872165009e-01 7.604054181096255860e-01
9.024439428617803127e-01 -4.169550688217811274e-01
-5.109285380275414568e-01 -5.642559094834744826e-01
-7.150752152303880838e-01 8.133904995174923158e-02
6.857986113176361975e-01 -6.535903569443979322e-02
3.323936401752516367e-01 -7.980367180208784994e-01
-1.619154318732753950e-01 4.296580250570927184e-01
6.273756237970504746e-01 6.746703317043500903e-02
-5.589328448224886170e-01 -1.239493941685050338e-01
