-8.913161614056401838e-01 -1.594813571190656365e-01
-1.712752283729521707e-01 4.868152635515723414e-01
-3.136722063282475492e-01 -2.934554902812349653e-01
5.756632003780606244e-01 -7.222765594998392658e-01
1.797193959197036506e-01 2.265624155253069816e-01
-5.058301974881316276e-01 -3.941474069512735934e-01
3.149391316900373994e-02 -6.219602285236280892e-02
2.106361865234673836e-01 -4.569983812483282559e-01
6.466823108274339926e-01 1.092693568817142413e-01
-7.384301688427741261e-01 1.216972989912212810e-02
-1.378077096335095231e-01 -9.390087267085485134e-01
9.383752477260063340e-01 -2.053222062496742328e-01
1.846561930829813125e-01 8.122476109769551922e-01
-5.103254558009309161e-01 3.724453172553876534e-02
3.303044205275977863e-01 -5.770357383710464916e-01
8.909881340235932257e-01 -4.135054858286937307e-01
3.852082804140137817e-01 2.906731256845140887e-01
-1.785193176489376921e-01 -7.509951925526798799e-01
-9.134877836034536180e-01 1.025009338723117391e-01
2.322324233794841319e-01 -2.538913021925826019e-01
-4.147970653071626490e-01 -2.717070589145882398e-01
1.757305128583426246e-01 -2.215989773667141893e-01
7.418498536425657264e-01 2.428485262854120919e-01
7.702004984261046072e-01 -1.635387433239416932e-01
