-3.852142647595857561e-01 2.127180012399132458e-01
7.209799521093795960e-02 2.811762359318397131e-01
4.121033391828214931e-01 -6.403519491678577591e-01
8.790895038214856516e-01 2.010350917673215942e-01
-1.424643917458838782e-01 9.260050004128650425e-01
-3.236544377041812304e-01 4.868495847766454165e-01
7.169845236222571749e-02 -4.769653567394109839e-01
6.009295634039715228e-01 6.779228407699555703e-02
1.528511198423081474e-01 -1.337675148493739918e-01
-5.687495223673835198e-01 -6.906112992764714686e-01
-1.419449968902481984e-01 -4.748308189218974906e-01
8.084385913377210020e-01 -4.323800128862052006e-01
4.336522946239085297e-01 -8.630389088239005524e-01
7.210517339986588503e-02 2.171481317081727092e-01
9.091401843413577932e-01 5.883197303373344234e-02
5.194553336276432898e-01 1.087208338559706444e-01
2.858960081560850686e-01 -8.025445043321146610e-01
-9.220972926241748358e-01 2.842685355917866641e-01
5.801923884272128795e-01 3.259190621515897224e-01
2.550150448470844822e-03 5.634304048092566575e-01
-6.167440956311744937e-01 4.494682306348412038e-01
-3.172231370456730648e-01 -2.037672801027143876e-01
-3.586210735708452724e-01 8.758028255232432890e-01
-1.754811589993339194e-01 2.782285765903358410e-01
-1.883130264591137415e-01 4.861037750117447320e-01
6.699404756783124970e-01 2.751833905727931739e-01
-3.835241235653574776e-01 -5.384939768044814112e-01
6.162771531440214279e-01 -9.279333847193838025e-02
