1.120532267412710503e-02 6.460793078383098020e-02
2.107972218182074808e-01 -3.353319877174525399e-01
-4.436747925194952646e-01 -8.747099061780960749e-01
6.251411112238791645e-02 -2.845773440462839865e-01
6.190734692704469300e-01 -7.802223280753040058e-02
-5.865769745494253673e-01 6.422926636704902048e-01
-6.631694655083575363e-01 -4.331002566282793342e-01
-4.298442947762344257e-01 -4.995285233434272332e-01
-4.472406070879793027e-01 -2.099200317692411222e-01
-1.389164613871163301e-01 5.036805129540971038e-01
3.473704010480314075e-01 -9.073643955173191777e-01
-6.597614787035932515e-02 -2.310257742563308625e-01
2.616667988881147267e-01 9.021313999345628165e-01
2.457659985274094350e-01 -6.308956086622248272e-01
-9.349644906004517253e-02 1.761769142450735348e-01
-4.603755273507545986e-01 4.085972735003751133e-02
5.947620631478247599e-01 7.831064626023933606e-01
6.315293553960048545e-01 -6.102815857544070521e-01
2.527001551245990907e-01 -4.621242821025266512e-01
-8.715314762874644128e-01 -4.053908989319967571e-01
-3.057099843763990688e-01 4.191077622683700987e-01
2.573580538045723287e-01 2.994047252029752304e-01
8.655427152404069346e-01 -3.040980336005760787e-01
-4.326533690965339574e-01 1.741622810731628945e-01
4.735057974648504420e-02 -5.560494553413661833e-01
5.718353992382436690e-01 -6.650791114119036784e-01
-3.253558780080736401e-01 -3.238333653187477346e-01
5.832498943603645625e-01 4.333126811186780447e-01
-4.447967026052601636e-01 2.080090293863297024e-01
-8.231167472968281551e-02 6.831819326052430696e-01
-3.649141625543541601e-01 8.640652576654352934e-01
-3.148996112295436856e-01 7.989388295945063501e-01
5.665468333234306986e-01 3.371362063262897113e-01
5.182025785605892665e-03 -8.033709434265952076e-01
3.342096667863325710e-01 7.817477572444502254e-01
-5.932349553598248448e-02 -1.232436160706034123e-01
4.383285803044272289e-01 -7.801672726377375522e-01
-7.579637348813619280e-01 6.229551494165666004e-01
-1.454971226100083559e-01 -2.721754671145193427e-01
