1.646629945220667857e-02 8.615131702913261247e-01
-2.676877874257077572e-02 -2.294606731635415731e-01
9.339322943184882320e-01 -3.191391971485464385e-01
6.137446087347633306e-01 -7.746018756280368400e-01
7.508171595716497393e-01 -4.947829266096452905e-01
-5.572429232366848950e-01 7.013605301122050051e-02
-4.212771493440710113e-01 -7.665364472416564823e-01
-8.952146835568934868e-01 3.039526720409111427e-01
6.239681990094518849e-01 -3.079112994508279577e-01
-6.555939749757222490e-01 -6.167940888729264159e-01
-4.877498641555464420e-01 4.919938226881701571e-01
-4.324990692727610497e-01 1.522985697164838115e-01
5.790339524376513225e-01 -3.206651656833161557e-01
1.577879589603610189e-01 -7.582608743246690430e-01
-2.250764034054069107e-01 -7.372058493176167904e-01
-3.180507228807984976e-01 -6.456163686622076181e-01
3.596898319148980061e-01 -8.793159780045982643e-01
-6.394691170067012820e-01 -4.250041949429979038e-01
-2.366900068190496143e-01 2.877450655454392159e-01
9.048687980695890865e-01 -2.400614751001399760e-01
-6.924749724057706057e-01 -8.612042731353830582e-02
6.368263925415440507e-01 -2.499799064450058950e-01
-7.518982611240569991e-01 -1.602597506835552466e-01
4.584965701037406749e-01 -8.502361244998324352e-01
-3.451854072153812680e-01 -6.801467786675059468e-01
4.094183200949830237e-02 -8.212385166640527867e-01
2.726328504952362231e-01 -3.340853738445503929e-01
5.891680591689021362e-01 2.179956628951171815e-01
-8.632848178702059450e-01 -9.633612792190615615e-02
-7.670393996938500436e-01 -5.735291577993546497e-01
-7.730138494588829623e-01 3.961947029143635390e-01
5.995695496927710977e-02 -9.724230771872270918e-01
-6.548354056455487626e-01 -8.546358662199526890e-02
6.813127259033957550e-02 3.620581147232060371e-01
-5.700736997294209019e-02 9.942728697960316886e-01
6.410438364653954224e-01 -5.110631595148593664e-01
-9.036649116659076775e-01 -4.181198341653955541e-01
-1.346707665270856502e-01 9.577450315057860486e-01
5.706563958094790223e-02 -4.345124166210596606e-01
-7.831671205959442883e-01 2.771520963000999593e-01
