-8.384507405031793592e-01 -1.435420545415764249e-01
6.588596193478346574e-01 -6.504399492187262766e-01
7.848169567000344848e-01 -8.394461082876336633e-03
2.843217041264494149e-01 -9.463947669176560051e-01
3.700620588751073470e-01 4.006277014426253835e-01
-3.692530584326987331e-01 -2.357602264855485075e-02
3.268922703209371505e-01 3.403402422837247254e-01
-5.698027543728632072e-01 -3.494901343818619388e-01
-2.591875760625566016e-01 -4.405535732762619894e-01
-4.267653566689628697e-01 -7.740291378033734571e-01
5.266555677867148511e-01 7.231279301498205747e-02
8.611936436463185629e-01 3.551509168491808754e-01
-3.434308783403432486e-01 2.751048000442755104e-01
6.312817655481295365e-01 -3.234297780191552896e-02
-4.475229892811132260e-01 4.777842669518952423e-01
-4.391867887472871157e-01 -1.887940683617881366e-01
-8.957875890741959779e-01 3.602854649678977061e-02
-4.124689666101761798e-01 -5.307138138299598573e-01
-6.747887185231600249e-01 -5.382627969471409646e-01
-1.175895808885629723e-01 3.595046823139025349e-02
8.832003804740107267e-01 4.662722042426512559e-01
-3.426261583463172666e-01 2.504018205340872161e-01
-5.917561926170544773e-02 -9.826090833918394996e-01
1.653109691545138205e-01 6.862725172601868984e-02
5.357771891622156168e-01 -3.670609661409116597e-01
1.103519187263635182e-02 6.820808833588005715e-01
-2.131276147727723114e-01 3.978195875905512491e-01
-1.083682515602304441e-01 -4.798992865411599862e-01
1.127487413344718803e-02 -2.495926860389841018e-01
4.068783493679486440e-01 -2.766564229414776310e-01
