-6.619575116697502537e-01 -1.351783481461852343e-01
6.904216258966480169e-01 -3.293569033369867505e-01
8.140654527619124448e-01 -2.101111943649187630e-01
2.523812234970397306e-01 -6.036439377925506555e-02
-3.806416567144843555e-01 8.269809413780886409e-01
8.221764703262035567e-02 -9.355201317083787771e-01
-5.907317729802954442e-01 5.321497153391994139e-01
5.301445360310625965e-01 -2.718993053897715839e-01
-3.017384510863787561e-01 -2.541939094861209725e-01
-8.415371583696200641e-01 -2.668266146457558552e-01
-2.742456554382028955e-01 3.951342810475642064e-01
-3.140725248769109523e-01 -6.097613892748092734e-01
3.720023210389702406e-01 -3.980702938793299062e-01
4.058116419238011474e-01 7.572243319362816916e-01
4.358703198228746079e-01 -1.251003421877359134e-01
-6.562142899448932809e-01 -5.355756780409857143e-01
-4.264194457738001987e-01 2.753522539193871133e-01
2.741977970550875110e-01 -3.867745800676081203e-01
-5.458377760040464821e-01 -1.732064190049837915e-01
-1.183951620033301122e-01 8.073512277634449230e-01
-3.124970295257822883e-03 8.391090542675578856e-01
3.681355081019830333e-01 5.745318448550209567e-01
-2.469088491064075352e-01 -5.722613370742382077e-01
6.265360367168046896e-01 -7.570672403113267723e-01
1.739703844429210111e-01 -3.821189198621310901e-01
-6.731269642368611361e-01 7.234401393459344298e-02
-3.774992680185353944e-01 2.020364547292419211e-01
