-2.873431041403029518e-01 9.615258635000745180e-02
3.520136832782139180e-01 -4.741576091857249153e-01
-5.508485149623947308e-01 -8.240906194861796763e-02
-3.424181050894925527e-02 -6.076313587223225454e-01
-6.120057602596791213e-01 -4.008769753185317253e-01
-5.107545803999751222e-01 7.559319679731766328e-01
-2.337748917377864277e-01 -7.181534402571991826e-01
-3.470130174404471024e-01 3.285454976135073757e-01
7.708571375896204891e-01 -5.212515965670507789e-01
2.086699046180648942e-01 -9.050781742271467589e-01
-5.137321418455838007e-01 3.778330561662834874e-02
9.466189944745284635e-02 -9.738700278602974159e-02
2.530122320235348443e-01 -6.132125991577961344e-01
-3.826106326263913893e-01 7.758923692379844361e-01
6.304966364103858911e-01 -6.488137873170123360e-01
3.542611538711382124e-03 9.421617236173902565e-01
-2.059408869702350486e-02 -4.221650208137728288e-01
-1.869035764637860808e-02 -6.184262352959557507e-01
8.052730836143509041e-01 4.564190585337575268e-01
8.560990776601300478e-01 4.249530861591277464e-01
3.191146094214507567e-01 -8.818895907895973885e-02
2.560871855685746823e-01 4.158731602555887363e-01
-4.727841750811840882e-01 -7.217161803664442488e-01
