-7.099014930064377893e-01 1.367234283643401493e-01
-5.239271726638146109e-01 7.672170265788700316e-01
-5.700014316746988552e-01 3.947540625169976281e-01
-3.497228586891674151e-01 -2.213378695150602926e-01
3.441082177909460249e-01 -3.445758826423142018e-01
3.549233958493573926e-01 -6.292703877784877609e-01
-5.264365082228539272e-02 -5.933000922889695161e-01
-5.601032873908791121e-01 7.586267915894744363e-01
2.286697765476684019e-01 3.568238582829621475e-01
-2.088000295745593426e-01 -7.337627986396113577e-01
7.468933081143731556e-01 -4.526921452872034735e-04
4.726891424977306411e-01 -3.025712774500242119e-01
-7.579228669110036343e-01 -5.029893868600363582e-01
-4.702785583060136165e-01 7.759053013313046421e-01
9.222902971759794344e-01 2.154596845099465696e-02
-1.115166944789618420e-01 3.523929719338210198e-01
3.372048425609179834e-01 4.727658155730369849e-01
8.128604318323655598e-01 2.445671111126770381e-01
2.238373085727995981e-01 -1.620606496932461837e-01
8.874231615250669503e-01 -4.418321337548130057e-01
-1.562703627110386684e-01 -3.605462472502505289e-01
3.272876082853599655e-01 3.164151644659860541e-01
-3.188122544227427468e-01 -8.032637605472856546e-01
-3.909047967355494535e-02 2.606660474560227314e-01
-6.286879194604084731e-01 4.803973232860645481e-01
-2.943448911617108088e-02 4.642691448173512647e-01
1.675990392653263772e-01 -1.280822704343220764e-01
6.979277311480664991e-01 -2.412675354602877853e-02
-2.896995556075319111e-01 3.353527790072678982e-01
