-1.763277031040546561e-01 7.917051419475944485e-01
9.527581957413260305e-01 2.903832041099803085e-01
-3.760566755265588590e-01 1.528403585443862678e-01
1.476197774012681929e-01 -6.280351941838324681e-01
4.865422215385291071e-01 -3.418511588569206339e-03
3.318445957512206057e-01 3.649452606729495230e-01
-4.255315935500076918e-01 6.555895904982120825e-01
-5.564119172886201614e-01 -6.927757532525058437e-02
-1.451025725403913835e-01 4.207700500295388224e-01
2.057412821057116314e-01 -8.820816737133898577e-01
-2.861117277363760536e-01 7.068261671768263366e-01
-9.131201221103202315e-02 4.013740599541251175e-01
6.733131177468489881e-01 4.951093389830167890e-01
-4.585428647031501992e-01 5.615863341275824094e-01
-3.741707935702465182e-01 -5.399995730758613277e-01
6.358755030304794609e-01 7.554761909137153175e-01
-6.768941818823239753e-01 -2.702108134324991973e-01
7.371034463466854536e-01 -6.606688340610975541e-01
3.246047314281026441e-01 -8.865577985515689097e-01
1.633133479743531513e-01 -6.743907152753239043e-01
-6.616653787546655785e-01 6.689738613301732251e-02
9.630700143152675086e-01 9.547784212577514751e-02
2.937331802998459640e-01 8.543000457876799292e-01
-3.494998292559294839e-01 -2.500083340638339369e-01
3.447975094478974434e-01 -5.451437905079787871e-01
1.865043007418578647e-01 -3.551778554555737877e-01
-3.665449851576201290e-01 1.675693758411678225e-02
9.465558232378232795e-01 -2.004800561770037071e-02
1.845949720671313798e-01 7.230446342051146669e-01
-3.513752118230708543e-01 -4.041080303038626642e-01
5.110950207045616978e-02 9.419268376660479003e-01
-1.645970332300312755e-01 -3.375077648493125526e-01
-7.132626729052216064e-02 2.714595645802462265e-01
4.293695754063242553e-02 9.417920955892984392e-01
