-1.742494832909908808e-01 6.224854777931110306e-02
-7.273721194425897263e-01 -6.315138455685231911e-02
2.475609300252834544e-01 -8.332940051933810377e-01
-5.018245848331279735e-01 5.033832251280756509e-02
1.115352255885746491e-01 -3.651509983870466769e-01
6.111558856490306724e-02 -5.590986072361774362e-01
1.233351063496133104e-01 1.831764800661621617e-01
8.302189935588879521e-01 -1.618125674564070415e-01
2.480987364094278114e-01 2.522565740323059469e-01
-4.810410424641617944e-01 1.739360370372791120e-01
8.500629687879104335e-01 1.823980624472030243e-01
4.058165552468779858e-01 5.156126123139606054e-01
-8.776288562569358742e-01 3.181636617136638367e-01
-4.556356381089696761e-01 8.642770948745763793e-01
5.793143271691509888e-01 -4.734577692260251158e-01
2.771262892528261190e-01 8.377068271612890804e-01
3.587133124672159390e-02 -1.516093924877948140e-03
-1.271387573623505851e-01 1.826574987961504526e-02
-5.248615610127020936e-01 -4.193466562331373826e-01
-2.760609994584493077e-01 -2.519318824698462134e-01
-5.159000654129053398e-01 6.190094305959024101e-01
3.125616340917081182e-02 -9.029859660677803657e-01
-6.114064693076204371e-01 -2.926075209749363637e-01
5.331119108616411140e-01 8.248389849528687812e-01
-2.095192305236386332e-01 -2.087630840116745379e-01
-1.261498863677212867e-02 -6.480873851161872423e-02
-8.530608729260973355e-01 -3.957871198836431237e-01
-8.636336118784782023e-02 -1.096801021534183906e-01
1.588820577692495739e-01 6.695573648869075356e-01
-2.152095559372679823e-02 1.767476349832097782e-01
-3.255987364977024345e-01 1.395449356032010257e-01
-4.052477866343597857e-01 5.706800742502284862e-01
6.424063969020976650e-02 -7.574267445664162324e-02
1.967275496071660967e-01 -5.696303436436354062e-01
4.502253046685944504e-01 4.053340913308431936e-01
4.889854453584678851e-01 -6.667418457428411216e-01
