-2.687472236983245999e-01 -4.300276821658943760e-02
2.739707678943401614e-01 -7.826671154736566383e-01
-1.209900207964256236e-01 8.060660806315527172e-01
6.019342884179588182e-01 5.844052999517475033e-01
9.961898820070580474e-01 -2.834649372523911914e-02
3.381108367062100051e-01 -8.317942448132804589e-01
1.394888229379491751e-01 -3.634380761996203191e-01
9.328778910447699246e-02 -9.604741779452914407e-01
7.139759418023960968e-02 6.551002527199982772e-01
3.411302165710496936e-01 5.948134383229390920e-01
-8.674279782554601415e-01 4.154301301991785156e-01
6.374658745597467924e-01 -3.315488820181595742e-01
-1.082960731163962187e-02 -1.009235700247645973e-02
8.031499571194058440e-01 5.034752671284188352e-01
1.071895514982488251e-01 -7.505017962337079407e-01
7.404457601154015300e-01 8.265203302360468740e-02
6.397617388527279125e-01 -4.538440470966993434e-01
2.155132157908592472e-01 6.222588604837775428e-02
7.807025993670380082e-02 5.466221323393511966e-01
-2.787970294326631571e-01 -2.819325716193201714e-01
-6.200548743021281339e-01 1.500947760151094545e-01
3.102387544369176187e-01 -1.943967584692092299e-01
7.505531613185441042e-01 -2.670682285804406586e-01
1.397498806516377368e-01 3.531200458128336273e-02
2.628544270669215255e-01 2.110732876712049233e-01
-3.909118206308812571e-01 -6.646651685855717862e-01
-6.098287777837740897e-02 -8.270255457435937707e-01
-6.669375137789483876e-01 5.847229680512606720e-01
-3.209461542560787528e-02 6.081606455527821531e-02
2.740569684356020108e-01 9.127802499938071357e-01
-7.554388025466916012e-01 -6.053364747777782995e-01
-2.706006164510457168e-01 -4.484577918886143433e-01
-9.056537731726945761e-01 -2.935427217933885835e-01
2.484414847522875558e-01 1.948537647869441614e-02
2.620427381332384176e-01 7.738443692084879810e-01
8.679173849469352664e-01 4.518293842746916589e-01
3.645124172874294466e-01 7.854997431428749621e-01
3.449225583576032150e-02 7.021373563099231330e-01
8.228343259434869328e-01 3.858790391528461594e-01
-1.682129711465163435e-01 -6.485983258403966722e-01
7.174548764930490652e-01 7.896719310756861177e-02
6.388281719747630483e-01 -5.089657466157602173e-01
