7.394241959595782010e-01 -3.596845065356946147e-01
8.163093574923692142e-01 -3.779731138549344838e-01
8.357837917966604024e-01 -3.015945765815553070e-01
-5.543010547826676682e-01 -4.124500995070059517e-01
-5.773909883006977939e-01 -7.571485262132133798e-01
4.858076877022541318e-01 2.822789452188845249e-01
7.152819610392793237e-01 -6.840914328288805191e-01
3.778278867349416092e-01 7.027227790377892358e-01
3.303701509021328420e-02 -4.789518235859586692e-01
-7.732091367078992583e-01 3.392719577839820033e-01
4.954976918211311254e-01 6.276752685140407628e-01
2.326546838293881425e-01 -2.638926858174621692e-01
-6.140108070826335585e-01 9.490709771806860040e-02
-2.953832414507748805e-01 6.020878269818605855e-01
2.045953542520728696e-01 -6.765150914532893633e-01
2.364625657340286846e-01 8.155019821908939814e-01
-5.313285387362529644e-01 3.747755350729751189e-01
-6.927521037033517182e-01 -7.363686642995714848e-02
3.590153458267311137e-01 -9.440804787822698607e-02
