-1.001729664745374393e-01 6.312152630105705153e-01
7.674837688990481244e-01 -5.279004512873386457e-01
4.344988189993219674e-01 8.325353865688880362e-01
3.487996798615251581e-01 2.177426165961462434e-01
4.098264535063449454e-01 3.749983886426904167e-01
-2.622729592797545806e-01 -5.816390568519256288e-01
3.319303526070020993e-01 8.298567836350587701e-01
-4.071617918440693096e-01 -1.720818250527567095e-02
-1.001869694017409884e-01 9.555124603469684619e-01
1.065155116508607058e-01 -9.219104081540370199e-01
8.693084659127661151e-01 -3.355914814400939861e-01
7.079994584010722569e-01 5.672658484132855339e-01
6.620363546124443666e-01 -3.006741382230344595e-01
-3.857745090561315315e-02 5.378070464187538757e-01
1.234275418713648431e-01 2.775266476998965448e-01
-6.308636538701990482e-01 2.383899994717888493e-01
-7.575484629314894747e-01 -5.979099622747503506e-01
5.474938911254583207e-01 7.385837663645480333e-01
7.488507691279615575e-01 2.614231200369039332e-01
4.411246873267560265e-01 6.440590657452700540e-01
-8.706769099488587127e-01 1.077219104276216921e-01
-7.920704948759671460e-02 1.012668680783168629e-01
