4.524355476588688418e-01 2.586647946077709204e-01
3.382389625197348426e-01 6.764237653223610369e-01
1.549487920066452418e-01 -3.782896147637579976e-01
7.302885416436635246e-01 -4.952605348369252258e-01
1.657640357713496826e-02 1.436967537209201673e-01
-4.702962542727062711e-01 7.850557710745327267e-01
1.440768047605816005e-01 2.186979767585350842e-01
-5.211501603944870276e-01 -3.642999288033696992e-01
-5.950389184137006016e-01 6.014557032601479669e-01
6.890836523663674829e-01 6.882943536926409145e-01
2.528523953918115907e-03 3.545623530609409713e-02
-2.341713599557184722e-01 2.063353533542235940e-01
2.925730979639433738e-01 -7.150980751553717152e-01
8.534050495195968367e-01 -1.765658116566790614e-01
-4.371643329924648214e-01 -2.188214058442952137e-01
3.297959374943020272e-01 -9.227707723318678834e-01
-6.983974895698783492e-01 5.001316358101972614e-01
1.466153437647259583e-01 5.622043564092100709e-01
-2.409925593549560041e-01 6.945410237177440660e-01
9.984220480245318274e-01 -4.340865470230892420e-02
-1.666201631528596572e-01 2.091116124409022614e-01
4.200285050210201820e-01 1.955697728553025261e-01
8.282852521497519049e-01 2.052724199339122091e-01
1.560864347512127548e-01 -9.103139130479511731e-01
9.849160424564229466e-01 1.656259954890340058e-01
-4.551869064886429062e-01 -2.256746884884295312e-01
2.531994013181386727e-01 9.545623161956329206e-01
-1.947412051371337771e-01 9.798866846492155780e-01
8.506966443577219650e-01 2.370740144518204140e-01
8.603508411780236287e-02 6.382406262243205397e-01
2.717253888706323561e-01 8.140997201238666658e-01
-8.505175921050291965e-01 -4.982743054727625243e-01
5.499561790622988777e-01 7.139406507403418534e-01
-3.774993555943373380e-02 3.109911371188627260e-01
-6.804298370417181108e-01 4.636742213657036871e-01
