-2.607444640131622027e-01 3.465516281602005755e-01
4.069389637998004350e-01 4.977184846482154423e-01
-2.797356819062630784e-01 5.512514060296358487e-01
-7.653712596976607330e-01 3.554591270824107863e-01
-2.273025389973608590e-01 -4.507047310851477473e-01
-9.050720787811190604e-01 1.113067077506253444e-01
7.008035298053643114e-01 -4.426051729479520969e-01
-1.046253196147783893e-01 5.884658654300978231e-01
-3.783277104813409508e-02 8.546879232705415497e-01
1.651321989791587619e-02 1.209173477513720840e-01
2.288431306530815945e-01 -8.956699173143729542e-01
-2.805148248236271069e-01 -3.492207072294652992e-01
-1.839343080018711607e-01 -6.410787617156963325e-01
-7.918586294609237797e-01 2.850458815585898975e-02
5.635200654678680365e-01 7.444190649624526923e-01
-8.199733004496627675e-01 -2.997773054557613115e-01
1.453337056207171241e-01 -9.760340625117207569e-01
-9.421467013758224596e-01 -9.172130870822625681e-02
2.692080238359384481e-02 3.547405002764738580e-01
6.407557660833786972e-01 7.017975185120952641e-01
3.326789996453261011e-02 4.747605386770845648e-01
-6.898301389875838296e-02 -6.632743167562547004e-01
9.254640185466707081e-01 3.723691833920894645e-02
-9.611069676181089871e-01 1.378865310000607636e-01
4.052594197854699765e-01 8.260366216116499238e-02
7.117771747972601037e-01 2.610920730884656038e-01
-3.792343853762560890e-01 4.413543881966608406e-01
4.671223697610054071e-01 4.277231886229031499e-01
6.688477434645421216e-01 7.414572023523595679e-01
