-1.605412622419601920e-01 -1.177650084802768227e-01
-3.030789123666053353e-01 8.268292928259430852e-01
3.743054362644389066e-01 -4.755358995047616055e-01
-2.694257406335076599e-01 5.082857475757109889e-01
-4.919032624357344563e-01 -7.903060982088321307e-01
8.793716905970883069e-01 -1.579701230666308298e-02
-3.032741489772550203e-02 5.422364914587083362e-01
5.275809893070095846e-01 -4.163009862294524410e-01
-6.210128188391590420e-01 6.064588295494501846e-01
1.689333648583906111e-01 6.379860659125149436e-01
-1.958028448105397779e-01 2.097431571677350615e-01
9.485546143525369622e-02 5.250975855864472575e-01
4.006298015467235629e-02 4.218831818369381814e-01
-3.240374890173738365e-01 5.178356649203932349e-01
1.535270009319662510e-01 -1.850579546370365591e-01
1.911288777682984552e-01 -2.555240862345820041e-01
7.277390098943419261e-01 1.044139002066235555e-02
-1.597172336164349726e-01 8.873580118841051245e-01
-3.161503131819265455e-01 -1.987986430873061039e-01
-2.807888301274577003e-01 -1.319246260676996130e-01
-3.582491642793339537e-02 9.198543008981343583e-01
-1.210322137355661631e-01 2.117290772967066470e-01
-3.275435974389677707e-01 5.902437591782561110e-01
4.382302223717238210e-01 1.765152367566329428e-01
-6.563155580408963630e-02 6.334155676837729398e-01
1.397281341331741977e-01 -7.281540520209905942e-01
-7.134837634548136798e-01 5.256401523188667380e-01
2.467781397432988744e-01 6.966563366200284602e-01
-6.094632073295351837e-01 4.224624221732995455e-01
4.906030608814992977e-01 1.245396916898180439e-01
-2.543224926481519876e-01 1.580247047864873355e-01
-3.573701833483833301e-01 -7.686385255347143453e-01
