6.535553013486627982e-01 2.032348597288253789e-01
8.910243894770975004e-01 3.040866895150615701e-01
-1.726485422396950575e-01 -1.308142485360970220e-01
-5.190951306850328795e-01 7.161428378509711035e-01
-2.841908854804242601e-01 -7.782532788327971573e-01
3.425910654630657248e-01 6.337791892659194737e-01
6.942300058395654005e-01 1.135292929207016854e-01
-3.796655810281182042e-01 -6.493125131717016885e-01
4.113773441464387837e-01 8.068050233082808553e-01
-8.219999303163461057e-02 4.248987787096634161e-01
2.694843869596130759e-02 -7.594761198442530059e-01
2.966908694126404455e-01 -8.577665406289751715e-01
1.234109120183457531e-01 3.796553729451472847e-01
-3.178181495190814942e-01 2.304846768122281730e-01
2.609772300857748917e-01 9.008195184476708306e-02
-2.262484935974766742e-01 -5.115485419967111813e-01
2.965270139268365579e-01 2.319898012366343742e-01
9.055252434066918266e-01 3.439356560913029437e-01
3.455007360306241448e-01 4.467938240283642060e-01
-4.021556205601932721e-01 -4.192728171017057193e-01
6.076184079179633990e-01 2.503611928291249455e-02
7.931742256162335192e-01 5.287094137177776876e-01
2.770181047051776257e-01 7.451024428381434195e-01
4.176927476199130407e-01 5.806571276129806058e-01
-9.560991105322265149e-01 1.440854355331930847e-01
-3.332797175912927123e-01 2.775008392652302813e-01
-4.313067683130735741e-01 -7.401706579835185540e-01
-1.244917866954515784e-01 9.638847757216670864e-01
-1.233749380040269905e-01 5.854218483778066417e-01
2.508994453815673875e-01 1.617735059203853076e-01
1.875573015033824564e-01 8.986141219383148027e-02
2.068521412249790803e-01 1.314667046398174666e-01
-4.722401654487107248e-01 7.164698913063940466e-01
2.424290474024350939e-01 5.678368017492971820e-01
