4.117328766339971580e-01 -5.254938352145930303e-01
-2.547450992121851332e-01 -4.028122897954147241e-01
1.580597347849899137e-02 8.633310669614613353e-02
-5.878930666282109474e-01 -1.206289320976599022e-01
7.376635161070581592e-01 -4.425080706631676630e-01
8.143880172931441397e-01 5.321681129280837474e-01
3.512795670595574293e-01 -6.387969166599229975e-01
4.560342213950345780e-01 4.005877386112608463e-01
2.522690377295133679e-02 3.797843973775805182e-01
5.632420997124796269e-01 3.459572715732450732e-02
2.503146773225670696e-01 5.167616541623769599e-01
5.786800987757767523e-01 -1.158159697603935445e-01
-3.896726804958758894e-01 2.488820575207859598e-01
-4.251044599659206114e-01 -7.891535993035736496e-01
4.513274720557798325e-01 3.989286398861575655e-01
-4.537508807674408562e-01 -3.751619689544043457e-01
-7.682262995910416059e-01 5.966676183636230313e-01
-5.649123068697294858e-01 -4.614497815090126132e-01
-2.157516955687426297e-01 -5.650935555926788201e-01
1.741821291319634035e-01 1.251865201986366305e-01
-1.805662865027084507e-01 -5.610679411837735664e-01
