5.016301656264270381e-01 -7.393637653931053322e-01
-6.615183253214818038e-02 8.747788262311040342e-01
-5.897924124846967153e-01 -2.858492800541365675e-01
-6.239538849697576772e-01 -1.324111775332039720e-01
-4.829866831074596245e-01 -3.740452400246445652e-01
8.526644047007079230e-01 3.669992966821857827e-01
2.283589833581678441e-02 -1.311047030132845848e-01
-3.047384650631366210e-01 2.012672343931798391e-01
-3.999515298002827013e-01 5.532093131997528612e-01
5.437341513668456638e-01 -5.821151072347978683e-01
-6.915345549425826466e-01 -7.684755876208626546e-02
-3.552711252034641554e-01 -1.696545704038057156e-01
-9.521709376924103463e-01 -2.311891537394477059e-01
-7.270182260043305256e-01 5.063409262434426239e-03
3.252502069884848357e-01 6.114816358919390460e-01
3.640438087070618778e-01 7.641518026055362789e-01
6.396071589245018174e-01 1.150451172180373405e-01
-3.113370895503799751e-01 5.890562893867070660e-01
-7.619788313766928667e-02 -2.421786328367125929e-01
-4.144151929695296666e-01 -3.016069660390097162e-01
8.650967204255723964e-01 -3.547089183630214304e-01
3.540453646917605113e-01 9.037744396140023895e-01
7.369728350163833319e-01 8.551206073900741167e-02
7.155371001613948234e-01 3.252584368982878171e-01
-4.316745988995052130e-02 -5.712564180964969651e-01
