-3.888187200742669880e-01 9.055455539071108895e-01
-2.536123829904184390e-01 3.276268179012846726e-01
-8.361643878074616065e-01 -1.246763224252882551e-01
1.322820658793582016e-01 -9.726710328842336217e-01
-1.446781646022932133e-01 -4.916955642773335189e-01
4.130598940200331803e-01 -7.536015903266040095e-01
4.806592388608978972e-01 8.341164672420187109e-01
-7.977065042681101836e-01 -2.277610803722829314e-01
-1.781989491423761063e-01 8.634615213377985210e-01
-2.774276594555784570e-01 -5.947028336796698067e-01
6.694842565830612102e-01 5.850891189935587544e-01
7.734759552077103972e-01 4.484972869381445015e-01
3.545771068409371285e-01 -2.932610128512644909e-01
5.373221468888678132e-02 3.967168878267868237e-01
-1.418009071892549766e-01 6.484616686997886070e-01
-3.946298825213852002e-01 -9.014897229935594503e-01
-5.772149821124246127e-01 -4.628135552963781318e-01
3.051777191203342010e-01 -7.095499807259357805e-01
-4.096075626047692708e-01 -1.279453652635289540e-01
-5.065531767952697884e-01 2.993570323178513792e-01
3.742099363713207172e-01 9.933201224094734272e-02
8.036748710071341950e-01 4.733252452748393235e-01
-5.979644449230623326e-01 3.555849880614241343e-01
-2.875749973890917577e-01 1.008397345403615475e-01
-1.162836180317952106e-01 6.182049075116144987e-01
9.600510921918834484e-01 -8.108711312921013104e-03
-2.247603122408325937e-01 -6.157178303990906709e-01
-3.403574209738420286e-01 2.374670709514472566e-01
6.964922275441776112e-01 -3.548647298000839889e-01
