-7.910102576048325673e-01 5.855071138542289333e-02
5.288164629860496735e-01 -3.197358840697339666e-02
4.982372062743187779e-01 -5.647801639294951492e-01
2.624406531153276045e-01 -2.643972711693003408e-01
-4.877300574060901006e-01 -7.084015359942763546e-01
6.212424863066678959e-02 -6.650228403915072750e-01
8.389870258032539052e-01 -4.348347305588986522e-01
-4.476498171032248230e-01 -5.782435248860204879e-01
5.114490363958250629e-01 5.915720865729305888e-01
6.998490964514068047e-01 -6.684540209254672405e-01
2.610752938168359183e-01 7.422300396953360746e-01
3.201951921183456840e-01 2.946744227712789765e-01
8.620235740638060307e-01 4.771601730889236670e-01
-2.304628674058544213e-01 -9.413849035375758678e-01
-3.197930048272992209e-01 2.599408417761472911e-01
9.161226660865284810e-01 -2.080095300011663983e-01
2.389348211450890158e-01 8.723456303024601510e-02
3.966652561391621479e-01 -1.365682815139566131e-01
-5.274670316494081135e-01 -8.492122283193845877e-01
-7.257867468299981084e-01 5.665545740911175354e-01
3.029473212783373448e-01 -9.339665447117513342e-01
-5.354458555076984094e-01 -9.743149873019230078e-02
1.227646411080005606e-01 -7.681265076555665594e-02
7.724054700511777671e-01 6.314153739370638174e-01
