3.917656167231606812e-01 4.732245113819184557e-01
7.656477696791519350e-02 9.788258422311033602e-01
-1.864918657064216223e-01 -1.269272361015587602e-01
-6.052952120652015378e-01 6.980517351873449794e-01
-5.280758659698090440e-01 -8.228747831965230741e-01
-3.473093899321400002e-02 -1.535700750861135333e-01
2.761756822663883337e-01 5.475535641236097817e-01
2.112446829510317148e-01 -7.588793225600429793e-01
6.541614615802910926e-01 -4.140126596845994378e-01
-1.888108206841363490e-01 7.875134281254381197e-01
-8.708562976599252270e-01 -3.828549785543047257e-01
6.255051306695789126e-01 5.399969037959988505e-01
-8.379917128702125684e-01 1.550818385451466774e-01
3.978230635807622484e-02 -6.786394423425397004e-01
1.510883716681199473e-02 2.164717229832073819e-01
6.483466087006750644e-01 1.710317102967859881e-01
-3.271691842600787936e-02 8.251996074160985462e-01
-2.509442975267992537e-01 3.294580176010739603e-01
1.772809630686111859e-02 -6.268671667231657807e-01
1.245703466850698327e-01 -4.715632468422463752e-01
1.715187614095838864e-01 -1.300350084874279943e-02
-1.757038246067967879e-01 -1.826522029310406747e-01
3.402927318264492573e-01 1.775212180109049243e-01
