-7.128783163801146738e-01 2.630352624020226848e-02
-9.308700162956622393e-01 3.511200784408798903e-01
-2.882814628323471240e-02 -3.044222544990429213e-01
1.828654922152690432e-01 -5.291970862643031737e-01
3.021068879120523132e-01 -7.917984576134680097e-01
-9.294419758351646355e-01 4.879598222292336196e-02
-4.819585179249847862e-01 7.321087096433489538e-01
-1.290195318250744183e-01 -7.857667501081846417e-01
5.736413247315148567e-01 5.052245417993137533e-01
2.838798111803702007e-01 -3.704967696999084126e-01
6.506864470660471689e-01 6.039843984577220048e-02
-8.223353136340905145e-01 4.401677696410899454e-01
-5.358594425220930546e-02 -4.273475138857343314e-01
-3.319913906377038870e-01 -5.825996458382309839e-01
-5.942347697944254659e-01 6.639969699351233601e-02
1.578949604861779044e-02 7.026257366458064091e-01
-6.705661445500044060e-02 2.496351532213032520e-01
6.353498669817418953e-01 4.547584118045517876e-01
-5.042394474495803802e-01 -8.075358593305947963e-01
-2.001052374224261410e-01 -3.206132854990710879e-01
1.761459735954462591e-01 -4.629539074890822725e-01
1.991744962641315286e-01 -7.300879691106909597e-01
-7.601823222727641660e-01 4.198032855057272084e-01
-2.986578752385304902e-01 5.845499043661568361e-01
-6.276811591096458365e-01 5.689172629161416417e-01
1.357863315723750741e-01 -1.636631766784624187e-01
4.663552012575289396e-03 -2.512871728905541335e-01
-2.382735073216109001e-01 -2.991761961580270412e-01
-4.581337387868955613e-01 2.204963277855012116e-01
