-2.790363077217574705e-01 -5.153284854327095932e-01
-5.277671991158250364e-03 -6.267139006641795351e-01
7.194853242979166730e-01 1.900551206013598726e-01
2.329259083558483656e-01 1.701658957242162540e-01
2.328387968075433800e-01 -8.719696900860161026e-01
1.054530027285716098e-01 -3.604583873314384235e-01
-3.973022971181687790e-01 2.591344828718424864e-01
1.340397262614856366e-01 -8.974893119072577807e-01
-7.476210238473526282e-01 -2.645822609079784282e-01
-8.289308079936974494e-02 3.853538552199393674e-01
-3.155070422184795831e-01 6.658372330054835864e-01
1.381893410804213573e-01 5.002160297064337513e-01
-1.436850100013511433e-01 -6.595973641543575461e-01
9.202990689802725832e-01 -2.671462515161504570e-01
6.043042430996474756e-01 -1.337793288893089905e-01
9.004436061053850970e-01 1.206687059112248050e-01
3.463860231700481851e-01 2.504212838891379800e-01
-3.972915753500183556e-01 4.499627549482925204e-01
4.856540117388850053e-01 1.225013810495834132e-01
-1.983052916508662999e-01 -8.408671417366655465e-01
1.443338952420460952e-01 -1.060111844832356542e-01
9.487705616373898199e-01 1.044386300257884592e-01
5.104929087223983863e-01 3.091356292979270393e-01
-1.454286546781327072e-01 -9.451996127587367624e-01
5.511802774090486245e-01 7.762960970176744357e-01
7.702383007212709742e-02 9.759552166045177835e-01
-2.797367277447975198e-01 8.650488958525945904e-01
-3.077839473211603227e-01 -9.043255930709306334e-01
-4.305166515499552204e-01 -6.207126793532611320e-01
-1.092932304127116616e-01 7.373002619486548337e-01
-9.444131152240595739e-01 4.874905426897813143e-02
1.094331553565308646e-02 2.391738135747500937e-01
-7.707657069995408339e-01 3.474054880883548080e-02
