-5.235894614696054994e-01 -8.299700066024839895e-01
1.231120048454994453e-01 5.825652834403449720e-01
7.273699806280999880e-01 -3.213373822590752660e-01
-3.893018794170872710e-01 6.208182951116638648e-01
6.271732861087710997e-01 -2.909355840762388734e-01
-1.430397946003743037e-01 -4.011790957512493261e-01
8.106138892391978601e-02 1.847330233029944591e-01
-2.897579046038900596e-01 -8.528383251623572470e-02
7.140105770976274968e-01 4.800217695890587333e-01
1.008319750363499967e-01 -9.020429136394554348e-01
4.163313274626008198e-01 -4.056217659321550428e-01
-4.861427803984119667e-01 -4.276562454657855117e-01
-5.157364970874076526e-01 3.087337803800358493e-01
-5.161975977320254483e-01 -4.735000982934298719e-01
4.521971910271747053e-01 7.657333082580626282e-01
9.026553142621478454e-01 -2.594100897958979690e-01
2.430777736588392024e-01 -9.253445147566790041e-01
8.522419564938354952e-01 -4.570260876454128596e-01
-8.900380626441835030e-01 -1.249202124007677828e-01
-5.194364276659364510e-01 3.909661032956608384e-01
2.401225601089715944e-01 -7.677263657211599313e-01
-6.436840987544223402e-01 -6.714156827958035478e-01
-7.522973092851983345e-01 4.421216590593113338e-02
-7.676423691525766646e-01 -9.633453523127588625e-02
2.129124804659565662e-02 -4.093309024330336054e-01
5.848089590744620647e-01 -6.357929392448449235e-01
1.302877208716977098e-01 7.731377906867287209e-03
-3.801007552308188764e-02 3.935480050448629807e-01
3.305360055869346336e-01 2.045622138738534268e-02
-1.104489853286472201e-01 6.522392610345906228e-02
-4.857118913428422058e-01 3.814800074319306677e-01
-9.536293972387734907e-01 2.662535721158403312e-01
-7.158250033885698027e-01 6.342482245008362884e-01
-4.050979380664869733e-01 1.862008018609007109e-01
