4.754848980173638218e-01 -4.963966044526886279e-01
4.481674824744494856e-01 2.732500760985121513e-01
-1.265274125764570545e-01 6.677922360744081853e-01
-2.681021185802849871e-01 4.481044784861367702e-01
-5.584594843973857969e-01 7.637863667041500104e-01
8.449227033747466198e-01 -2.273492318175787119e-01
5.450221955797989182e-01 1.881984348720311395e-02
-2.635702609076202574e-01 -4.304485938144446688e-01
-6.815017818958857276e-02 9.145237578279501456e-01
1.685268903093517512e-01 2.510374844324800847e-01
4.499826381932803265e-02 -5.872906718099479839e-02
8.315780756056323497e-02 2.341367149876378839e-01
1.335551366028018272e-01 -3.494688554701363969e-02
-2.269648180981136409e-01 -4.299222364105368399e-01
-1.084901897972092577e-01 -7.604116247359358205e-01
-1.959171277586257975e-01 -3.304195606139281871e-02
4.632939092114463087e-02 -2.876033598946248215e-01
-5.020163572619449344e-01 3.691216461077961863e-01
-6.687099319967226840e-01 -4.651862162040831805e-03
-7.090615793223411512e-01 5.887664844233586603e-01
-3.073827099975414701e-01 -5.420510387123513851e-01
4.256381869444014754e-01 2.224878845268152272e-01
-9.297456235796037749e-01 -3.099213562019804691e-01
-8.637642413525381535e-02 6.899774247559462559e-01
5.519681078942606511e-02 3.119712988832101797e-01
3.558046758351307570e-01 -9.244202325197528047e-01
6.282448161316600554e-02 -5.036776229079631406e-01
9.659516926231350720e-01 1.427465344775000755e-01
3.065086648572932226e-01 9.251951950376700040e-01
-2.272368346299311614e-01 6.798103141960321061e-02
-1.723006172615875187e-01 -4.480818414232372593e-01
-3.986476535195444537e-01 6.714712020376822910e-01
-2.980500336202376310e-01 -2.803927374082268997e-01
7.419595821396283153e-01 -5.498774415229021884e-01
-2.770585126814077981e-01 7.326101996153584484e-01
-7.103829790723323878e-01 4.327286500508191747e-01
5.939811802710981414e-01 -1.563650145762220944e-01
3.472260406443627989e-01 -6.857991887413319443e-01
