-8.898252319739046179e-01 1.865905268641800951e-01
-4.411445018915831628e-01 -2.672939737991675280e-01
-1.989206478315248550e-01 6.709840767735533174e-01
2.634546059373705784e-01 1.113176446434620548e-01
-6.666389046316827383e-01 -3.695413460936705086e-01
1.352275212202247445e-02 -1.031002670169156588e-01
-4.250778101005947551e-01 2.070024043546163650e-01
6.734612692538182177e-01 2.263709795987067785e-02
-7.013151895427871541e-01 6.206512640464976194e-01
-8.162913759141714465e-01 -2.401509098812937282e-01
2.651086214418916231e-01 -7.330209395648581427e-01
-2.188311079914753154e-01 6.827828279438432624e-01
7.366440179824567114e-01 -4.129988730723082035e-01
7.597378858193226669e-02 8.879880816420770984e-02
-6.700881258612183533e-01 2.850679882638103013e-01
-2.152317075780230127e-02 8.368501020148930714e-01
5.774570864980890228e-01 7.892919527134893976e-01
6.972258230352266217e-01 -1.010160610573407336e-01
7.543688004854964824e-01 3.475213987916581093e-01
-5.475476756606156847e-01 -6.839886285386143072e-01
-4.953054492418595967e-01 -4.440423182210335717e-01
7.455543969812399308e-01 2.601411947477694220e-01
1.721553604775121205e-01 6.207004763840058281e-01
4.147773389331281813e-01 -4.234139707275563769e-01
5.533824360830790212e-01 8.395220113064372214e-02
