6.398931273888284199e-01 -7.487438261288303920e-02
-3.080679240837189692e-01 4.714323295966291738e-01
-1.918184422405559975e-01 -6.904865765342060868e-02
-5.797343021054295331e-01 -4.280786772053835065e-02
-5.110986105611319275e-01 3.284242096212222073e-01
7.438864105196640875e-01 6.470548067327295261e-01
-1.835669461125268853e-01 9.779677223030598388e-01
-6.786652797585501773e-02 -3.369869121832005376e-01
-9.988926434643325969e-01 -4.336823461395655777e-02
-6.380980704379690671e-02 -4.557818542515685856e-01
8.377407146801680859e-01 6.471812176054525523e-03
-4.921152211562973555e-02 1.369758471215891671e-01
-4.773033655881493420e-01 8.004690817802735392e-01
-1.611131299629318114e-01 -7.760748587994776848e-01
4.338774761240382638e-02 -9.643484797524370933e-01
4.340285566685384566e-01 7.370680725161067315e-01
-4.864737016657660895e-02 -7.093725929154950371e-01
-4.838266568423976732e-01 2.639380951979619638e-01
5.953454383155640794e-01 1.865452910019227417e-01
4.793003504095654232e-01 -2.843328157008973012e-01
-5.350014853086053623e-01 4.075267591580116200e-01
4.410672389157206386e-01 -5.706389444344606154e-02
