3.346152668936970276e-01 8.726064964150068715e-01
-8.944434361375797060e-01 3.179964303145421667e-01
3.008393217450699986e-01 8.944881784577598527e-01
-4.171578122642967124e-01 5.579653189047872885e-01
2.105882021766074530e-01 3.452507268057498635e-01
1.420348855956312661e-01 5.324205941304234191e-01
1.569538342783201035e-01 -2.864298598335999202e-01
6.042947849668318661e-01 -6.311862007225101934e-01
2.416162772727559194e-01 5.336780294009701997e-02
-3.884179412337700477e-01 6.823419576888365423e-01
-2.951525327873660842e-02 -1.405652923849258773e-01
-5.556650998152554699e-01 1.721507945230118519e-01
-2.585617117458796077e-01 -3.092115113424331874e-02
-3.182885949664828740e-01 2.487666253139590999e-01
-6.086037258913472581e-01 -1.087096187918699108e-01
4.925692250964794905e-01 -7.592152364593767189e-01
2.265393277454375021e-01 2.946107981540839749e-01
5.314713425584476347e-01 1.899666625387266272e-01
-2.208480511989319162e-02 9.427948327645736537e-01
-4.645253187885851620e-01 -2.889350320691197460e-02
