-3.056934691396213655e-01 -1.620645818847534780e-01
3.244588046901928369e-01 -9.385932000979044787e-01
4.211594078696940802e-01 -7.200888989155600495e-01
4.732923835351430242e-01 -2.051619991093105444e-01
1.852543811557927356e-01 3.136380014497148760e-01
6.058066021890620156e-01 2.887384091138534004e-02
2.171832429123512487e-01 -7.218266808283020364e-01
1.580794410561185970e-01 -6.091469988973403638e-01
-4.650034466553314427e-01 -4.932904123381967043e-01
4.954623133899058729e-01 -3.986297707840982252e-01
7.225563304135149689e-01 -3.476360277671652899e-01
-7.695506569965016030e-01 2.575212079517652519e-02
-1.652108812709491836e-01 6.483734233516702528e-01
-5.573203275756863917e-01 5.446139570787442707e-01
-2.411566726628733282e-01 3.874514823348587100e-01
-9.402948129523918119e-01 1.994468695004159020e-01
3.131248576446312715e-01 9.440692241539561103e-01
3.111994140218410365e-02 7.760839827119028200e-01
-5.274186530345899016e-01 -7.705621785060050577e-01
-7.625669856524914803e-01 -1.527839737259004682e-01
