-4.490431553909379758e-02 1.904966729361128319e-01
1.236170993652236927e-01 -3.244215016111779981e-01
-2.294070616694685594e-01 7.349962053525436190e-01
-7.700632087699887940e-02 -7.729591780969422565e-01
-1.861079889499055451e-01 7.581537782590903607e-01
-8.674747972776561955e-01 3.178145429279839451e-01
2.797174029925957317e-01 9.090049625503755504e-01
-6.674022253808891136e-01 6.261160658116542432e-01
-1.311937232497948358e-01 -4.195132309395634973e-01
-4.965152876729155285e-01 -7.508568368280903460e-01
-5.849551179064296225e-01 1.904410608661772919e-01
-4.465224618798244727e-01 -3.027752069893210329e-01
2.088569894879894751e-01 -2.279021313798652582e-01
8.492461048792332434e-02 7.717851835824789397e-01
-6.298214171018827745e-01 -3.517730596159673873e-02
2.693007877350808155e-01 5.853275763903940110e-01
-7.322380800304524318e-01 -1.674196832270382629e-01
-2.574561074780579162e-01 5.764505721878860900e-01
-1.509186415131720249e-01 -6.724433239533602613e-01
-6.226249586121499480e-01 7.072310467276086143e-01
5.676859712781665568e-01 -6.990311877997172907e-01
-2.279067504665364119e-01 2.701359049593210493e-01
9.338113103142644533e-01 8.294511916306857024e-02
