3.105082098127096568e-01 -2.560304210477202247e-01
8.362628346701583837e-02 6.395510255963676727e-01
-9.031630668737793410e-01 3.194704443687783613e-01
2.719127232272999795e-01 -3.962652834131246138e-01
4.223481365565979750e-01 4.276761684149599230e-01
-7.098131624778722948e-01 4.097319820337468332e-01
2.370619292779707621e-01 -8.166622976756876540e-02
5.259122659271615596e-01 -2.297353266535286931e-01
-7.169791028750234219e-01 -2.269142113725384213e-01
3.198397637685219674e-01 -8.951096713304911301e-01
6.055114481165959628e-01 1.429932684495385242e-01
-4.094086311028610758e-01 -6.904014545996024488e-01
-4.832675003456721186e-02 4.754259290844142782e-01
8.896375438551604731e-01 -3.358541130553007736e-01
4.173510769451320712e-01 3.491682722764899438e-03
1.070390530758180692e-01 9.229143508168606846e-01
-2.679537141295047498e-01 9.553993850457855874e-01
6.656909492175153709e-01 -2.894134276757114321e-01
5.236545401633290187e-01 3.727568149597633163e-01
-1.135419013485097217e-01 -6.058700948523010332e-01
3.880153607125942372e-01 2.504014838873300786e-01
-1.614761220368778893e-01 1.227957984850740480e-01
-2.715850590322230751e-01 6.681119296326896162e-01
2.449118489143888855e-01 -7.567511703098936948e-01
-9.246592841945078245e-01 -7.945930101200726625e-02
-5.474851080538252202e-01 -3.253916574862980582e-02
-7.598041645329851601e-01 -3.219724526181455548e-01
-1.594266275775009234e-01 -1.819395100752909666e-01
5.564671005137558080e-01 1.525518502685643263e-01
