-4.401045177820446241e-01 -3.448193765438067881e-01
4.264375793343675447e-01 1.907295052523947376e-01
-3.588397485292535993e-01 -2.277930631379665449e-01
-3.033650011811084291e-02 -2.065904664895468201e-02
-2.209472069460820531e-01 -6.505344552916587642e-01
-8.854438601528216157e-01 -4.643582819120297689e-01
-1.507509243313953640e-02 -3.074169177666639108e-01
-1.588980016754772961e-01 5.536050652593642596e-01
-3.058496779199273430e-01 4.941614145128598867e-01
-6.730811683477457841e-01 -1.243289062846519855e-01
3.154114422264313600e-01 -2.385145204149385911e-02
6.735394320865073503e-02 -2.343328594010107846e-01
8.311205790143338934e-01 -3.461114955309763097e-01
7.727095255653502193e-01 5.775338885305503211e-02
-5.693259555841938546e-01 6.315176829109825363e-02
4.501302803955342657e-01 -6.188084971686413915e-02
3.214403719348142285e-01 2.145730133708894094e-01
2.138001367896251725e-01 8.575807303706883822e-02
