-2.211193802184450163e-01 3.139532430143634478e-01
5.996911728364524574e-01 7.446212435344099489e-01
-5.310443611746225034e-01 -2.740113294478447870e-01
1.257301820763934153e-02 5.208825597890820447e-03
-3.247845329995293628e-01 -5.078980221933910855e-01
2.333593157317421785e-01 3.650298200998560727e-01
-1.461808101167474394e-01 -5.806290571017551638e-01
-8.018183102316298605e-01 1.829935986049793240e-01
-4.475930339699691896e-01 -3.527380478818005205e-01
1.509869132412484660e-01 -1.152439355611121208e-01
5.793761323742596669e-01 4.834071277351614793e-01
6.563714834581091395e-02 -2.869693477837329532e-01
-4.153709751458489752e-01 8.795222337984704986e-01
8.352219934527973511e-01 4.997120956391749580e-01
-1.511716788301857850e-01 1.381578905460181250e-01
-7.452994565665100879e-01 -6.058892861470250857e-01
-4.510537258730997756e-01 6.846299987285859867e-01
-1.391436912685213301e-01 -9.755936440912742480e-01
-5.825261405692465644e-01 -4.046046112041621345e-01
-2.222181236679621197e-01 3.410296837846653606e-01
7.026378652334939190e-01 -1.501587984482899429e-01
3.579341460278202547e-01 -5.526404527950945500e-01
-5.948932000954303412e-01 -7.567028491731826456e-01
-5.500910762974497992e-02 -2.887611489590011793e-01
3.440520939672537803e-01 -2.679145847240287370e-01
-5.472171657823765578e-02 3.184942270469757197e-01
9.919722620598410145e-01 -7.141032042371264765e-03
1.465974874496120961e-01 6.292968924354449545e-01
4.853717071847720721e-01 -7.135353810962450360e-01
-5.510023658233158539e-01 -6.932431334334603346e-01
6.208960774589316056e-01 1.252673215270532214e-01
3.364858768243284004e-01 3.691299413392761242e-01
-9.854551927407961820e-02 1.636753101509658137e-01
