3.573309085661546813e-01 5.358933168798523106e-01
5.175991565475517309e-01 7.449549278439564493e-01
-2.632116226041179008e-01 -4.345829042670483755e-01
-2.773826806744756901e-01 6.495490228475317984e-01
5.124362240690261139e-02 4.410661873702397262e-01
-2.269745811643280042e-01 -9.501764158941075067e-01
-7.960294675359527172e-01 -5.157074650416302308e-01
7.241706531002072289e-01 -8.673569107526168942e-02
-9.119265146409032408e-01 2.661557680379689206e-01
9.513269784476328095e-01 -8.434145174803742151e-02
-5.824439331243509432e-01 5.497064903293982230e-01
9.363264821830530327e-01 2.999312152231390360e-01
-9.118519915793581454e-01 3.859351767898973051e-01
-5.830482027785861554e-01 2.542830572385776922e-01
6.221397219231106224e-01 -8.468154511538794615e-02
