7.743539052221810604e-01 1.819906817873724325e-01
-1.900951820684892990e-01 -9.674646466386627175e-02
2.049392304677215559e-01 7.199473326749072921e-01
-4.698226055766761000e-01 1.117013162418214467e-01
5.916098896173975774e-01 5.021804827045708297e-01
-1.581209052598564480e-01 -6.604925409450468354e-01
-3.199859345875855077e-02 -9.396396500607804292e-01
3.150057249941697890e-01 6.008668627452167232e-01
3.382821004895992800e-01 -2.771827107891291497e-01
-1.463902075815459725e-01 -2.321053171482456712e-01
-3.706657283903946887e-01 -5.212653430759455198e-01
-9.879657524219687126e-02 8.171306828189495164e-02
3.425907717062919300e-01 -5.488712391550725211e-01
-3.953400635797783558e-01 -8.644009995620538511e-01
-6.570243155677017999e-01 4.704339380237010371e-01
-3.548162348957000223e-01 6.956619407723778625e-01
2.349239840673149615e-01 6.442311648771434918e-01
-3.828230013299580570e-01 3.143073491458205915e-01
-1.448892863871418246e-01 -5.206397047902402431e-01
-2.182809627450024159e-01 -4.237619068702103142e-01
-7.067387614302940158e-01 -7.062514684878677951e-01
-7.633690397692367569e-01 5.871953287413835820e-01
-1.688204530572590123e-01 -7.484408031968223796e-01
