1.196154368279889191e-02 -9.063937956353740333e-02
2.317679621677330992e-01 -1.068269993870984980e-01
-8.071708618231987487e-01 1.054182721002994150e-02
8.348274713489489685e-02 -7.833290230352256689e-01
-2.289721373478501576e-01 7.368122723131853569e-02
5.717569746060351399e-01 7.228857825536987303e-01
1.792609604448469618e-01 -6.231541301564125224e-01
1.093662632112963884e-01 -3.763396053923373508e-01
-8.289821992026225050e-01 4.544226459520694927e-01
-4.454911861892059122e-01 -3.665620910615481343e-01
-9.276862079937586714e-02 -8.565364982331171717e-01
-2.734925906094067827e-01 -4.083586108984627039e-01
-3.366270690795658549e-01 -8.139926230196599111e-01
7.553391543160441479e-01 -4.376739531914517478e-01
-3.031556378474187241e-01 -7.166359035250513543e-01
3.641763862117870509e-01 3.451184300573193475e-01
-1.589226574204558595e-01 6.797848704624243066e-01
-3.617573199183288235e-01 -2.763160896728016347e-01
-5.750065656863734276e-02 4.085523952421807881e-01
-4.347175568509349386e-01 -4.888052814441228300e-01
7.929747218161642408e-02 4.374662721289479528e-01
4.791758811954436315e-01 6.292494516538420513e-01
3.745050166077179554e-03 3.135206890198749541e-02
-2.287784932759353573e-01 -4.872838576345954742e-01
-4.707705921240248337e-01 1.866829137354777401e-01
-5.525799509318529701e-01 -3.089256605809884704e-01
-6.751492961409835125e-01 5.834630403021330292e-01
-7.044553132472071155e-01 1.020885838571450321e-02
4.031373485339151408e-02 5.021622976968167507e-01
-7.640589716391019692e-01 1.020458497309570944e-01
-1.208594642838245470e-01 -1.576822646935904793e-01
3.844638778626299214e-01 8.412324948564022797e-01
4.297024667277895560e-01 -8.593174100735143650e-01
