8.238220512947413976e-01 -2.569490203997881750e-01
1.639856931005418961e-01 6.815693089080558931e-01
-3.568061169089846718e-01 -5.255333974785671991e-01
-4.498170375336214555e-01 -4.258977687204552609e-01
3.660564141441651209e-01 -8.597952420909298343e-01
3.415945534818625173e-01 5.437358762693007552e-01
4.948709806350297669e-01 5.912491989873251974e-01
-3.504015529400303919e-01 1.516077165676728011e-01
1.491490802281412176e-01 4.769063352612208373e-01
9.110030025859527925e-03 9.360112846442358858e-02
-5.089181988728446182e-01 4.884457270376498794e-01
1.863321949003626798e-01 8.761218585358347966e-01
8.983403038478168234e-01 3.407778579006883746e-01
3.232539790540167601e-02 5.278838391340148206e-01
-7.846798269900479017e-01 -5.753928195819058011e-02
4.237879570450848732e-01 4.714553945284396530e-01
2.549535151778175024e-01 4.410307147447305454e-01
-1.057199799163766052e-01 -4.864748669541714143e-01
-2.998382561535406499e-01 2.270984875178914120e-01
-1.196892298517939768e-01 -3.070040172941952417e-01
3.449897208408900795e-01 -9.060956677143503502e-01
-4.715764901574031054e-01 -4.597533546832162088e-01
4.869699374059333064e-01 -2.300303251168867025e-01
7.836247086705494524e-01 -4.960196821181586113e-01
-4.796194445203536549e-01 -4.038666714508432065e-02
-4.091653221174151867e-02 -7.367205060543124961e-01
4.428406414017800330e-01 5.827981833453963478e-01
