-3.758489979686665539e-01 7.924589852457006867e-01
-4.759408535051421474e-01 -2.572910007154247669e-01
-9.576047239928136001e-01 2.388633893839733346e-01
5.417802680475229948e-01 -4.160261391762523075e-01
1.228791811971721160e-01 -1.440245589153457129e-01
-4.334511921990884531e-01 5.428649426352749607e-02
6.784596722452833628e-01 5.681103386504322561e-01
-4.859181889540162835e-01 -8.371424766281632124e-01
3.403259592620400120e-02 3.639382797649701740e-01
-4.082819239656365617e-01 -3.954957975281372384e-01
2.455778976559386262e-01 9.190444252765488375e-01
-2.838847547670924065e-01 6.350655410222023622e-01
-9.824997993284372289e-01 -6.786987130189792161e-02
6.183339524161231004e-01 3.160176737621158694e-01
1.823871398292633561e-01 -1.395335623245645973e-01
-1.717215746504685558e-01 7.552137553084836696e-01
-1.911248368987643609e-01 4.595883311565740481e-01
-5.942238796444461180e-01 -3.431987007690224800e-01
-1.012007026195544945e-01 2.618693446629660748e-02
-5.874714499393385303e-01 3.457101108893148034e-01
7.704689948715608416e-01 1.516884010475412214e-01
-2.195754374420149091e-01 2.039198626303617701e-01
-4.366258413454793263e-02 2.904671235340854363e-01
4.738211693520102408e-01 -3.523487183953626367e-01
-4.170751431478838533e-01 6.828800263836736217e-01
-9.776870695366635111e-02 8.347701275969561241e-01
-6.543162169319587385e-01 -6.990062018856391113e-01
-8.362623667032227370e-01 4.011121396558208207e-01
-8.797488214963855579e-01 -1.425552270890899642e-01
4.789537350194692511e-01 2.505565982095565580e-01
6.466419240262655244e-01 2.432978903051303821e-01
-1.554563198480223285e-01 -9.278868134384721245e-01
1.069032317011879840e-01 -2.115183440691692507e-01
-4.752340220096311629e-01 6.423087033582457472e-01
-7.648574562887260342e-01 2.790904911010432254e-01
5.375099565347074559e-02 6.129715529225090442e-01
8.549396866236289583e-01 -8.556569508587497097e-02
3.821246508806532827e-01 5.634369099792757574e-01
