-8.013828179433386545e-01 -5.572897881835017220e-01
1.649299473322558551e-01 -9.453532606226637824e-01
2.125528933138600696e-01 -1.199090535849169914e-01
7.105814468392428473e-01 4.992073941529602266e-01
-7.362471179024829837e-01 -2.563122513376554501e-01
6.660958375469792081e-01 -6.410164339566537528e-02
-7.022313529990453773e-02 5.312668140108911530e-02
7.175138120563753219e-01 -2.660302795775848494e-01
7.026422201530027056e-01 -3.763198478061784424e-01
-7.926921794823054146e-01 -2.709391037447079764e-01
-4.065161944840676167e-01 -4.343726315510825220e-01
5.853013985170563149e-01 7.907445280294078671e-01
-2.522083295150774340e-01 5.247877276322847617e-01
4.412645899430962526e-01 -1.138949036711838225e-01
2.155793561788059698e-01 6.595590203774917004e-01
7.992334735163697523e-02 -8.577270492115955935e-01
-2.099234094433344300e-01 4.539144446072420624e-01
8.910997850759709848e-01 7.525708739535841296e-02
-1.048019003391091886e-01 -7.270214446536291675e-01
8.684775532825281807e-01 2.323966947085944756e-01
-5.726234017158602363e-01 1.780372640129319617e-01
-2.579044753853576566e-01 -6.519392905673915273e-02
-4.364087450211655561e-01 6.581018338054667183e-01
-5.215904041726677765e-01 -2.058464368714671977e-01
-5.697471396020497014e-01 1.647080613624827272e-01
-2.334976975806466459e-01 8.831371733627113585e-01
-3.488340403621612573e-01 7.474259123542390526e-01
-4.104892393987067400e-01 8.488255732818357213e-01
-2.005161350573803070e-01 6.866760648650422905e-01
-9.952794888808336182e-01 -2.857205666833162461e-02
5.075495319132961036e-02 6.880290177435877119e-01
