-5.115928297967209382e-02 9.688681314497848973e-03
-3.453673930236809131e-01 1.103889972910507833e-01
4.599611878262055420e-02 4.385766700468007873e-01
6.308336307104718266e-01 -7.760145449665878381e-02
-3.056415599092905389e-01 -6.642788959299206208e-01
-5.859358257578863860e-01 -4.009752818142853226e-01
2.981044255048634906e-01 -5.857941688134236102e-01
1.709988887858708839e-01 -5.583503599373618176e-01
-2.181899022767681551e-01 -5.616217226517050687e-01
-2.629997430956849680e-01 -4.300538110632130540e-01
-2.762756204739020838e-01 -3.049275646471933943e-01
3.616894096054990015e-02 4.967623535018672598e-02
6.543800221607991574e-01 1.441825257389672821e-02
-8.200717340868310945e-01 3.492058772231887431e-01
-7.796124935970816239e-03 -1.692422293047999293e-01
-2.521275542360850164e-01 1.984654920413486678e-01
-1.986984050408298064e-01 4.629493626524543437e-01
8.113316323944477215e-01 2.173709239693555340e-01
-1.892785412392525846e-01 8.173082319547098074e-02
-1.447316127904059169e-01 9.074289252066456424e-01
5.589426297138122557e-02 6.411241537756946496e-01
5.524957916503026034e-01 -3.286385930778101816e-01
-2.577806083667952830e-01 -5.380789485846699804e-01
-9.300766053501980934e-01 1.440666356035991136e-01
-8.729234619449606214e-01 2.486692643912913336e-01
-3.295622802762310233e-01 6.358844932290308449e-01
-4.192804168699137968e-02 4.507821725041334382e-01
