-5.269944677356885876e-01 -1.064704365205584313e-01
4.097738567239801455e-01 9.058671601668188966e-01
-8.178119148935418803e-01 -4.127989893097816498e-01
-2.322293345264470066e-01 -7.357671264416927315e-01
2.932913162269463747e-01 -4.833074199015254813e-01
-4.577097839172428184e-01 -7.538587469049178313e-01
3.914987139847367903e-01 3.102424326163653046e-01
4.582935713191194083e-01 -4.018643182904577671e-01
6.910020366233298184e-01 5.912654353282593700e-01
-1.617108037071588456e-01 1.530370314383666663e-01
-1.844060165015215524e-02 3.235966874652540515e-01
7.239452690892926867e-01 5.433396950028888117e-01
-2.478159841012284037e-01 -2.141798922525577353e-01
6.568328585432072764e-01 -4.560371555237763275e-02
-4.502547647756636184e-01 -3.324575373280769242e-02
6.839455868032813246e-01 -4.292654702418128299e-01
-2.333144180363921905e-01 -2.478457323744132079e-01
7.576405363280278582e-01 4.729463480708850920e-01
9.551395750782631922e-02 3.323085676704971014e-01
7.717141859773528623e-01 5.009222906601982217e-01
3.700184790817839797e-02 1.748389028820713786e-01
-2.005852504661611579e-01 2.139353619489465785e-01
-5.055285096437709402e-01 5.923936327384946576e-01
5.275011137232374914e-01 -5.647383064771360761e-01
-6.308307886703079514e-01 3.356228474108424731e-01
3.927667339855751560e-01 -2.544365435672490960e-03
7.658850175547531336e-01 -1.829172064939179609e-01
-4.052184531204945372e-01 -8.672928550017235949e-01
