7.322659728400831014e-01 -2.537560575996566925e-02
-6.279714060259311559e-02 -6.728171104754769871e-01
-3.696928204583638244e-01 7.999244879437890088e-01
-2.098901304834099868e-01 9.358675655395132242e-01
-1.713391486821449483e-01 1.239338082161134391e-01
3.609929901430768417e-01 7.775690971503761428e-01
3.472234795518602812e-01 4.816815992315410799e-01
2.244189162599563581e-02 2.099634502625749022e-01
-5.645738049905990596e-01 -5.105137089194748956e-01
5.096171187061446783e-01 -1.679085934075803532e-01
-2.944479193517992588e-01 -4.201192357888343665e-01
-2.915415770793732264e-01 5.598191538087011754e-01
3.166562608953227276e-02 -7.410110243293051013e-01
3.181071589653672316e-01 -2.643715053988795471e-01
4.441489015065882562e-01 -1.079820556700457068e-01
8.561692310787247795e-01 8.105490439046025841e-02
-2.443353600410764770e-01 -7.932693530201289089e-01
-3.833315781340429496e-01 -7.253152089819019377e-01
-6.972179552643364975e-01 1.850449739547688210e-01
1.607472768642590477e-01 2.496414771457113879e-01
2.415660962083967522e-01 4.409948229204740944e-01
-3.984943681330022081e-02 8.307612240760833267e-01
-3.492224932276148941e-01 4.025843014910119866e-01
1.722306322074818041e-03 -2.361394944148536013e-01
9.279673386146893854e-01 -2.125597070430393920e-01
-2.728587425978719061e-01 -5.944155765352330256e-01
1.189107020484938548e-01 -9.811470157500361555e-01
4.980691033203956675e-01 -2.577917925735029314e-03
-6.658121392280469397e-01 4.993761793002982063e-01
4.245521893975090499e-02 -7.539029339578298128e-01
-6.124823355167228200e-01 2.498833652908172276e-01
