2.893407733026975848e-01 -1.499020886437598676e-01
-1.431942234137417724e-01 7.367687986891637841e-01
3.035816743882731039e-01 5.230994732828000426e-01
5.339912031791114178e-01 5.935311752856862189e-01
-5.679703094986112699e-01 -1.623928500127487240e-01
4.589056212188236117e-02 2.879601287830473311e-01
-4.481430441537337384e-01 -7.285221735561639989e-01
7.446290507165078676e-01 9.131258193556757163e-02
-6.676716455735223210e-01 4.922431642792903794e-01
2.695313242418595490e-01 5.776572390591929729e-01
-2.150816085672024869e-01 2.953348710301013647e-01
-6.254833838427125148e-01 6.291729274159991725e-01
2.091737964540048011e-01 3.496144096947133573e-01
6.682737976499584232e-01 -3.705060930886086012e-01
1.858003743075069547e-01 4.743351166931148999e-01
7.951237946667104595e-01 8.394646788530835124e-02
-4.270124000725155078e-01 4.919440484113812850e-02
-2.565665277012771917e-01 8.591733404677308616e-01
4.923433283241394065e-01 -2.973255087215047610e-01
-1.717785770057693728e-01 9.095559535825563646e-01
3.204191657702246676e-01 -4.141158542460450231e-01
-2.630559903044751291e-01 -7.934283021730510477e-01
-1.832476692491373793e-01 4.145036297897142230e-01
1.176932805611596855e-01 5.357149331979234042e-01
-6.928351939625871925e-01 4.911953139737037510e-01
1.724656622922264848e-01 9.689584153056807203e-01
5.982375524707435055e-01 3.538815011868290394e-01
-3.278057796333366802e-01 -3.379790961942832350e-01
5.140176740778035214e-01 7.070330964959372633e-01
6.821485498721342466e-01 -3.953099532148547368e-01
-9.350600042596592942e-01 -3.406738372509856561e-01
-5.652296052150320715e-01 -3.099930290011418954e-01
