1.259172241687953608e-01 -8.545220811392084670e-01
-2.886606390997641380e-01 8.160993735436365970e-01
5.967981294241810897e-01 6.647638555130310767e-01
-3.173502612615228813e-01 4.380309551294967463e-01
2.065297489296153977e-01 -6.904454795030954273e-01
7.933034279342812134e-01 -9.220502691042864463e-02
8.347222580320114993e-01 -3.669008839517251541e-01
1.530115854907534434e-01 9.783561555917201780e-01
-7.490806582262932167e-02 -1.807535334140670802e-01
-4.495951833636557815e-01 8.796907617339044805e-01
-4.678715210958048765e-01 5.705655834433520646e-01
-7.222620167415365611e-01 4.158418628915570014e-01
-5.376748160529309928e-02 -4.909466291248938408e-01
3.658848423177236686e-01 -8.001419119066299768e-01
-3.403255255691179926e-01 3.947291022124697069e-01
2.572495548216753303e-01 6.589773083631838002e-01
4.340176207078516590e-02 5.954081027091004952e-01
-8.524625664824792004e-02 -8.762186944523857601e-01
3.390596405808883329e-01 -6.573716448282707070e-02
-1.356375190574221623e-01 8.637711004347716770e-01
1.893772682699268461e-01 6.270264564333416502e-02
7.919372786261955621e-01 -6.744109479599402768e-02
-4.140268107135303133e-01 -4.775064884143573885e-01
2.561411847246675144e-01 -8.008984062723056851e-02
3.383849098139299905e-01 2.086184563528852287e-01
6.643227075010864624e-01 -3.745704179732476380e-01
1.580359633034122968e-01 3.251495596426632329e-01
-4.611326070022030432e-01 -1.970405350027204516e-01
-1.220495409767241579e-01 -8.405384659958403670e-01
4.012385800376701006e-01 -7.965114730449993630e-01
