9.188876940340964250e-01 3.304620937130917646e-01
4.527866154950204169e-01 -1.154493925517321440e-01
-6.181481137003344006e-01 -9.375249383590711361e-02
-5.059081224009756017e-01 -5.631177301678251812e-01
4.988263720123993217e-01 6.782312774401648703e-01
-1.706632861109311783e-01 -9.895459852482524354e-04
6.388033003158244405e-02 -5.382331245564322408e-01
-5.261908803097272713e-01 -5.783418999584282183e-01
7.467084044591372205e-01 -2.339302287295950133e-01
-9.247328427097123438e-02 -1.477285584957372944e-01
2.053619070949193048e-01 -2.218361721099531003e-01
4.488146966971542362e-01 5.058027387962478194e-01
4.066921632187117108e-01 3.439518255935092306e-02
-5.462316423922184416e-01 7.115290611679103705e-01
6.091974662822667863e-01 7.688075477242619638e-01
-3.503916938805513581e-01 8.915153820024850351e-01
-9.079174273349495117e-01 8.506040242015511232e-02
-1.060129463862120591e-01 -1.549290716959197400e-01
4.482226566865872286e-01 -6.605533009769863906e-01
6.703892444263255257e-01 -1.751898460502736565e-01
-8.023893439329705668e-01 -3.712776039437422071e-01
-5.190898770132477136e-01 -6.655511067282153803e-01
-2.825715273205355871e-01 -6.043224142890863959e-01
1.774774725961409949e-01 -8.438637113065960982e-01
8.113646441318365099e-01 5.159297209358939540e-01
8.142672608748418028e-01 4.896100666053282424e-01
-1.593126111888369945e-01 3.095177199908873966e-01
-1.172720988984112811e-01 6.009227779742645215e-01
