2.591791915905323762e-01 -6.693804452385636594e-01
2.435107248786896328e-01 -4.818006616468577530e-01
2.130291442246325939e-01 8.167955115914764530e-01
-1.434908883692620485e-01 -7.963331500327273105e-01
-1.035848790098685690e-01 2.837053370068838287e-01
9.041563367435767606e-01 2.766482221284121135e-01
6.933857450618379215e-01 1.077633057222506796e-01
-5.494867676482591001e-01 2.942487528824155874e-01
-7.760873405880563958e-02 -9.516329497219804257e-01
-7.976031856274778953e-02 2.028643624192238981e-01
4.590650515567693546e-01 4.442781095552161830e-01
-6.982756205885785050e-01 4.050495450416613519e-01
-4.532028252787816403e-01 -7.163847066979980305e-01
-3.171906595430762366e-02 9.685331503890772797e-01
5.113024615265355788e-01 -7.599480622657461826e-01
5.420413942577975153e-01 -2.865595599978929542e-01
7.722935024817800809e-03 -1.753342192908207142e-01
5.740342973782674996e-02 -2.170897265413018751e-02
-4.850433040225210490e-02 -4.218584878381137493e-01
2.875985420539028947e-01 -1.390457736082861828e-02
-8.377427744551952937e-01 -2.482509959988556947e-01
-5.510489293345048889e-01 -5.172108681999953994e-01
-8.093714398631464135e-01 2.649844294622143437e-01
-6.847459015618631017e-01 3.960928310209868020e-01
-3.240401163185127054e-01 1.391283563142380331e-01
1.071299467630060231e-01 -9.882728204666735294e-02
