-6.787647981904076921e-02 8.903554063319625289e-01
-7.268317543698175065e-01 -5.980300056009919540e-01
-1.014762821010048999e-01 3.560712112642505645e-01
4.648975665539067936e-01 -1.035985723978398720e-01
1.256023574749485228e-01 1.439964347914302056e-01
5.782704903081037351e-02 4.794906516605308422e-01
3.751729947330895154e-01 -5.874862305511994176e-01
-1.522067857452260586e-01 -6.804012958079272977e-01
7.383076681413240916e-01 -3.365904403137731649e-01
2.570491362437368199e-01 -1.947041515785152832e-02
7.017898377616047512e-01 2.538751185152574585e-01
1.234553824286885870e-01 -9.136802595153208362e-01
7.542854291537335332e-01 6.268076322555482527e-02
2.297044581679037467e-01 -4.289842609071807811e-01
-5.202027686822217056e-01 -8.225392874446595393e-01
9.114691925351976476e-01 -1.815635169962748208e-03
-4.444084983252443166e-01 5.226543837656594249e-02
8.708548603922516840e-02 6.933484732988426380e-01
3.810179076213455751e-01 -4.674382142788415795e-01
3.272966137670700881e-01 8.724860386386565914e-01
-7.779809880466870275e-02 -8.949065994512632738e-01
