9.855829474364186105e-02 -7.951131276113825308e-01
-9.226130143294801744e-01 -7.829385186493631466e-02
-7.431507690016911916e-01 1.792071747556081007e-01
2.284188319154065727e-01 -6.988181672261297717e-01
3.000143333025118153e-04 8.963460394134892262e-01
-8.039152548782166896e-01 8.427852008554781449e-03
4.103727565328869620e-01 4.471644951833964043e-01
-8.091085756137617047e-02 -8.002988769808814240e-01
-4.640707690246268502e-01 4.914651568584191832e-01
-3.167527858029397514e-01 -4.524689137797741623e-01
1.168441763065870553e-01 -4.961748831751202626e-01
3.022102707904490426e-01 5.560467718802564185e-01
-5.363617124917881007e-01 4.484210031751532100e-01
1.943565777693505581e-01 -8.508571573536483079e-01
-6.175942552454549705e-01 -7.298504913417585005e-01
2.461950038204878677e-01 -6.347951388926098559e-02
-8.872450480252223048e-01 1.853436677824187306e-01
-1.543563963713285858e-01 -8.260740470677472302e-01
7.125696159124277340e-01 4.211493749697086120e-01
2.379607000266072969e-01 -2.829185740740511878e-01
-7.681728182394396143e-01 -4.638802168354616562e-02
3.371122146261376074e-01 7.231724754988009263e-01
2.062069269132169591e-01 -1.607780846501172256e-01
4.823393631925891878e-01 -8.587437630992016402e-01
2.591699392991635431e-01 -7.761264892143400207e-01
-4.230061365434616416e-01 5.101890254615988329e-01
5.054578892350720665e-01 -4.624993650380462284e-01
5.912337558718163688e-01 2.491362337661986448e-01
4.537688593942479365e-01 -3.437407062210584563e-01
-8.148751629596815427e-01 -5.225545493489869298e-01
-6.692301701327811880e-01 2.600211694262573037e-01
9.528015208671853919e-01 2.972618624533209797e-01
7.672818866972586083e-01 5.387846814549031027e-01
-3.775634968276593284e-01 6.827961473371852996e-01
9.690134128318168560e-01 1.567797612353645231e-01
