-5.297718409786829064e-01 -2.295720578905022791e-01
-8.799102893676666870e-01 1.726051376431774198e-01
-2.304956459048030926e-01 -6.774839535573684568e-01
-5.059516241339421239e-01 1.165940785029691007e-01
2.155983375724672690e-01 3.196654903335933717e-01
-2.005928786660928775e-01 -7.515449962522899874e-01
-6.114255255683787027e-02 -6.131829580605641095e-01
2.067522614707797413e-01 8.954662498447212293e-01
6.448452648424927158e-01 2.545536928078153682e-01
-4.168415469740580637e-01 3.150180442322232377e-01
7.576595675674526742e-01 4.330124892767748257e-01
-6.832789705032551453e-01 1.704426022008069808e-01
-5.011164530067637735e-01 -6.325772002134417704e-01
-9.850023424484704027e-01 8.649188579922251208e-03
7.799089803857128800e-02 1.171798093244000860e-01
1.156590037466980192e-01 -6.250737600739706412e-01
-5.047186004601189602e-01 7.158041408970059472e-01
1.059968399937871730e-01 -8.006997321477180574e-01
7.708884187702720325e-01 5.948153871628458766e-02
-5.069897660470457090e-01 6.369715651272593870e-01
-9.149543250364418068e-01 -2.242666673407112121e-02
-8.550143568222872137e-01 3.218168061904949084e-01
1.109930676995973808e-01 5.960224535967033610e-01
3.606151581411036755e-01 1.334048650273023107e-02
-2.008882470929818087e-01 -1.336076806960397878e-01
-6.672516741664913376e-02 -2.617441287232813441e-01
-2.688842466484264726e-01 -6.621545374901804948e-01
-6.021980340226777972e-01 3.589845305682883847e-01
1.169417395784704272e-01 -1.567044570978222140e-01
5.000495410253422701e-01 1.030153231343686748e-01
-6.709686733429121031e-01 3.815380647681003712e-01
-1.229645334934208467e-01 -1.348278502835027481e-01
-7.812261243242732967e-01 -2.427371257852719566e-01
-3.337289776856522394e-02 -6.451133675100948484e-01
