-1.637839447535325288e-01 -2.311892788426233025e-01
-6.339727225981350855e-02 6.618334077785179570e-01
5.652425936827962794e-01 -5.366294954493633362e-01
-3.886743806169690174e-01 3.935473656072587811e-01
-3.514772858109955767e-01 -9.261816009229864033e-01
8.962505312953803482e-01 4.043373647280490424e-02
6.883784917629449662e-01 -8.535182898851800815e-03
8.685199783606742940e-01 -2.555666623630250545e-01
5.359264868215771749e-01 6.701817480216520906e-02
6.092704569486782074e-01 -2.228968114617326801e-01
4.513450008764159360e-01 2.642271354510810077e-01
-1.895341985621823433e-02 -5.064462973762735576e-01
1.472740546137938367e-01 -5.180051413651478587e-01
-3.184922018993365800e-01 -1.485346834960026285e-01
-6.492786298216448593e-01 -2.880036438951538713e-01
3.697751764590473389e-01 5.739209957860336164e-01
-1.835624309121783870e-01 -8.612112041060719925e-01
-5.960022638085680224e-01 -7.771798319476890260e-01
8.747187817743560245e-01 1.817379145079458524e-01
-8.016747224749161127e-01 1.947777912880543916e-02
2.841270929785888466e-01 -9.153661408026989577e-01
3.181741180753925313e-01 5.555240851307658989e-01
3.712857800667861419e-01 -9.983918614808096059e-02
-8.283254402942694661e-01 -4.021948539054822636e-01
8.083240996649054821e-02 9.008012154676081629e-02
-4.943035481174495871e-02 -4.855812698281851691e-01
3.456114582236375909e-01 2.097953773625744756e-01
