1.128391484750017604e-01 8.020670675882353162e-01
-1.019401252615033115e-01 -4.758247474296166679e-01
-1.760591631064571949e-01 -7.868380668296484082e-01
6.554768924936658081e-01 6.638097489984535748e-01
-1.623216165119689691e-02 -8.037368927188888179e-01
7.826763549887829630e-01 6.047393790115236367e-01
-6.949991710375820197e-01 1.338580238347903961e-01
-5.072605750212653142e-01 6.027524108777395639e-01
1.533994570305028393e-01 -9.075487570810032434e-01
8.771555153898309420e-01 4.326405827180836994e-01
7.031250210040618231e-01 5.638298672515869026e-01
2.743777697526663673e-01 -4.213950891972588764e-01
4.572460968186642383e-02 -3.358902069916431810e-01
1.510834676398076226e-01 3.432208753594827577e-01
-4.784272102725832809e-01 -6.348518840427495036e-01
6.129569239499268463e-01 -3.973531312465414800e-01
-1.244600475107660031e-04 -9.652799987621945021e-01
2.441236133328215097e-01 3.841776981200375474e-01
-1.946149775691901063e-01 5.202339292461208853e-01
-4.522496198295851144e-01 -7.541714331081239564e-01
-1.664806732922166077e-01 -1.463853540258392982e-01
-3.823718781178349069e-01 -2.642943929707570749e-01
5.025080805726649391e-01 -6.026639602076646618e-01
6.400416075191952547e-01 5.678825182311142417e-01
7.288446675068658287e-01 6.344458319108408073e-01
8.134294444220886433e-01 3.408856695149302674e-01
3.028554182445415410e-01 3.296729728222236311e-02
-2.255851298600635157e-01 1.691668152092569155e-01
5.144769115131657689e-01 -4.075622130566241008e-01
-5.889711030730457875e-01 1.896715720925743476e-01
3.616512862859408983e-01 2.145423690109617976e-01
1.523943649404146949e-01 9.217715158320738400e-01
