9.203982952837712617e-01 -3.700101669175404062e-02
3.474800243200262262e-01 -2.658163387811645073e-01
-2.004302690578294577e-01 3.872702810633006365e-01
-1.056456979478721525e-01 3.038377988293075038e-01
-1.204107050351663766e-01 7.339968124560380947e-01
-5.589720858505191625e-01 -1.628564069088387356e-01
9.252494930374104420e-01 -5.626660706208252982e-02
-9.369430634177526862e-01 2.246176769590699784e-01
5.799110834703624651e-01 -6.745403742353932586e-01
4.996098824189163512e-01 6.862026812668609033e-02
7.292192188788715335e-01 -7.419349560426802270e-02
-2.607069231034695456e-01 -4.172383975985638482e-01
-5.966904072427552386e-01 2.543236681656391163e-02
-7.698907495145739244e-01 2.403011903650562608e-01
-2.255011851764814335e-01 8.886638564870568135e-01
7.100702411435766415e-01 6.394072036942852755e-01
8.095989392489233438e-02 -7.053609596531056347e-01
-4.952395852805480114e-01 5.059501808188813232e-01
3.999152999179556023e-01 -1.498587227084968720e-01
2.994794289572442203e-01 8.946279543900408360e-01
-5.193328787469386754e-02 7.122749500268876766e-02
5.944469394760387715e-02 6.528364774371639978e-01
-5.304715497706535832e-01 4.877177309375337888e-01
-6.640575443734124672e-01 -9.130378570512576175e-02
4.859491137578870745e-01 4.033976588215315573e-02
4.045512010131600000e-01 -3.691038045267691636e-01
3.848187327521859213e-01 -1.627687082001647578e-01
3.591541527746229256e-01 -3.182702881770460568e-01
-3.155754823481022875e-01 -6.125785894693338562e-01
5.703150784969355236e-01 -6.782808999237539549e-01
-4.904881668916711845e-01 -3.181343373360587812e-01
-5.208414719311031948e-01 -3.542380496596562178e-01
