-3.040830882958591719e-01 1.815053495351195423e-01
-2.335640149243130015e-01 2.962377298213523247e-01
-3.137360747285715679e-01 1.188069161718727784e-01
1.340989532072642820e-01 -6.764707254817303728e-02
6.461484562938075715e-01 5.108749025860708226e-01
-4.770315788534496004e-01 -8.654552865413744911e-02
7.185117035833754606e-01 -4.496967115090151346e-01
1.729039175671920336e-01 -8.894725862085430812e-01
1.747699493163330509e-01 8.596545445320504797e-01
1.662923226370782714e-02 -6.632338353116677965e-01
2.146308241458652066e-01 -6.285654845009231995e-01
4.466774604324312836e-01 -4.941306128707554368e-01
-7.377162090049651511e-01 -1.046802117941061372e-01
9.263120210801867316e-02 -4.220766191764788733e-01
-8.201332846789521902e-01 4.213346235470598611e-01
1.733058506165519042e-02 4.506092690343568297e-01
6.663546624510583438e-01 3.394726084881609651e-01
-7.799346911026330265e-01 -5.702905461689167232e-02
-6.244398634116172797e-01 -6.699137354864692639e-01
-5.879322562664857088e-02 7.277293794640695701e-01
7.139137751124422504e-01 -6.369478816339795291e-01
-6.228202282034784876e-01 -5.889747584079794152e-01
-9.711551776560489735e-02 -1.723606915751836333e-01
-2.107269216973306492e-02 -6.102312291914291364e-01
-1.656146097428212727e-02 -7.185889243936851578e-01
-9.291327988345203792e-01 2.179526506141082898e-01
-2.756671581831517948e-01 6.233880628067904883e-01
-1.330805326203472472e-01 -5.438724106381718215e-01
-7.499806761104308439e-01 2.578126929974433601e-02
-7.078285639315378130e-01 4.013595629547284105e-02
3.322286555895745952e-01 -6.054276886375307143e-01
3.766324725987422184e-01 -5.593163616081076039e-01
