-3.864295707575984284e-01 3.651158120069657453e-01
2.978048597927300811e-01 -4.759929363419983517e-01
-4.721771082299881517e-01 -2.064014254114177049e-01
7.716826549540818370e-01 -4.836818110980134477e-02
-6.382654740593349807e-01 -6.213276144821719971e-01
-1.281662621833292715e-01 -1.022227987342669842e-01
-6.911705059239332538e-01 6.405568173054314585e-01
-5.280511647728605151e-01 -3.658203217637470139e-01
-4.853886350560521201e-01 -1.597191412577059211e-02
-4.735403434783111987e-01 -7.719915303317479438e-01
6.646857733296280824e-01 -4.753438689177840182e-01
-1.796680640812380325e-01 -4.789656946609384125e-01
-2.493795246385424047e-01 8.095378816429261715e-01
2.916474810286320274e-01 -3.847878795868371338e-01
3.177934487468607738e-01 8.280575331720598786e-01
-6.478419441088112407e-02 -1.461936391609837127e-01
2.708104321809663428e-01 -6.852509243511550885e-02
5.559692287277921974e-01 -6.546498887155469681e-01
6.326277843954410951e-01 7.136041039002567477e-01
4.366524043522759246e-01 4.969929758758815375e-01
9.146103914657452982e-01 -2.183805655367632159e-01
7.290209176327901996e-01 1.395680174603741719e-02
9.316814206655836816e-01 7.700414988799830773e-02
5.224034611706906972e-01 3.171709970036624693e-01
1.122533102341130018e-01 1.003126164922412134e-01
6.485055732592703848e-01 5.582341699020130221e-01
2.484517942800790191e-01 -4.342888112695666436e-01
4.619629058845573510e-01 -5.198724506965635150e-01
-8.014688190567067494e-01 1.785110236101630221e-01
1.841903235584114729e-01 6.781867499565470414e-01
1.013397463728960002e-01 -6.791877175327032390e-03
-3.316449108209016394e-01 -9.037187687300762828e-01
-1.418771416773290106e-01 -1.308664049838432764e-01
8.377057611347356048e-01 1.949253140379434424e-01
-2.394567049022218175e-01 -8.592036733438104257e-01
-3.576121194909360756e-01 4.287925579780962337e-01
-2.872806013090987154e-01 -4.401338500635165740e-01
