1.456792690588004646e-01 3.852147898077644683e-01
-4.722732911235265618e-01 4.599366017542729779e-01
7.695103662156090873e-01 -3.716146123647194877e-01
-3.544396501081081841e-01 7.510270524050781660e-01
-8.855642278900732745e-01 -4.065803229570694732e-01
-5.503585188299231490e-01 -5.341241259224860372e-02
-3.275528911905056795e-01 1.773297787788103985e-01
9.304841449116290075e-01 3.298284229228802822e-01
2.864773340409052516e-01 -1.078253067305170454e-01
2.510340156177526261e-02 3.879473338580901043e-01
3.349020652967826805e-02 6.664328424717069765e-02
-6.109163558921304471e-01 -5.137383107459150278e-01
6.133359448707791373e-01 -5.445365203561933765e-01
1.736067209411213952e-01 -8.454778617456726320e-01
-1.118834247055033870e-02 7.278663022995393028e-01
-2.169166413161367490e-01 -8.203047055433727586e-01
3.734511737887611371e-01 -3.589195761139496454e-02
-6.639694133372324725e-01 2.827329710048149813e-01
-5.516564316688943315e-02 6.883470324624116898e-01
-3.032648384353509030e-01 -8.449558502432943374e-01
2.936201469566090960e-01 -5.889287218748704422e-01
-7.303442934633208594e-02 8.638400487650894632e-01
-2.953915822512520606e-01 3.617205644169934065e-01
-2.174997629691568513e-01 8.353765489541642442e-01
7.476086280710818599e-01 5.181162641536236624e-01
-2.075685075346815900e-01 1.354558790424209569e-01
-7.802010565097503569e-01 -2.182505362474580490e-01
6.147407804494204875e-01 -5.239700529315243216e-01
-2.000211827213362881e-01 -1.785135134404736146e-01
7.680850018838474291e-01 5.026094912613781052e-01
3.409701455298859152e-01 -8.061732283244587016e-01
-6.002738915154415267e-02 -6.523535203783599190e-01
6.974823225711443975e-01 4.291353160952147139e-01
-7.184731479276420529e-01 -4.189861800844729700e-01
-6.189768317779362761e-01 -1.908298262942924595e-01
6.638066694239082022e-01 -4.286177539513706947e-01
