-9.574747661888978190e-01 3.942939114300925141e-02
7.911886067375344389e-01 -4.974999315627448571e-01
-5.440496784413517695e-01 -4.845563878735956731e-01
-5.296270497841715219e-02 3.310944202079537657e-01
-1.551703289606713998e-01 -9.750037190406743992e-01
-3.969296323990252340e-01 1.474298849616366702e-01
4.816316225924672789e-01 -4.953974339317932518e-01
3.557246689847948229e-01 4.726039429736408337e-01
-9.146138541086255014e-01 1.893513499720689275e-02
-3.780543794615287556e-01 -2.064421480708951151e-01
1.761632925373066705e-01 -6.117733358425048174e-01
-2.226052491234979946e-01 2.448309058992215181e-01
-3.034215774774096097e-01 -7.296039389920412344e-01
5.668410459327244411e-02 -1.620072819900251204e-01
-2.308846239138890866e-01 2.401167433197237688e-01
4.766037581817872404e-01 2.285881095674993091e-01
8.159257955633025805e-01 1.088546860349342005e-01
2.399758225675610035e-01 6.450227688608496379e-01
-3.090856395397643119e-01 1.268055392634344081e-01
-9.194559700935946989e-01 -3.878129206260481077e-01
5.617942846052832451e-01 3.051543375917675771e-01
-6.040496286371894730e-01 -2.373771256039971522e-01
-3.068608019167640144e-02 8.976163273525805675e-01
-3.351614940623659500e-01 3.489056180916270122e-01
3.799033368280555489e-01 7.477730263900550511e-02
-1.024867537907838688e-01 4.667397299776809838e-01
-6.253738168768974148e-02 9.792800530795349179e-01
2.722664637606131421e-02 -5.360771200547866933e-01
