6.605927927443451253e-01 6.160934501392703044e-01
-2.958870925651169159e-02 7.615965910444355558e-01
2.919196991727539547e-01 5.134433662132791287e-01
-3.973293737191552211e-02 -8.688393251886579183e-01
-1.751774140507389443e-01 2.286456337926261462e-01
8.514380260430174374e-01 2.560081201860937572e-01
-1.314251784481106355e-01 3.392156192943973636e-02
-4.386785444900773712e-01 6.498387575940824945e-01
5.844901604359222791e-01 -3.652328059305247621e-01
-6.868801511194975173e-01 -1.825600217365399569e-01
-4.039795997230575253e-01 -8.145669536929194265e-01
2.068139812016145385e-02 7.584519872162700516e-01
-5.484827734172408320e-01 -7.184193941076393308e-01
-6.627857777621981583e-01 1.331289313760062321e-01
2.466871181525642776e-01 -7.598419946842454031e-01
-8.202751996046031557e-02 4.045946329598311131e-01
-2.995017161888258173e-02 -7.608635369897767120e-01
-1.527600603201573204e-01 3.716559024519594523e-01
2.408631948203021622e-01 8.624050126555387052e-01
-1.526082594409996496e-01 3.452402492634274456e-01
8.270267924782559454e-01 -2.495739923399131754e-02
4.703870020386176076e-01 1.954040137498875840e-01
9.619843570225738993e-02 -5.495257544839990960e-01
4.130526191508283596e-01 -4.129762201965854196e-01
6.982627399560481507e-01 6.980690433651643989e-01
-9.653903378334214302e-01 -4.822545864554528272e-02
-1.747319067396349013e-01 1.010105121501392311e-02
-3.183591939962620021e-01 -9.929179586967151749e-02
-6.629411045366906396e-01 -2.058032701124599129e-01
2.189746734419311114e-01 -5.610458889107916569e-01
