-1.201128289263799775e-01 2.090328709866944301e-01
-3.414662119928069117e-01 3.310323660663132550e-01
-1.349926241019021589e-01 6.316985362504958790e-01
1.963884579013837062e-01 -5.035887426870748751e-01
-3.486182778920208225e-01 -4.335828773473606734e-01
-3.007296380571491401e-01 -3.298986132652002023e-01
-5.265443381315235705e-01 7.190289139235748195e-01
-3.547208635469878413e-01 -1.600412400135966529e-01
8.299999923699057369e-01 1.899084579811118889e-01
-5.709630863018744229e-01 -4.153248035606906807e-01
-1.263187746727703065e-01 5.593951537956278752e-01
8.028830883158217802e-01 -6.585794295325309022e-02
-4.015121295886916464e-01 7.917249984441165900e-02
-4.843403501729959260e-03 8.937650681388431551e-02
6.089365023322508286e-01 7.422157324952098900e-01
-3.736851171074262457e-01 9.007782529866388277e-01
3.287918425315037307e-01 -2.323024032135927452e-01
-2.998388680134043138e-01 -9.295510867654390719e-01
-4.443498083478214511e-01 -7.721726627108049801e-01
-6.697057111394073559e-01 3.298429199689363323e-01
-3.652069148291841039e-01 -1.456208423952884967e-01
-6.080290833530412886e-01 7.054273295212194483e-01
-6.212781804611644532e-01 5.546579055801945657e-01
-3.629106582567698247e-01 -4.863788808007689646e-01
-7.515765653169084182e-01 5.636495830319887546e-01
-5.715991226649541623e-02 8.137783071932751522e-01
6.762808067079675300e-01 7.224138616874580254e-01
8.156390894478553477e-01 -1.278709991550899261e-01
6.380256013816520966e-01 4.840093262543729846e-01
6.758946699898182864e-02 -6.716308383795079884e-01
-7.089581141281300347e-01 4.849383025396867275e-01
-1.312237280853481014e-01 -8.000732232197751426e-01
