-9.864326344000207136e-02 1.491351632993025422e-01
7.912389712089846761e-01 5.808994415815842416e-01
3.135710464416201493e-01 -5.092729365585868528e-02
-7.516780719407489819e-01 -4.214816695762924059e-01
-6.150079650306448098e-01 2.843071226564264364e-01
2.927781667720010805e-01 7.333029274150206778e-01
-1.456787095404792343e-01 -8.257929843306488493e-01
-4.140396811862316895e-01 -5.621615572055418397e-01
-1.075726397298892856e-02 -4.646345956463888704e-01
8.281817587430406746e-01 3.402108504926089072e-01
-8.260590573803705539e-01 1.536309147967627187e-01
9.711566047116537703e-03 1.134973186268097844e-01
3.595763543289243191e-01 1.416868337878556261e-01
-2.605597854394812174e-01 -7.370731488312338708e-01
-6.283312193507213372e-01 -3.061662738246704318e-01
-6.613183288430648510e-01 -1.539577738636954685e-01
-8.273486641385869866e-01 3.288331906379013958e-01
6.582658817888102920e-01 1.025751074817540243e-01
-8.928952288655462866e-01 -2.775116009781035675e-01
2.340113081451009602e-01 6.043554702296651815e-01
2.892550442078432038e-01 -9.631409441923199921e-03
2.854711639566542836e-01 4.573705523721949273e-01
