-6.682281640896210462e-01 -2.558345628595035670e-01
-7.660266634070347358e-01 1.411147473679741360e-02
-3.838519749203888054e-01 -1.941094471679361000e-02
5.931579597374170287e-01 -5.234941834073620903e-01
-2.169911746083377224e-01 2.852704200907756338e-01
8.020810206252759755e-01 9.689025587730970557e-02
-3.393925442740235443e-01 1.399252204176364422e-01
3.279937726694728273e-01 -8.705637308916414074e-01
-5.890144029461208408e-01 5.920590376938239530e-02
-4.247329275838540585e-01 2.608257267834441784e-01
-3.647252278927226588e-01 -7.191856251550090562e-01
-6.044185428321438014e-01 7.385221102682144600e-01
-8.122759546260027719e-01 -3.513106274406769813e-01
6.231431721305231708e-01 6.142565416237866227e-01
-2.426884542427791835e-01 6.319711716318974215e-01
-8.088016704075686736e-01 3.541345906326598403e-01
-9.381757922732141264e-01 9.474327410883276457e-04
6.013535068142996654e-01 -7.327808314035855197e-01
-1.874308616105628822e-01 -5.135716145932245347e-02
4.293114674586115953e-01 -4.081241864940909903e-01
-5.972149145195699838e-01 4.070725905379402043e-01
8.736121403325625145e-01 -3.740526969205828500e-01
-5.395375027011337643e-01 -4.585144625098935833e-01
2.853178991065519199e-02 -6.211602349077158802e-01
6.882823480218709378e-01 -8.227886662518946181e-02
8.948419723018357086e-01 -2.135813184576105250e-01
4.506122449210845371e-01 5.482901409607310317e-01
9.099091582443785686e-01 -3.703212501440655835e-01
-4.112597877091563880e-01 7.667737567427130863e-01
-7.369311755677270259e-01 -2.090867950569605949e-01
