1.405058708456095040e-01 -5.079959711748343043e-01
4.095242328516472963e-01 -6.891768691398896252e-01
-4.123000577911186681e-01 1.445683664491772547e-01
-7.598904255177920675e-01 6.181992340577588951e-01
-3.418398565216036467e-01 -3.587096624961831903e-01
-2.729942455891769537e-01 2.402643726986872785e-01
-3.495377417341991588e-01 4.504529599602031809e-01
3.011701629634029320e-01 -5.590354466564373404e-02
-4.732578251618950738e-01 4.749171819973718733e-01
5.420744600410440928e-01 2.876309876353468908e-01
-7.393964075817911485e-01 -2.176801296372983252e-01
6.019433798186049067e-01 -2.253434083879277683e-01
-8.876196276375940553e-01 3.265007914715842841e-01
-3.292051504125441674e-01 -2.235475806181776992e-01
5.897681405085297701e-01 1.085032899825599806e-01
8.254366760865690100e-01 -5.316422088553571790e-01
7.380741245101991588e-01 5.028301326241177982e-01
2.036246512767529993e-01 4.963366418378718503e-01
-5.263523004850814146e-01 1.055826392648961942e-01
-8.030355999302511982e-01 5.934581942608647687e-01
5.908297157501778418e-01 3.539332616927650665e-01
8.909749728681164438e-01 3.350713276612848901e-03
1.452029631701514667e-01 -2.917837128060007945e-01
-2.929438089071729756e-01 -4.319984879230920338e-01
4.321736668155589101e-01 3.620176112354047682e-01
5.942571457167653559e-01 -7.678523750443337903e-01
6.371283072287603488e-02 -3.200403417706616516e-01
2.682934419636331391e-01 5.635945292984327892e-01
-2.410300368348039513e-02 -2.351955454129635026e-01
-3.384208180549803657e-01 1.592347571195085187e-02
4.139353986318836665e-01 -8.893186680119020693e-01
-1.408272446664426969e-01 6.455259538371846961e-01
-3.449521548053939846e-01 3.905485488724083076e-01
-7.504522645060309749e-01 3.100624040614050614e-01
6.162483725377103649e-01 -2.942810230261867499e-01
-7.070666185457243902e-01 -6.268533507715026154e-01
-9.563027404935819931e-02 -6.223220115850562895e-01
2.898885169224001412e-01 5.311694848669390456e-01
3.162350397333426599e-01 -6.613517420296082250e-01
