4.184567794415030573e-01 6.929562222040457353e-01
-6.952874958280959028e-01 6.294760355664157370e-01
-5.812978201933431954e-01 -1.842545100842141181e-02
3.366865396717446668e-01 8.212140968947279074e-01
4.234008848474266618e-01 -3.775774511382050669e-01
4.970160912978047740e-01 3.012685421403660246e-01
-9.097855375770025343e-01 4.963293419860015376e-03
-3.199596059632709988e-01 1.917821027809232248e-01
-9.258063329771681893e-02 -7.276223916053037311e-01
-5.801593520255587944e-01 -7.117757347662059253e-01
-1.505555826738769198e-02 9.293229168138836815e-01
-2.711561983369843443e-01 3.040261296406265856e-02
-3.251065111453317336e-01 1.076998545328997636e-01
-9.135865404395326905e-02 -6.987021340930754665e-01
-5.558499981677145207e-01 6.560886268936041432e-01
-2.291587807943726851e-01 -1.728732389965972338e-01
-4.678147542653856572e-01 5.130533776322983019e-01
-1.063443045255603181e-01 -7.524319752405377315e-01
1.486107585449472079e-01 -4.585861394050261275e-02
-3.378537843577489319e-02 5.532042251711093428e-01
-2.539187942536638154e-01 -1.895672593546522400e-01
2.696498094902741727e-01 -8.346148526182657346e-01
-5.339895756556380935e-01 -5.442765021471518416e-02
-2.202487788324130058e-01 -7.001833006270508086e-02
-9.962254525632223690e-01 8.432794429021606142e-02
-1.302091286606530396e-01 5.905744570371027624e-01
-5.805474512501032081e-01 2.691084993491481558e-01
5.529236899401790417e-02 -8.770579492568342239e-01
-4.754050514959213825e-01 -2.218371216555197201e-01
-5.533907563966060650e-01 5.951412510792404298e-01
-9.348156614258449348e-01 2.680137610509216728e-01
-3.967102509733424487e-01 8.059332096883085050e-01
-1.794459404625592391e-01 3.827308393253348040e-01
2.362281505979959562e-01 7.512097896651297457e-01
8.592710701264156814e-01 -4.088346546899079836e-01
-3.835277069197917665e-01 4.253945533016201264e-01
