-4.366445759411885508e-01 -4.783492770645931813e-01
3.674999777603049633e-01 -8.905619366411139382e-01
-6.689246235414225694e-03 9.252362938797031866e-01
7.466965848408422257e-01 3.124310717825247163e-01
8.654185901823283622e-01 3.299988355801144468e-01
-3.282620932014923554e-01 4.411052627411213845e-01
4.699693666516511215e-01 4.133421428422709987e-01
6.223526084053776497e-01 -3.620484884887402721e-01
-2.111829111540182158e-01 -3.946006317913060002e-01
6.566158710781246910e-01 5.909674297228677542e-01
-8.303064037356766569e-02 -7.608752960534272969e-01
-1.101508017214063440e-01 -3.874178281168778604e-01
3.366313654046886317e-01 -3.789090519096627308e-01
5.810569382339523248e-01 5.810634700926902152e-01
9.412245350076431372e-02 6.607773209232403744e-01
6.199395970350738416e-01 4.715924992025644080e-01
-9.129808578512672579e-01 -9.227008603609943016e-02
5.454031177040798983e-01 -6.397949868783645577e-01
-1.253117496890765459e-01 -6.709974259562605514e-01
7.454925088242114750e-01 -6.591274154036397270e-02
5.818199209830667851e-01 5.354190148561999152e-02
-6.776040321812908385e-01 -7.080036127858058137e-01
7.405080440350926274e-01 -6.172594200418994870e-01
-5.583542913708421374e-01 1.426658354777261550e-01
1.251578696839055205e-01 6.539911245607250567e-01
-2.737970300307601690e-01 -5.456463251169196838e-01
-3.628267388593573450e-01 3.807520226050264966e-02
-2.632189748554094599e-01 2.719427652583472632e-01
7.032118129630060555e-01 -4.672348638661341091e-01
5.132249887093636165e-01 -8.400412383856341592e-01
-4.957414502712587101e-02 -7.012073271912764305e-01
-5.741558978369958322e-01 2.135407483040050458e-01
-1.620817491892898587e-01 5.830618632518225208e-01
-1.202424543237095023e-01 7.323217861781468052e-01
