2.008474601107508306e-01 1.269839461622761512e-01
8.888935576180954090e-01 -2.650300447532560888e-02
7.582781959259137228e-01 1.615450463899881228e-02
-4.701232589568027365e-02 2.591474356628205022e-01
5.118786028774087171e-01 -1.352241174893353826e-01
5.380705337209203964e-01 1.706855688663591053e-01
-6.721282853508612209e-01 3.469074227260964260e-01
-5.882264463537700827e-02 5.724252771538591578e-01
-5.286137922565627978e-01 6.001697227815927516e-01
-3.063463613796126861e-01 3.289352925779900350e-01
2.437353311817311852e-01 7.795474762263328028e-01
5.710137598746445331e-01 4.524148038510515946e-01
2.156756201314806720e-01 -3.401885934081638752e-01
-6.304505485058800041e-01 -6.155404019939827442e-01
6.300443772358588213e-02 -6.361702492213174853e-01
4.979304285825363330e-01 -6.988677862262588913e-01
-3.158730061624803742e-01 -4.234542793970732522e-01
2.160792441603858194e-01 -3.693269296931729340e-01
-2.155048717443250883e-01 5.229682463290306060e-01
2.624996731997752963e-01 2.929261461467900229e-01
-9.442456394622946725e-01 -4.704697187796580415e-02
-4.052469171361461342e-01 -8.764785180736414105e-01
-7.159612471415954804e-01 5.492142028223159222e-01
5.619827077798300596e-01 -6.294629273772502920e-01
-1.386553684857958491e-01 2.433707435170175959e-01
-8.478601489420500847e-02 6.188706615098384933e-01
8.248790347048529092e-02 6.935032489189840721e-01
2.882633447395539505e-01 -7.897852020668516548e-01
-3.445463822264127618e-01 4.133573563062893363e-01
-1.625862788554577332e-01 -9.054897212708332699e-01
6.239921273541231272e-01 2.674258029227227773e-01
-3.372242820201409863e-02 1.262408121693958662e-01
-4.430170673217659338e-01 -6.269436769541265608e-01
