-3.008065877699790391e-01 -3.090408627616350046e-01
3.902110505596723122e-01 3.683253759705469310e-01
-1.899049243807853227e-01 6.928943899702428855e-01
3.651265059976613880e-01 4.800862709921398519e-01
4.065038586335543158e-01 -5.227294888484901314e-01
-6.623293763376163490e-01 2.684428141574426441e-01
-4.382166239692153464e-01 2.383128186949989846e-01
-7.269684009712509276e-01 6.021144587433115980e-01
1.177819901550949400e-01 -3.972649172760038816e-01
-1.529412490699955107e-02 -8.236383268505105271e-01
8.381915000609785338e-01 -2.791959044045471128e-01
9.338052144895363504e-01 -2.227598693186181311e-01
-3.554656943963927507e-01 7.662791595173197301e-01
-2.093755854486012424e-02 9.756237332320876199e-01
-3.638229959616872122e-01 -2.229961889723486301e-02
5.935284234821027738e-01 -4.562343228894594205e-01
5.495847523082697528e-02 2.402152305557816447e-01
2.984976368557115123e-01 6.377102645903851563e-01
3.095615687576287467e-01 3.480890312120925589e-01
-6.084437520444618830e-01 2.875767910551554341e-01
4.700714351599999397e-01 -3.290207348201978910e-02
-6.185906943996921648e-02 -3.686618935119392315e-01
6.970854125814494040e-01 3.600779809394476505e-01
4.406859332198260759e-01 1.151925048113144889e-01
2.611247374185057257e-01 9.287887172111477518e-01
-7.214552649929517614e-02 1.202197459050906581e-01
3.621913100092735149e-01 -3.071571214580886000e-01
