-6.398327372899292875e-02 8.831893156042824877e-01
-6.025451805518509119e-01 6.776481515304642045e-01
-2.454761332949995101e-01 2.778169461637904902e-01
8.717465629978524699e-01 4.001365372252825292e-01
2.726359993344924515e-01 -6.991815011101669697e-01
-1.178087941314087672e-01 1.720189462330721231e-01
7.039590382727196616e-01 -2.026648374200989977e-01
-1.800675365220456570e-01 -6.270922127314175754e-01
-8.931702883712937524e-01 -2.288573395889133000e-01
8.307042829986770460e-01 -3.821866337188823959e-01
-6.826410082515592670e-01 -6.562738833696981633e-01
5.536708068916884606e-02 -7.149409821016676769e-01
-1.785901642502270015e-01 -7.526476326768982705e-01
-3.052073499344953866e-01 -8.840864397443797262e-01
8.731940520188448129e-01 -2.264033042550377406e-01
-1.399613533670429621e-01 4.583511472474852688e-01
1.856593122572975929e-01 3.974151455245484854e-01
-5.532633067219787648e-01 5.379723784536920572e-01
-8.228708985885508920e-01 -2.449615506627771389e-01
-4.506631842571733326e-01 4.686399096753390836e-03
4.081551992566638809e-01 7.069844818811112930e-01
-1.166137753281808465e-01 -9.329028841778452819e-01
-1.701582119386482184e-01 -9.291332215014809215e-01
-1.544337368191688320e-01 9.763439912078997196e-01
-3.486535849734313519e-01 -2.059992657845231001e-01
-9.497196744638802812e-01 -4.385592098088353374e-02
2.292413989304409316e-01 -8.123499620849261582e-01
-1.500779995543342071e-01 -6.125146163485291062e-01
2.341178167935615839e-01 2.065624363308669054e-01
-6.722251558688154827e-01 1.032080317839692007e-01
-2.908830247892015830e-01 -8.061359308238846832e-01
-3.250776191247251035e-03 3.825750176606625974e-01
-4.603907077349140842e-01 -4.616636622805456724e-01
-1.853092389769999127e-01 1.452134878602469037e-01
3.858187827973802442e-02 8.280940712951676552e-01
-4.792063869687868127e-02 -2.215972494580764618e-01
6.737828706228916609e-01 -5.183986320309610374e-01
-7.894519901986318811e-01 -5.628298449895101641e-01
3.722662216254375434e-01 2.336194694508186842e-02
5.107105928437853937e-01 -4.909635233714559899e-01
-3.198553534622994299e-02 9.925682808690898806e-01
9.839904288588385839e-03 -5.599602986506468927e-01
3.438458321791044714e-01 4.594775223027625088e-01
5.925875404798830459e-03 -9.413995751476065266e-01
