4.038459675782681835e-01 -2.884789792889641546e-02
-3.991663908498519486e-01 7.959562346748669803e-01
8.102978274313936691e-01 -2.083439243369624716e-01
3.191538369579351997e-01 1.274574352355000162e-01
3.268245734337651420e-01 8.739839138444418509e-01
-6.447548692801641224e-02 -3.314444457832947943e-01
5.269121142215760223e-01 5.604527539891364096e-01
-2.770929018171426339e-01 8.975789773247835335e-01
-7.504407938608026463e-02 -8.333603376116405226e-01
5.496301051233836166e-01 3.723572842381563941e-01
4.187734389877977303e-01 -4.937314829026377971e-01
-5.965859336696979209e-01 4.839723037296086439e-01
4.919369053783344548e-01 -6.904425759665095974e-01
4.769364930112436340e-01 3.785532097414692210e-01
-6.565398899086940521e-01 2.403825851249674628e-02
4.602515404348055394e-01 4.446390612551305299e-01
-7.156047257743547441e-02 1.337647439680678119e-02
1.588397879406793223e-01 6.507627356578788991e-01
-4.814376494395287143e-01 7.994713952855443395e-01
-2.582766383469883298e-01 2.120274787663412042e-01
3.850179090894112477e-01 7.976570755654250888e-01
-2.011144145471996936e-01 -6.098078627123264539e-01
-7.080842493840371343e-01 2.841854624829842635e-01
-1.296587844894625530e-01 -8.801156488767292174e-01
-1.644162090506495755e-01 2.094494252056875450e-01
-4.606797453644440044e-01 8.515254144179231766e-01
-8.036726538481959725e-01 -3.730604837763549231e-01
-4.707934199622709759e-01 5.541710128820986903e-02
8.270276672493053205e-01 -2.398473952966617695e-02
-9.618640379383602834e-02 6.177888660795163300e-01
-2.177746585506075139e-01 -5.109198239267920272e-02
