6.580581636063920214e-02 -6.661323202887754480e-01
4.020755374719917619e-01 -3.627358530051782992e-02
-7.912268066474308359e-01 5.745463644769832623e-01
1.671214080880267794e-02 8.144754438715320344e-01
6.465883332940467465e-01 3.918408622089586402e-01
-1.023003244069120576e-02 -4.628032743469241428e-01
2.931515874060099947e-01 -5.885782023424304121e-01
7.147345346100970609e-01 -6.400778088693086509e-01
3.465377800899176464e-01 1.041310225446239190e-01
-5.608275339234778389e-01 2.940239497063712459e-01
1.921768823476184274e-01 3.381176341372442717e-01
-2.083479085854689217e-02 -6.269383086887505563e-01
-1.139060996669671866e-01 -7.011373706388466243e-01
4.298853135342153298e-01 -3.475046224451876498e-01
3.958276328925396381e-01 6.101456779308132017e-01
7.555691081991033897e-02 3.487361378579645343e-01
5.782882135363631715e-01 -6.768003084430922467e-01
-2.135201119022578364e-01 3.078805368452841584e-01
-9.286658390512991801e-01 -5.140710901575373803e-02
-1.742923205291726507e-01 1.417005065505618777e-01
-3.507609907152713369e-01 8.370985691952723684e-01
-3.645160868803598575e-01 -6.945494836502277280e-01
-6.363327905144802177e-01 4.447062089738742507e-01
-4.324838681097611381e-01 -5.264244199714662731e-01
2.012607426137167366e-01 -4.888818132099648217e-02
-2.724036845546564667e-01 1.435576305521049090e-01
