7.441317145320445192e-01 -3.704742179872286822e-01
2.210046713404869578e-01 -4.764813916120249626e-01
-7.328850459748759150e-01 6.006436004892761193e-01
-6.813659889882917042e-02 -9.500675450079927309e-01
7.221629727898037920e-02 -3.886206277741499626e-02
-3.587663011473660735e-01 -6.165266837963092605e-01
3.251117867101172010e-01 8.681614269177861942e-01
-3.495259987291587933e-02 -5.976661741969893082e-01
6.644328444333020833e-01 3.774355286832715706e-01
1.193966382584317198e-01 8.680584889343376798e-01
7.645797406457910395e-01 -2.937425879741286661e-01
2.133159146832004360e-01 3.285812248486632559e-01
9.395699984090100099e-01 1.555689099939994158e-02
-2.384959812419120695e-01 -3.247615937577241763e-01
-3.474635007785933372e-01 2.947254102291514410e-01
-1.383949051422217469e-01 -5.053582323396366149e-02
-8.646184505751999261e-01 3.550360399066256889e-01
-6.522212156903295366e-02 -1.137709704834215518e-01
-6.465662019387607984e-01 2.408330539918428492e-01
2.170255584837701424e-01 4.439115278260630237e-01
4.171145440136301286e-01 3.123138910245519817e-01
-9.519604794296123718e-01 2.135195543456960277e-01
4.971468756458150562e-01 -4.347755988935702032e-01
-7.095740344734420280e-01 6.518490529484459728e-01
1.474571087858009832e-01 -6.361477697265207620e-01
-5.280469182936888828e-01 3.060943777548090772e-01
-2.059944354698060032e-01 -2.799865262175866842e-01
-4.322705100966039993e-02 1.506934970800741791e-01
