-7.294475081031843722e-01 2.395159025200379599e-01
5.500515097251779117e-01 4.770495583336860079e-01
3.623590826280322919e-01 8.004708876135278039e-01
5.296445933629463365e-01 -1.380916823398701254e-01
1.832726803938804494e-01 4.507215152449066675e-01
4.140580913459832590e-01 -7.045621589816832842e-01
1.114253725391147753e-01 -6.217821038219712992e-01
-7.170552316774954082e-01 6.667859884608495769e-02
-1.215108964071169861e-01 1.119058339802050384e-01
3.583452857184401541e-01 5.164809962736154336e-01
-7.985284981282350092e-01 -5.653676531459475019e-01
7.214332865154664542e-01 1.297471758928443464e-01
-8.273365242099675054e-01 -3.919869539208789000e-01
-7.337303633871237185e-01 2.282321102585709305e-01
3.466333712634495079e-02 -8.203427537598761976e-01
4.029958090558307671e-01 -2.762653363194960132e-01
7.739102674786546565e-01 6.195780991985262443e-01
3.868503823168545352e-02 -8.158642512237372912e-01
-2.837827541745603366e-01 -6.344516799169772625e-01
-4.370940158400760112e-02 4.730069433006334201e-01
-8.436658979799345204e-01 1.888445354315020364e-01
-2.375305050477645175e-01 -2.090778491456344312e-01
1.174613753217079726e-02 -3.759204439380789964e-01
-4.101204865178882386e-01 -6.986324582984642095e-01
2.338532515365756570e-01 -2.402261083065626579e-03
-2.504225915059938856e-01 5.622165630453730412e-01
2.701670565721090433e-01 -5.538158269381576737e-02
