5.112489212823192464e-01 7.105879289093159912e-01
6.331510444900743106e-01 4.096197193658381863e-01
4.793699037550460673e-01 -7.434236296651099973e-01
-4.668191405740418354e-02 -7.292709121774487713e-02
-3.624066335484019685e-01 8.352767163112413407e-01
4.547996949405184175e-01 -6.354237782540672619e-01
-6.871853048340474945e-01 -1.007186306402638731e-01
-5.301707628062983790e-01 -3.426228669107429514e-01
4.673319673220763804e-01 1.907015540425547329e-01
2.419264978747994732e-01 -6.831261867231455120e-01
3.884110847022235191e-01 -6.152488992960432057e-01
-2.758901863502190022e-01 -1.163223330001879052e-01
-7.147806221243424574e-02 8.643783761358185824e-01
4.781396576804579635e-01 -3.790037447674932114e-01
4.482323094333495739e-01 -3.460842942001838285e-01
-1.571695585321410960e-01 4.208478624589533368e-01
-7.312160040996986687e-01 6.255475522547737643e-01
-5.066240279228739762e-01 2.739258707530751735e-01
6.131907670304082014e-01 7.381016337791981297e-01
-6.040905852037523616e-01 2.783124697539756109e-01
-1.026925240566822772e-01 -1.123226853041363604e-01
-2.860822467268226976e-01 8.288329625390626898e-01
-8.026905817702434387e-01 -4.411431419473574866e-01
1.137608222604400421e-01 3.566348052483976350e-01
6.349828262747503338e-02 1.680719653152906723e-01
-1.416726842323203783e-01 2.728588900785271498e-01
