2.595587581189622295e-01 -1.017797770567525628e-01
5.527023483971456042e-01 -6.712051593357355461e-01
3.308472024219082375e-01 -6.595197839415884999e-01
1.464278730881991564e-01 -2.218527826638614364e-01
7.335123490964101656e-01 -2.108050988505194567e-02
-3.851518501359254554e-01 8.933928523330403326e-01
-7.254277310151675540e-01 -7.544832010138979861e-02
-6.239833436797836974e-01 -2.702855799343772958e-02
6.662129789158490745e-01 -2.305395281030326871e-01
-1.845629749987818258e-01 7.339841826872350872e-02
-2.663671288013074179e-01 -4.747250400865536957e-01
6.193363120865293947e-01 -4.829503547425346710e-01
4.799158518652495431e-01 1.538635427139904976e-01
3.541000113839718466e-01 -2.029410262905373408e-01
-1.288167588978521572e-01 -2.744831908783247343e-01
4.456438979879577822e-01 3.889948038066464164e-01
5.266823500278250414e-02 8.303692975099434825e-01
-2.802738417981618380e-01 -6.697522087311973404e-01
-9.252072124445043233e-01 -1.214536464907529645e-01
-8.036899452821477663e-01 2.079659929537420737e-01
-5.401986181228135564e-02 -5.663795940839144727e-02
3.343293308989259138e-02 6.811813346779016509e-01
-1.994101520633564384e-01 -3.325692081538076383e-01
-3.466099567102760570e-01 -5.012541277171300713e-02
5.715523465533081104e-01 -7.421484206244119974e-01
5.673447855013795671e-01 3.720596793665986723e-04
7.802437261982981820e-01 9.228983484673425330e-02
-2.103603431969809368e-01 3.553617628060321554e-01
-5.992389370749386934e-01 5.575121298090583988e-01
-3.548280355937993846e-01 5.973804941939415691e-01
1.783242430659059963e-01 3.439993456221754897e-01
3.146080165943330176e-01 -8.664576303120650191e-01
3.934463590612597983e-01 5.452728584789030553e-01
-7.200047870127894711e-01 -1.792581768729111236e-01
-3.910531342271907906e-01 -8.141306304803594962e-01
1.402766538988422518e-01 6.153583681100773806e-01
8.863615192768903306e-02 4.530541360692454944e-01
5.897245601896692335e-01 -3.033270018060667539e-01
