-3.731958759859170804e-01 -2.674912462074303665e-01
2.967060870599018685e-01 -3.300646003104867887e-02
-6.341625890668611820e-01 6.559673428903558534e-01
-3.865578580987734103e-01 -5.739989725108860519e-01
7.488694242349365204e-01 2.574589476839164170e-01
-1.935608261487808957e-01 -9.502552818940221968e-01
-1.145673562198863404e-01 -6.775518106981734956e-01
4.967504957951609512e-01 6.393043282150832063e-01
7.248075897937009682e-01 -6.746078991916706347e-01
6.846861350452535522e-01 -6.346628770728857116e-01
-1.503345574300176679e-01 1.302163914955067892e-01
-2.623436325024519622e-01 -2.562656476784275217e-01
-7.309407142625152787e-01 2.982464763016392517e-01
-1.587574302328957909e-01 -2.049258959697173310e-01
-5.957245760073217600e-01 3.978823707656145015e-01
-7.366168256072760379e-01 1.514517973733424672e-01
2.244741543042454435e-01 2.227937585481032379e-01
3.667509270923718923e-01 4.983654942131547916e-01
