-7.978478170927076896e-01 1.086785376649381796e-01
5.940452920698791051e-01 -5.940884993768433819e-01
3.477814457527963476e-01 3.981253736781984465e-01
2.410012262423153473e-01 -9.061676826552118591e-01
3.253459826691817991e-01 1.178943401199148422e-01
6.165023690485029739e-01 5.378224612021547113e-01
7.096098861103334876e-01 4.039949437084087158e-01
7.007898238504746136e-01 -2.170109556984760601e-01
-2.638387837315572249e-01 -6.063782509734449988e-02
-2.217374933663951442e-01 -7.063072325233790139e-01
-2.424043540483977743e-02 5.616738844089521621e-01
-1.128809648269180066e-02 -3.439887533131318342e-01
-7.749089250753011804e-01 1.555736615547191892e-01
5.793562519536745725e-01 -2.676977010036332150e-01
-9.369690840739401949e-01 -3.432039548699989950e-01
-1.820788816347425065e-01 -4.362202371314312099e-01
1.915486602517955106e-01 -7.039749161180366421e-01
-7.921621400525877821e-01 1.333077649801941433e-01
-6.728779911787770018e-01 5.895851796848743387e-01
8.635194421005909504e-03 -6.072426051330424013e-01
-1.824666951746405363e-01 -7.203439285492834188e-01
5.294985326641696854e-01 1.956712890803093963e-01
-6.752379339051808316e-01 -1.727975036009290477e-01
-1.330132866705289185e-01 -7.826801952220461267e-01
-3.202759475513381471e-01 -1.110461979153347656e-01
5.552751402144051607e-01 5.311973870229051986e-01
2.272288301522011889e-01 5.499435994573991238e-01
2.912406590051992428e-01 4.763014547124047038e-01
