2.874952834170765303e-01 -6.836778081020968845e-01
3.668244044120021474e-01 -8.773271268135551804e-01
-8.078037881929076569e-01 1.543488642159747126e-01
7.130829791472033108e-01 3.710974046936921233e-02
6.902854232705497584e-01 1.935480789696710779e-01
-1.036362589094179665e-01 -5.281528864503712839e-01
8.805671063057156633e-01 3.211286274262037388e-01
-7.145408284496435058e-02 -5.282847648170330146e-01
-8.462168825322757826e-01 -2.777464515840930570e-01
5.130721633976076390e-01 8.163888654787878618e-01
3.939711247367412295e-01 2.176632645869602811e-01
4.086302264939019047e-01 -3.460261911243023292e-02
6.504371475046397677e-01 4.536343419723367631e-01
-8.224712437881396276e-01 3.575686133675908263e-01
-1.959273535299135283e-01 5.653605386019779910e-01
-4.618913215516029513e-01 1.643507061812299330e-01
6.406506754228684652e-01 6.838908094910851609e-01
-1.470164694909787961e-01 -5.640605660656057285e-01
-8.454097087313103831e-01 4.888897544016073127e-01
-1.474670501419317326e-02 1.338363871007164363e-03
3.740150751199919910e-01 6.785126780073678088e-01
6.343549070539973300e-01 4.840917549285617127e-02
4.977677976861054621e-01 -8.465809853595038792e-01
3.050543172543092041e-01 -2.017096580806676531e-01
5.399862111848934276e-01 3.294516826239100027e-01
5.960754733183337706e-01 2.347021228907042456e-02
-7.901968530761207532e-01 5.395237458826589450e-01
