-9.044713120120255745e-01 -3.940535744946254137e-01
6.721752568001253536e-01 3.906294885407437523e-01
5.000149126384048071e-01 4.270419684950574890e-01
-1.734727342074267042e-01 9.641393241788247526e-01
4.399891258950743289e-01 -4.098165903857893255e-01
-4.406800399561279225e-01 -8.844057900052537669e-01
6.025711162345213090e-01 -7.590533086638371341e-01
6.342148645324030554e-02 -2.584298795032524687e-02
4.424507069739898046e-01 -5.798619645708646964e-02
5.711746980510747917e-01 3.680933652647420118e-01
4.785745168582160591e-01 -6.666989185136213969e-01
5.807090636142542284e-01 2.244521430062631495e-01
-1.483261246495874985e-01 -8.492350047443053551e-01
3.115935676141412536e-02 -5.162322338094624818e-01
1.117989703780370991e-01 -6.188046289427655555e-01
-6.099262430571270599e-01 -6.470912349610637992e-01
-2.501424419676814281e-01 5.566383277270605667e-01
-7.175465167873225081e-01 1.990749732661334370e-01
-9.909985028315348998e-02 -7.881504900771363342e-01
-3.136871559544198718e-01 4.045378010771876198e-01
6.281473235262726718e-01 4.994329773739498712e-01
4.347896029348685687e-02 -7.689274166485948747e-01
8.320056710457219840e-01 -3.679040424157453693e-02
-2.622683392573081917e-01 -4.595470103606358325e-01
8.943545446415601674e-02 -5.186400338459986603e-01
4.397008484688331720e-01 1.306905273244027832e-01
-7.362661569980273324e-01 4.192249472857152437e-01
4.186933925004443502e-01 1.563984463111762757e-01
-4.855621350382355317e-02 1.672869166333055269e-01
-7.023652662957216020e-01 1.490330472586613997e-01
-3.458274755270265288e-01 -5.487814617992914368e-01
1.291695292798129557e-01 7.503901183415346843e-01
-1.951597086813676718e-01 6.426521203926525150e-01
