-3.716499818279366263e-01 -6.662624671260910514e-01
9.870255593016308282e-02 4.843872778571431947e-01
-7.448326452821474319e-01 4.303930984281849614e-01
-2.431161154409664515e-01 -8.278777281731144466e-01
-2.734354671217034127e-01 7.468825766357876095e-01
-7.411374772271015487e-01 -3.947540428678932845e-01
-9.707236917779398233e-01 1.303423218231205549e-01
-6.228991016795553115e-01 7.088863412531019037e-01
-8.144492192569816602e-01 9.043741217318324033e-04
-1.526931926812513662e-01 -8.988025041762062184e-01
-4.956313663981193329e-02 4.363860054040971104e-01
5.675819680549347712e-01 -8.545061711886248190e-02
-9.379316099198442558e-02 3.758885710483754750e-01
-9.044600470825603367e-01 2.529523969395843785e-01
5.041593460690385609e-01 -5.908287514106853600e-01
2.067072485561054496e-01 -8.944077394128546743e-01
-1.624424136523483497e-01 -4.416712282731347639e-01
-1.681296094515234429e-01 7.768208984089863822e-01
7.827441101326675366e-01 4.081668567307272788e-02
-4.973803840986932290e-01 1.072895412062022658e-01
2.515133475048627609e-01 -4.442070294441702316e-01
3.913800694902032085e-01 4.241651446425542815e-01
-2.551691481389346539e-01 1.910328400149852168e-01
8.529416333172568088e-01 2.326894584351324458e-01
-2.372300384400145568e-01 5.704455595660022915e-01
-2.256716366026172427e-01 -7.985366888745515368e-01
-3.067390480754328408e-03 -6.633201593965256659e-01
7.416650955863794970e-01 -5.305111120683347892e-02
-6.456849729068709909e-01 6.000808982624445953e-01
-2.146959286177627657e-01 4.545928571915873739e-01
2.332591564250228178e-01 6.634480949800991567e-01
