6.285890047624691501e-01 -5.798880974805729061e-01
7.235427742445037502e-01 1.467091441399286378e-01
-7.589643486179586951e-01 -1.177922182760178238e-01
6.395736172083730242e-01 5.160453866804604051e-01
5.529811749546578170e-01 2.623847302794635183e-02
-6.343004036135209134e-01 -6.378258870078992171e-01
5.982672530913344389e-01 3.823290913349104425e-01
7.463072311793670366e-01 -4.564382340610642075e-01
1.394532615576351553e-01 8.728292257147751698e-01
-1.798931477429899228e-01 -2.894180585374774850e-01
4.535097846449784864e-01 4.276855708296718461e-01
6.657576441408628032e-01 1.481237596301496762e-01
3.533878382975594867e-01 -6.036435400162840637e-01
5.958192517518376974e-01 -4.675597059585601123e-02
2.399273081125687934e-01 2.462418738516534145e-01
-5.006215583202977548e-02 -7.681324757833025707e-01
-2.251202083770917906e-01 -5.952199852869406449e-01
-5.915251406264432354e-01 7.818272402514281350e-01
-1.114421788585837625e-01 3.346487045697594809e-01
-1.705924449521420971e-01 3.601516145796470614e-01
4.081514481753381052e-01 1.159568067142553449e-01
3.403575542732049097e-01 4.104184881564700849e-01
3.103040712448712490e-02 -2.550225734318953830e-01
-2.998036063551801078e-01 -3.557378134894673138e-02
-8.242259774367639569e-01 2.542714512838377683e-01
-3.288285204829255459e-01 -3.431493870399020540e-01
6.529120306399116558e-01 -1.404525605955710965e-01
1.796513836992748026e-01 -2.539868608786675086e-01
1.838614430997111970e-01 -1.430334826915924396e-01
-8.879308210652772093e-01 4.026041268737994283e-01
2.813205380266061706e-01 -4.671039603057671741e-01
-5.240451509762382720e-01 8.189143803594700621e-02
2.195814724062643553e-01 6.088631302495222108e-01
-2.402017158168752164e-01 4.232178967989215224e-01
6.287115417424207209e-01 4.160759717118909240e-01
-7.659868290557110271e-01 -6.376451408770613671e-01
4.780247215242265924e-01 7.051356368168701927e-01
6.821910942772608788e-01 -5.076513438865071226e-01
-7.268205689170061934e-01 -1.887277132048597039e-01
-5.523599705486090805e-01 3.411347613894577524e-01
