-7.281617182132735788e-01 5.043281362668086132e-01
-2.918324515438057709e-01 1.245033758073128549e-01
1.049463521631188723e-01 1.944408152786296640e-01
2.649911526071206946e-01 -1.626498776173774807e-01
4.395654606273657894e-01 -5.551831479708835282e-02
-8.003445671234696857e-01 -1.752143910683943151e-01
-1.201362503086345068e-01 8.100832828823920639e-01
-1.539081346761297375e-01 -7.924931174019380631e-01
6.449003172266596362e-01 -4.798397496585127264e-01
2.966371421525757501e-01 -2.485303023306990600e-01
-4.864656707736267904e-01 1.740963871261880236e-01
4.361248387346201572e-01 -4.741042999481603903e-01
3.289541835863016850e-01 4.554959262020137345e-01
7.723686261550715138e-01 -2.070613317622220784e-01
-8.628476047715563091e-01 -2.999532448471462498e-01
-6.579178010373931684e-02 -1.863946543360650576e-01
-5.628532487909478910e-01 3.576591070948431650e-04
7.219423233142898688e-01 5.691429482349927849e-01
-6.275442327884974691e-01 7.395938659672869342e-01
5.092684821301356468e-01 6.248316832664726483e-01
1.498099803129366858e-01 4.157861281868828751e-01
1.830044912773720611e-03 -7.754763569215379349e-01
-2.096958210627337671e-01 -7.722558963837837798e-01
3.542962385326529073e-01 5.781884762314386528e-01
-5.330008198195641533e-01 9.219304850754839187e-02
1.616766533921121241e-01 3.521702164049691497e-01
-2.467782484931446696e-02 2.429964585726127613e-01
-6.533078242400949254e-01 3.706574528517700973e-01
