-8.884312046945574970e-02 -2.118735624340282175e-01
1.150249550477846494e-01 3.330923678650072883e-01
5.621585892461622436e-02 5.948974933798669706e-01
4.460723398783708049e-01 1.539190931997664880e-01
1.310359788489721122e-01 8.066622890150880743e-01
1.233988509840735492e-01 1.560369147281117641e-01
-2.279661158779351382e-01 -2.093497640072243815e-01
7.360827830994023380e-01 -4.322862986281472697e-01
-1.108014476866188147e-01 -6.289692762189742492e-01
-1.804208831035971627e-01 -1.547448340219932383e-01
-4.495472484332390106e-01 -2.715465175353732885e-01
4.960804157317004748e-01 -5.442938330449376139e-01
-5.517103470163919887e-01 6.855258809954292154e-01
-3.306317724286755855e-01 5.952412920982157463e-01
-2.976346924396737759e-01 8.855493076680767128e-01
4.554645258256795337e-02 9.527725391792285503e-01
3.892768204542276234e-01 -1.538193433417842648e-01
4.202769307168707780e-01 -3.280614256470695267e-01
-6.288693305070467421e-01 5.622041615575428253e-01
4.754205843987160396e-01 -7.595405990716697087e-01
-5.122582978992848979e-01 -1.695237916862557537e-01
-5.670865485384224414e-01 -4.385026371970719428e-01
-7.636798469992454041e-01 6.075780757260491605e-01
7.536616463074201633e-01 -3.429862495431343916e-01
3.172784522816458619e-01 8.242834395884046650e-01
-6.245681999150460850e-01 4.530051284464993167e-01
-9.607493033675051919e-02 -5.631571153403720498e-01
-1.124429471277355042e-02 -2.249831425301656029e-01
9.493777159625991224e-01 6.289757571263843161e-02
7.379004933904584895e-01 -4.348749457469538449e-01
-6.517331315174124118e-01 4.189342150410129140e-01
-7.401498818459653073e-01 4.430377883769576197e-01
-5.472657553492614735e-01 -2.296657394577770184e-01
6.623315748850564511e-01 -1.595997839561600351e-01
