-4.311748993725701418e-01 5.213498589569116604e-01
9.499083476260088421e-01 2.855554896593912595e-01
3.476409198124374988e-02 -1.211413779939474189e-02
7.934403957205200530e-01 -2.494365961189166647e-01
-8.208811294899764910e-01 -1.323202573214810052e-01
-6.220072276186712212e-01 -5.479610594552788427e-01
3.577471331487811490e-01 -1.900544744306125189e-01
3.329568587290676618e-01 -4.516809428800740989e-01
6.842023430905197490e-01 -6.487562994977067454e-01
-6.956639727678606278e-01 -2.986667426355003041e-01
-5.507686616563820525e-01 4.561536122533109694e-01
8.354719254975220277e-01 8.064207843639081830e-02
-5.126028204325268067e-01 8.361364101598041110e-01
4.786887673233022333e-01 -1.709599582389313976e-01
-6.202123735883295907e-01 -7.370829541334937840e-01
9.828636584969219214e-01 -6.178533710414635394e-02
-3.534723945122164590e-01 8.492015792130163110e-01
-2.839583630569375572e-02 5.053739001469592651e-02
-1.515963141771976552e-01 9.050740178838245775e-02
5.489961480389251580e-01 -6.161001396640899408e-01
1.243300919920615755e-01 -1.241154474237382566e-01
3.529510426341697649e-01 4.413749801257307315e-01
1.352900183981051718e-01 7.220684850059795323e-01
-8.342799253010468874e-01 2.875278583529574661e-01
4.064965689495474432e-01 -7.249015834388470303e-01
-1.973882551702277333e-01 -2.423200820721205240e-01
-4.661323959042769083e-01 -7.763554266870393850e-01
1.096258704957397967e-01 6.891245535186536486e-01
3.251280137912908597e-01 2.222018977094020187e-02
1.958701676856231533e-01 6.117565767102459695e-01
4.958580640274503626e-01 3.035989290390908035e-01
2.515661475791175494e-01 6.055941660141224148e-01
-1.510724359253525773e-01 5.188750700626831858e-01
3.572102948147106716e-01 -4.897863018895542986e-02
6.720972307514485600e-01 -2.781455799579162225e-01
