-6.905735018218657206e-01 7.201063355327148585e-01
2.601082545141355507e-01 -8.030879405843895924e-01
-1.932467572254294996e-01 6.607494155748767639e-01
-6.933802101375012850e-01 6.989696732027117498e-01
-8.248026403161334841e-02 -2.843494929446579444e-01
4.288029669814437117e-01 -5.081240643347295638e-01
-2.382314681370707454e-01 -7.765612981166603035e-02
5.728286154861423896e-01 5.521736372348002853e-01
2.966030923113258666e-01 -4.552278187200746729e-01
-9.604949763624492931e-02 9.263358793536971003e-01
-6.923299967429943358e-01 1.189915062738482465e-01
2.322439012297463634e-01 -4.055657831025878401e-01
-5.930241562539806388e-02 4.775088659470225760e-01
7.984391827891377247e-01 -3.137147330252298971e-01
-9.367971894197713034e-02 5.498815305676010290e-01
-1.781544121671565506e-01 -4.403117772729636670e-01
3.424658463639811412e-01 6.855528986765349053e-01
-6.658910438310654545e-01 1.601646935943632499e-01
6.687635152439264097e-01 1.600803405308959260e-01
4.450662779850595996e-01 -2.451744495908223520e-01
-9.236977229017351299e-02 7.031523826460182036e-01
-6.149857891811800759e-01 -3.129752093156907833e-01
1.546991719297450274e-01 8.806149569385108844e-01
-6.457884604120016636e-01 3.515284960208993059e-01
6.223051098354104305e-01 -3.952315631660836548e-01
-2.780725622097375282e-01 -1.807042828432963155e-01
-2.296544115794680874e-01 -7.001023609120355928e-01
1.699203460350848793e-01 -2.736621366778293485e-01
8.239227255837571207e-01 5.446883479907711489e-01
-1.912290997020260619e-01 4.885513031801231865e-01
7.086503918700448601e-01 -4.905295350190392867e-01
-8.214336798970411913e-02 -4.287432794210428444e-01
3.672391178308598292e-02 3.235284521312948858e-01
-7.360077447845247978e-01 -2.295083360988212640e-01
-3.256692730935872859e-02 -8.834113585047402850e-01
4.528381130012899547e-01 -4.513627686986199095e-01
4.181403810578778746e-01 -8.778533770398391223e-01
-8.552400980893704041e-01 1.142500650037243659e-01
