3.466283196255393051e-01 -9.146322980991741236e-01
-3.694643676742102034e-01 2.645408350215618931e-01
-1.979062369436488389e-01 1.370835457934436175e-01
-8.029506154005336960e-01 -3.061987757586022152e-01
5.162758580137276621e-01 -4.241862750283265093e-01
6.642752467766017688e-01 -5.421893913843807145e-01
4.246942187973581362e-01 -4.347599822980212636e-01
-7.019955053123148048e-01 5.569493032107413200e-01
9.232303870073093055e-01 2.128702856479123273e-01
4.999207573321378106e-01 -4.766870041411179759e-01
-6.134175217836161931e-01 -6.063199163784149803e-01
2.873824137756120223e-01 6.891687530152124097e-03
3.154385920876314753e-01 2.939410822280617008e-01
-6.845298197582223576e-01 2.276951289667774603e-01
-6.046431857658469688e-01 -3.552366557069093211e-01
-1.798522137101032925e-01 -3.966846239403052365e-01
9.906882451806797718e-02 1.888286139223411819e-01
7.536813736764131910e-01 -1.875458579128590486e-01
4.309982908399250245e-01 -4.939370387950043906e-01
-5.387275216530544864e-01 3.644629131803005517e-01
4.662601885936505930e-01 -6.032002804886160696e-01
-4.641152392519256598e-01 -9.199087014052231837e-02
-1.708837817409090132e-01 1.802893458933398918e-01
-7.664435527873454390e-01 5.355752728966640674e-01
-3.253015862536379199e-01 -9.197163802776600061e-01
9.960803274371676785e-02 4.507903655982732349e-01
