6.782361708230095765e-01 -5.142352583610456662e-01
1.143685027812368915e-02 -2.626823236670590145e-01
5.862596799855879226e-02 9.203352577166010740e-01
7.541745303202558315e-01 2.620002816531410428e-01
6.620835292248186121e-01 -2.769860779983710497e-01
8.234609483286736697e-01 2.169546294531587982e-02
4.970314578473609135e-01 8.051033452130638146e-01
-6.061956628015969795e-01 -2.464080837445725702e-01
-3.531092698797120288e-01 -6.433877508070717788e-01
-8.516561992539029013e-02 -6.382586408312740378e-01
-8.910287134705732193e-01 -1.990053133357241322e-01
-3.926410694035586957e-02 -9.249911327285929019e-01
7.973162323869029677e-01 -5.434962234913509604e-02
5.581724410391328828e-01 3.508509103080148517e-01
-8.507938745590239993e-01 -7.103672664172311357e-02
-2.612003397004485361e-01 -2.481630362265294654e-01
-2.966778149454258884e-01 8.649760832479551631e-01
7.699664602783375944e-01 5.783139671589014874e-01
-5.229366125749410621e-01 4.436803855083899517e-01
-1.065826345565197286e-01 -9.527288130361133422e-01
-1.747160746472165016e-01 -3.545124922736830886e-01
-7.404859307166244964e-01 -1.302407965530083533e-01
5.512449262507534975e-01 -3.492660102445555026e-01
1.884363623921918585e-01 2.326809639506386418e-01
-8.936430564985471392e-01 4.033245759297572341e-01
6.649567425707592072e-01 -1.187949881459480217e-01
2.990352013324848457e-01 -5.265408969106677439e-01
5.786552479315241193e-01 2.478610898213160496e-01
8.002283799047762436e-01 -2.043992951607294106e-01
-8.709449801456632390e-01 3.277928335048849728e-01
-5.372422237862828354e-01 -3.204847750355790392e-01
-2.780336306201092178e-01 8.145570108782567154e-01
