4.945460623481980900e-01 1.354955998773288428e-01
-4.370779119751102559e-01 -5.056485692462491244e-01
-9.226862928051771107e-02 -8.331313196588225889e-01
3.098485571036950770e-01 -4.898683678730941793e-02
5.553245514315543474e-01 -2.154678995014915888e-01
5.313618560013377845e-02 4.159773480398860634e-01
3.933943861549973331e-01 -8.531992470579328192e-01
7.358322703184749791e-02 1.267216499154280029e-01
9.256767280466906556e-01 3.771739756228682516e-01
1.876231428132448809e-01 -9.418738439495488723e-01
-8.911869045596723105e-01 3.087345523628448607e-01
-2.453872878807643598e-01 6.995898281876438141e-01
2.886759493929378362e-01 -2.884078052570018258e-01
9.245846765207121898e-02 6.277773872793113163e-02
-1.173626595370582670e-01 -5.075942478393093982e-01
1.876712174895822649e-01 -7.940332650150274674e-01
1.347623679918648065e-01 4.723162785900665295e-01
