-8.043457384783696540e-01 -5.518893123367314413e-01
-3.848620140344467533e-01 1.199327551106530443e-01
-9.819813293244550323e-02 -4.442558259101381246e-01
2.469285784702985875e-01 9.289881314036940729e-02
7.613293382400121434e-01 -1.158804386070546588e-01
7.738004886173819319e-01 -4.114281278645457451e-01
4.476333243496521952e-02 -7.374260394146301412e-01
6.922062963822888104e-01 -2.346832695802532065e-01
-4.931928662879947467e-01 -7.470948797060483759e-01
3.236972144560956721e-02 -8.448553484132124147e-01
2.060676571349531194e-01 -1.085579391620989931e-01
6.331175088689129371e-01 -4.672349201656040840e-01
-5.466972683147235390e-01 -4.306886502051243681e-02
-8.422504673424586752e-01 -2.113552166827350476e-01
5.039250242503998667e-01 8.340043554558471683e-01
-8.597487126686642611e-02 6.463334174522126219e-01
-3.993733211792769300e-01 4.226683443489320791e-01
1.025155174630332233e-02 2.971962664968685885e-01
5.080444518831144229e-01 3.353711608928027221e-01
1.391102282834701942e-01 -4.837526954671003132e-01
2.916124538502340435e-02 7.986052803434231517e-01
-8.506144292233503990e-01 -2.623513873963412291e-01
-7.452897693916402666e-01 3.207083101678143144e-02
-4.042124778661808637e-01 6.376746274194025066e-01
-2.265274563909420724e-01 -9.345229444229083970e-01
-5.482028492908552764e-02 5.231161275274818223e-01
4.376413416433702075e-01 6.831424861617854116e-01
1.684800510659334449e-02 2.955849096685803090e-01
-6.278475587016174586e-02 6.596698852136306801e-01
8.976591253169230455e-02 6.375689164345887949e-01
-4.751640948662028130e-02 3.574279052995774641e-01
-6.441125583878324345e-01 1.401628857725196742e-01
-3.818665874020883422e-01 8.164575996313350181e-01
3.422181057394944048e-01 6.842355968772559915e-01
7.916590510852534734e-01 -2.975894764034978657e-01
-1.878208859270964481e-01 -1.402427226579350261e-01
1.591771117652138745e-01 -4.421043034671541250e-01
-6.881921386427634069e-01 -1.150000784684390709e-01
6.801081183756114701e-01 4.551398667124901820e-01
-3.032249788770671195e-01 5.306964394610618196e-01
2.113833169137819823e-01 2.824572710896315897e-01
-4.255187647386851069e-01 2.665862793827458166e-01
