-1.334448770748453139e-01 6.812345498395484533e-01
5.564912247004829560e-01 7.783840486641580014e-01
7.146353200431614372e-01 5.377618648556456993e-01
-1.772496924513977667e-01 1.811148424735891105e-01
3.653072668563701608e-01 -6.128479768495642688e-01
-2.634269816945098430e-01 -6.229208637482677169e-01
2.684972612629838995e-01 -6.427931347729756162e-01
2.396252506229321622e-01 -5.282086383998696455e-02
3.407974664173794022e-01 8.532031124885282036e-01
7.750820070286783547e-01 -7.312990156047383117e-02
-6.285857868014947947e-01 6.593326607311231768e-01
8.800701064269214058e-01 1.153807960264001675e-01
-2.082182359972832852e-01 4.703261260331295102e-01
-5.892590130144448324e-02 -6.374817458474899556e-01
6.741868398399535334e-01 5.353595658429382009e-01
-7.385615484548344600e-01 8.217681868191606398e-02
-3.033488904409182840e-01 1.675086806110106519e-01
-1.680161588572581799e-02 8.345845459574587899e-01
7.308277486715284432e-01 -5.678236925902935273e-01
9.422232205979130804e-02 8.882165832954334039e-01
-3.127034844182459139e-01 5.617954023178501899e-01
-9.785409078969238283e-01 1.915941038725210710e-02
2.940226872069817698e-01 -3.589818156002506644e-01
-2.118533467529057912e-01 -6.482531320525330987e-01
4.394035956039787916e-01 -3.705106066803096621e-01
-4.807745034139210283e-02 -6.437726634309071105e-01
