3.497230737263534728e-01 1.703925195032787165e-01
2.924210987912898574e-01 -2.242027541703190963e-01
-5.613179562647729881e-01 6.431623918516145011e-01
1.783110083607453156e-01 5.899387928212540544e-01
-3.660334311750301772e-02 6.612997994927349854e-01
-3.280294611384599879e-01 -4.465438616572936503e-02
-2.260083363923395261e-01 -4.675672838920190699e-01
-1.730035825678726269e-01 -8.726466282494975690e-01
-7.113083222632938796e-01 -6.755554183590968265e-01
1.702627150270135115e-01 6.913449647517277974e-01
-6.202667507697283700e-01 1.728741259712303080e-01
-1.484830071054916711e-01 -4.833228648575496056e-01
2.405019423179730609e-01 -7.510119039393017282e-01
3.878874508135401467e-01 2.780556970278773576e-01
-4.347556366607994160e-01 2.923713007982229328e-01
9.313122810895269055e-01 -2.734719855227010221e-01
4.841964897935948642e-01 -1.048112141724533153e-02
1.127310199858670980e-01 3.138766285510825593e-01
3.683247925196437844e-01 -3.225495309187089710e-01
-5.531418309060687211e-01 -2.906136451019323275e-01
5.662534408263986130e-02 2.427165949016614199e-01
-8.201249886765582531e-01 1.587657097220223079e-01
9.276823122832333901e-02 2.711888712069430163e-01
