-3.643271970682089300e-01 9.068795129417104306e-01
-4.901835337753825961e-01 -4.392855813166136603e-01
-1.247768073081829687e-01 3.330953867631802900e-01
5.769725709001660707e-01 4.999709808855812287e-01
-2.267511722527513207e-01 1.131222885104150588e-01
8.723172011741000542e-01 -2.981972832976969023e-01
-4.377835767026665437e-01 4.325971100673207115e-01
1.245981367606241452e-01 -2.733125385983035116e-01
-2.861720328360215504e-01 7.357509145116154503e-01
7.791049951692434750e-01 -5.534157275058362302e-01
-2.401691066688169673e-01 -1.402816941171651788e-01
5.809380102371726196e-01 -4.225419879228304865e-01
-5.729794009849924485e-01 1.001859396845514727e-01
-1.868131161908885840e-01 4.226359686616729672e-01
-4.011992261451391428e-01 -7.430783556226017161e-01
3.759271357148441517e-02 -5.893275044017347586e-01
-5.347058561716486746e-01 7.437651302091674577e-01
-7.264384673293886596e-01 -2.880556287274917970e-01
-9.769343572931599162e-02 6.299571238565468967e-01
3.379036412352065533e-02 -5.100305084872354122e-01
-1.066397678420565320e-01 -4.800632831792424060e-01
-4.200887147253360432e-01 3.767116797935932127e-02
-4.925484903789834057e-02 -5.977059036506955358e-01
1.431954184939445707e-01 8.113876249261391393e-01
2.141948458400755317e-01 -4.842093140135830254e-01
