-5.398496883596903828e-01 -6.381992967264162875e-01
6.746916743243238646e-01 4.333182846385037479e-01
8.655212020584561738e-01 -4.706496875037100569e-01
5.342528136021984508e-01 2.070647929345637017e-01
1.579818033734454730e-01 2.362921095905459179e-01
2.108480772348193533e-01 -7.220990600909744650e-01
-1.864293475928855415e-01 -3.699879550559319608e-01
5.533082368036836840e-01 2.755566205843016370e-01
3.961312638577072498e-01 3.398523972207996291e-01
-5.083101572318480255e-01 -3.458621765492606581e-01
-4.000060491744035218e-01 5.461428007533939422e-01
5.700251003610503631e-01 -5.222841182675717064e-01
-4.617466129892151550e-01 8.614653991612220008e-01
-3.292088308687977083e-01 7.934757152887517151e-01
-6.144060999404545864e-01 -6.730779454979818333e-01
7.661010436723456607e-01 3.458499445908516101e-01
-1.692167102676362944e-01 3.109977506691654625e-01
-1.804993217789985227e-01 3.108353020882346218e-01
7.140052966445484817e-01 -2.366927378317502662e-01
-2.085521762940854007e-01 3.869500594030310658e-01
8.213188602021566087e-01 2.787969039741515775e-01
-7.444554275126693543e-01 1.921251951391300672e-02
8.650499116995076232e-01 3.851976029197556883e-02
-7.533586643368406222e-01 2.679759525124578712e-01
4.470941899772968853e-01 -6.846651097607363567e-01
1.951080604611881153e-01 6.756131291708677988e-01
-4.377284790280435711e-01 -2.153786554561030187e-01
8.265260966882332916e-01 4.379978622895386309e-02
