-1.445110683289509979e-01 -8.765545511110763854e-01
-6.428273535661175320e-01 6.165308927136261552e-01
-7.681016578807569051e-01 4.372063145716538202e-01
2.988478800852720774e-01 4.072884169913781882e-02
-6.637279008457255269e-01 5.984119641019534086e-01
1.272703554975593843e-01 -3.537383847268467107e-01
-1.461946074647513250e-01 8.519336470347484980e-01
-6.277665538073364804e-01 4.633280068012393116e-01
4.238444557215186315e-01 -5.459609920404395744e-02
-7.478100758971817363e-01 5.455449190538841364e-02
7.814981014030637496e-01 -5.662836768862966608e-02
6.346609147066193390e-01 -4.792278166491295011e-01
-5.118226214801044893e-01 -2.112928569597245509e-01
3.389786661601406070e-01 -7.034283571083286279e-01
-5.088189670340388382e-01 1.691308618470737102e-01
-6.857431861536724682e-01 -4.250594787506032368e-01
4.500838927849504234e-01 6.057258663730169523e-01
8.364398581415111167e-02 -1.548044047796584000e-01
-3.747592750302051190e-01 4.355823392903634961e-02
-8.554861059377778520e-01 -5.047970188994812535e-01
-3.486590315799387163e-01 4.900898641044530990e-01
1.232735308401200491e-01 -2.208208722811675351e-01
