-6.832552601116039792e-01 -1.207890246755427555e-01
-3.206482899849905088e-02 -1.240782028430642558e-01
-4.765204517910615056e-01 8.131522444065328870e-01
-1.527594671900618373e-01 7.976002914797599708e-01
-5.011059063749678799e-01 -4.733197635444370555e-01
7.310322730242495570e-01 -5.663218356888399807e-01
-1.559071879964619711e-01 1.715630875656248833e-01
4.796007956950043560e-01 1.143786348860347246e-01
-5.953238947707377715e-01 1.448442056008059087e-01
-1.623708784153383711e-01 -2.674942604272494417e-01
-2.491472371562504229e-01 8.511605158531481141e-01
-7.346672965825362667e-02 6.204231662796355629e-01
4.197345687841345097e-01 3.234395187869611998e-01
-4.946726343489342703e-01 1.358509227236506245e-01
-6.241316087766413112e-02 -1.621249815614627110e-01
-1.364381609178928478e-01 -9.572790459945115238e-01
3.437372755865812923e-01 -6.862115431080475503e-01
7.109349422929869267e-01 -6.493392172985266164e-01
2.628407505950403067e-01 4.450483249961878496e-01
-7.110533860683665441e-01 1.600738742953398130e-01
2.273848527739885661e-02 -6.170565899544238064e-01
8.489894718189239242e-01 -1.920913909988193335e-01
-3.444362645186940242e-01 5.429914222980876115e-01
-4.423299996801115519e-01 -7.273352159237382875e-01
-6.268434020475008861e-01 -5.985395886017970124e-01
9.683779263109797419e-01 -1.903335902911171829e-01
