-8.594457681049940678e-01 4.978843653691302773e-01
-4.308506183122420286e-01 2.035521053375055622e-01
-2.830727672436139652e-01 -3.462281622669076686e-01
-7.380097293382956725e-01 1.196917485050479346e-01
3.618411600523763205e-02 -5.429371100409596806e-02
6.950195972249118004e-01 -4.165890393170796902e-01
3.464737840876368491e-01 -5.294818423334601842e-01
7.455190013633816726e-02 -9.746490713860753718e-01
1.534584141404189417e-01 6.531123058623315991e-01
1.603552531514100821e-01 1.458472116436364541e-01
4.753728455045374002e-01 4.284003055799998627e-01
4.732978434340329166e-01 -6.933477740507647535e-01
-7.103974419171399379e-01 4.628694505556547600e-01
1.738436619140864003e-01 1.892500233442897528e-01
-4.771534066036677846e-01 2.984120134164851557e-01
-4.891233514459847331e-01 -2.385704151841223641e-01
1.995112423061069507e-01 -2.759444456945285840e-01
-4.562255942971324973e-01 -5.124735258894330681e-01
-6.950623999868810188e-02 -8.124743806675855939e-01
4.458660786945634058e-01 5.926021272008390461e-01
-5.455514596658586068e-01 -6.485485142369786793e-01
1.139608012988511110e-01 5.100351063042456445e-01
-5.805172139508647522e-01 5.025613234884809266e-01
3.363321841824817859e-01 8.289421377325789653e-01
-3.676748442329735855e-01 -7.234781764160826967e-01
-1.640641016330568469e-01 -1.851078772654712878e-02
2.070101841866227588e-01 -8.128584281986581672e-01
5.394201091832964146e-01 6.893190002350166878e-01
