-7.379760924109468601e-01 -5.113976224273253379e-01
6.950064070588497511e-01 1.380585763364656771e-01
7.176719692945816576e-01 -4.072703699937756383e-01
-6.380674422509002852e-01 -1.660250193041110656e-01
7.483953504710862958e-01 -4.601137434622226685e-02
-8.741086134761633097e-01 -2.134940734020325248e-01
-6.748948162781718274e-01 3.796361577591498282e-01
2.642655456128599756e-01 1.636172148058039344e-01
1.319465923139375718e-01 2.741833259786976562e-01
-5.577658764073121223e-01 -3.030203606659793714e-01
-2.969735598696101597e-01 -4.457280196980981657e-01
-5.432720733469513785e-01 7.360013632845943121e-01
-4.325056464633902920e-02 -5.451201210393870067e-01
-1.145832677111984221e-01 3.461488070239557846e-01
-2.097716044978303884e-01 1.736512221687029900e-01
-4.337209700000166368e-01 -7.497385456703975493e-03
7.778861295375716356e-01 1.820704284932059824e-01
-6.076897613333462900e-01 -7.744320732609493163e-01
-3.398207387939580215e-01 -5.496108864223108181e-01
8.967717981769804947e-01 4.252735669794460716e-01
5.325192060612509160e-01 8.322374263750038637e-01
5.714868012781022522e-01 3.563807184346268198e-01
-6.447673804479965298e-01 6.597532836238095832e-02
-8.967615421605816817e-01 3.911353393787910804e-01
-5.246475948579709669e-01 7.981226844645163965e-01
7.533333172529097510e-01 -6.217914853480694948e-01
