-4.392157400479832496e-01 8.944190193947225698e-01
-5.086024836830649321e-02 6.083014430708160170e-01
-4.765051907061577108e-01 -3.301637766825638032e-02
-2.013512643446457862e-01 -4.200559572587225787e-02
7.172399611493718297e-02 6.920569618179885918e-01
9.373774652862227885e-01 -7.699979277168522707e-02
5.653002109368114869e-01 -1.677424727987031350e-01
6.952250536839823525e-01 6.805028919718272284e-01
7.256640856308935739e-01 1.658203098957757859e-01
-8.549611418987734801e-02 -2.599467050579400418e-01
2.288288228731691909e-01 4.509377090258805953e-01
-1.567229565463770236e-01 8.780317962720429747e-02
7.324931888301031702e-01 -5.077114906377726555e-01
2.840413932756296056e-01 4.656979195400370308e-01
-9.037278264864445632e-02 9.652823900538138879e-01
-2.871631481806997677e-01 8.799044629706678222e-01
2.275477351689008110e-01 6.815319632312333287e-01
-7.584549210825863863e-01 -1.624611864626124280e-02
-3.648868508541343036e-01 1.797589736553404371e-01
4.195388172284357786e-01 8.999939297568326779e-01
-3.850566228512131151e-01 -1.762674255573843940e-01
-6.436248043838039834e-01 -2.697206488486065812e-01
-3.737761340592644643e-01 1.421939123602513622e-01
-5.685715329363849602e-01 -3.666203804231620289e-01
1.401266318428957547e-01 -3.812167682147262759e-01
5.309273119551969344e-01 -8.116299742730941347e-01
2.156703684605503213e-01 8.474404631077832040e-01
8.884430335269644097e-01 -8.971524855081280947e-02
4.431978497330308908e-01 7.835253620942754793e-01
