-4.048736150807497047e-02 -8.958962961140648495e-01
4.175502558292842892e-02 -3.269617158537641011e-01
-1.163190542898968616e-01 -1.555579128788180387e-01
-1.720662232551632975e-01 -8.945723641450229469e-01
1.392252838331466958e-01 -1.936607796622384914e-01
8.205592794988492145e-01 1.897209010645428684e-01
1.174908294548306920e-01 -6.020263310685691760e-01
-9.380491463989173440e-01 -1.680000325042412257e-01
7.894081719920968965e-01 1.839076536936321560e-01
-6.836281472781147173e-02 8.495767006208903016e-01
6.900483515070257035e-01 -1.419745990336285235e-01
4.020548849685789961e-02 -4.491983477391003898e-01
8.119199118807507443e-01 4.058515946712535349e-01
6.104319510027442774e-01 -3.444057907232371818e-01
3.530913476856654132e-01 2.377618485892054601e-01
-7.031967994265997390e-02 -4.298896948602164425e-01
-7.710810034244033329e-01 2.535353151496868573e-01
-8.971563620008846662e-01 -1.684874104389211258e-01
-6.086285956518351359e-01 9.259666017992440601e-03
4.202469768019962970e-01 -1.560694692605117950e-01
6.117947438048445541e-01 -5.564521360409158124e-01
8.385504954768279173e-01 2.171017210657921748e-01
6.746469622289597012e-01 -7.352869243841890778e-01
-2.900675692456506916e-01 -8.286032891444383708e-01
-8.634532039509139612e-01 -2.604943448242538206e-01
-5.060505795528977835e-01 2.600625714446598291e-01
-5.765191767453248239e-02 -5.685461394339121899e-01
4.996795769231214823e-01 1.244957495682434967e-01
5.880123927014970775e-01 6.755175058935398713e-01
-1.317036122035701862e-01 -6.118163207038247453e-01
-8.314810234513489995e-01 -4.075523341036382252e-01
-3.361998299607962259e-01 6.115042236881780280e-01
4.174670549883643389e-01 -1.784143920657887961e-01
