-6.286729873025003190e-01 2.914730504360745211e-01
-3.021267124479949384e-01 2.338853011217334465e-01
4.185627279458308259e-01 -6.133157813783480794e-01
3.612090192068815320e-01 -7.908656204050941163e-01
6.417125858701484553e-01 -3.628075963001575754e-01
-2.716956226677906816e-01 4.516464701543105864e-01
-2.008689877510216881e-01 2.336455862350670376e-01
-8.453157785040805727e-01 -2.108063843586411856e-01
-3.880217718903644641e-01 -8.208916176985143753e-01
4.040877336903803130e-01 1.794221680077674463e-01
-1.345652924731000066e-01 4.893556103949014968e-02
1.613945172189010790e-01 -6.133799035240095066e-01
6.160148535848957163e-01 1.608893732003546795e-02
-3.010668564604221942e-01 1.736391828831838069e-01
8.929369093479821995e-01 -9.524364983054489642e-02
1.700075355687222789e-01 -4.572637269428583284e-01
-5.780951121373534285e-01 -6.449995589547401487e-01
-4.264983255144394469e-02 -4.701117893303681239e-01
-2.070793908105401648e-01 6.908827510866026866e-01
-2.398852323376838847e-01 -9.566497129765485496e-01
-2.957866512812019621e-01 -1.994864301206245027e-01
-7.830186477312679472e-01 -4.137356948811601320e-01
-6.439930400917330822e-01 -2.014491874181105757e-01
-1.170101601290207682e-02 9.208213789411359151e-01
-3.728747109371475243e-01 7.573533955431090980e-01
1.363542269830146925e-01 9.035050854337871584e-01
5.431287733159884112e-02 -4.401945245665261908e-01
2.197988808625885859e-01 7.090124211747508287e-01
3.167004076115196298e-01 -6.681071824599378317e-01
2.483863885081429856e-01 -8.751949231419835495e-01
-6.815616766450054431e-01 -3.778837386444111601e-02
9.755476795038120486e-02 3.449483214466011471e-01
