2.454203499210090289e-01 -5.208763588529823352e-01
-8.870738782031795111e-01 2.000462735015609006e-01
6.279249967556348455e-01 -4.290401287912848360e-02
4.395058197392436306e-01 -5.837748971978700130e-01
-5.393146689094028279e-01 -3.078556109650198991e-01
-4.228158817131433267e-01 1.445594730930563898e-01
-9.887882555606124502e-01 1.253748493861557289e-01
-2.462777916396259315e-01 -3.526716821303694793e-01
-4.621267820969428008e-01 1.969633771119803090e-01
3.534294416889787183e-01 -5.920421226764986944e-01
-3.897716822251053870e-01 -6.946953476704509356e-02
-7.035586493193308755e-01 -1.967955618428820497e-01
3.357684446417446011e-01 7.343494745458110096e-01
-5.027946791219684020e-01 -7.424593530754213244e-01
1.819306234732456229e-01 -9.392407358201955159e-01
-9.188673022661451029e-01 1.648633773502392597e-01
1.877536721862906877e-01 -4.120053527364109236e-02
4.854343879690483643e-01 4.947074533540967156e-01
-6.943530826633494968e-01 4.743170156114584479e-02
4.765100242183593071e-01 2.249275946274020832e-01
3.596268930497348304e-01 2.132506310473607503e-01
-3.054000658798832202e-01 5.246644905200945619e-01
-1.083157727105987789e-02 2.413338304850349836e-01
-8.698149927491671818e-01 4.851133035027983542e-01
-2.568767806866858461e-01 -3.793008025879507361e-01
-1.240380808076548824e-01 -1.529242538096065029e-01
-8.014698899135526133e-01 -4.594135481680061694e-01
-5.454132728034073452e-01 2.830779947867412272e-01
-9.450204605914482858e-01 -5.923280240414574571e-02
