-7.665065313721084461e-01 -5.777479631033299867e-01
6.450202677406711160e-01 -2.010484272624391000e-01
3.130987380608309945e-01 -8.915925912906508266e-01
-4.401579615596244999e-01 -6.614538798581719448e-01
2.054136334942138209e-01 5.976264350425521954e-01
5.581749992173865582e-01 4.911217420128914934e-01
-4.355808326832963928e-01 3.329825137989592676e-01
-1.518561178507091824e-01 -1.331761582707224889e-01
-1.334513365858200906e-01 5.930269150683196155e-01
7.488908545433317077e-01 9.563699229494915244e-02
2.354897288327548743e-01 -1.402758848172620532e-01
2.591296262464353184e-01 2.442513464774229703e-01
8.303891837489485450e-01 4.483691221630241586e-01
1.292291148905573284e-01 -5.567982946418867929e-01
-8.296722908910032501e-01 4.362289579553353391e-01
6.198647837281905382e-01 2.038359460935232903e-01
-9.404936652546513898e-02 8.176689000046351019e-01
2.286453577406017956e-01 -5.919190565118159775e-01
-5.867942162978763143e-01 1.381799826752987403e-01
-2.010740505367643038e-01 -7.929731026574993180e-02
-1.805800888909394608e-01 -2.868645781259449024e-03
6.209617401793998681e-02 2.842374495671786683e-01
1.349714160020685227e-01 2.529960399068957866e-01
1.726232074122917570e-01 8.946615499930725690e-01
3.941641536359379305e-01 -8.704019461237002542e-01
-9.630997144474975347e-01 -1.707084350416898655e-01
6.298498136907537681e-01 -5.181071529136345166e-01
1.022217924285886426e-01 9.023091304222286002e-01
-8.043565449706850945e-01 3.567705168832833174e-01
6.169352838865034272e-01 5.319275840935908661e-01
-1.997909285653234335e-01 5.260639156517674664e-01
