-8.700272371605262123e-01 4.736784056571916590e-01
-1.249648083878975857e-01 -1.285514923583555014e-01
1.198651024920338592e-01 -2.689808176835775111e-01
1.315665600146043168e-02 -8.406689127617237300e-01
-2.295696819933890076e-02 6.255862125749631630e-01
9.138222590938496204e-01 3.101135314123761866e-01
5.681388618911069610e-01 4.301054839913367456e-01
4.941172274758709460e-01 -6.561477478867245861e-01
6.064913771354984995e-02 6.250133630361465187e-02
-3.467750051278182255e-01 -6.449952467221085062e-01
-5.549663790844030498e-01 -7.189595370942791774e-01
-7.725841791829064498e-01 4.164225414512896517e-01
2.013428517728550471e-01 9.257128067733026988e-01
-1.583551402253131624e-01 -4.936919431817536896e-01
-5.805071496209091020e-01 4.107210682937827428e-01
2.654005400127232850e-01 -8.383437784948901683e-01
-1.923963351335087335e-01 -7.265600878688323050e-01
7.003086495673518375e-01 1.581746589982291340e-02
-1.933919423813217353e-01 -4.552561415456146676e-01
2.362242482901542040e-01 6.354077279023369051e-01
3.642123463617670254e-01 3.252499648741096205e-01
7.129714499803314620e-01 -6.064109687088030665e-01
-4.450280372870112355e-01 -7.100175764386933430e-01
