-4.247286820672520058e-01 -5.697179783758279381e-01
6.011041595644073254e-02 -6.963804946828349163e-01
7.710661557441529368e-01 -4.676760688852767966e-01
-4.382787584963534488e-01 8.956371973500067973e-01
-9.245625957010905616e-01 -2.286402819618500448e-01
2.997809904462584996e-01 -1.507026101537221052e-01
-8.909835478324801272e-01 -1.043815168497821411e-01
8.833558614893743943e-01 3.138871706831725117e-01
-3.908572399761531813e-01 -7.354359401860175449e-01
-8.145320817499217547e-01 1.512215649524690786e-01
-2.039896483102356939e-01 2.162016131114423700e-01
-7.250983582468837341e-01 3.761758891664126470e-01
5.804542417656044506e-02 2.981381677900569738e-01
3.256431742924141837e-01 -6.931759666324965874e-01
-3.740792359579414583e-01 5.397751848673433273e-01
-7.535875223695731595e-01 -1.495764478677865661e-01
-5.953846000869498223e-01 3.013044614236548568e-02
-9.175887058835803245e-01 2.558468874067412191e-01
-5.856882169400323690e-02 -4.574464162682494450e-01
-9.621470683362676191e-02 4.913882786970513727e-02
-4.290452614996860259e-01 -6.598718316173675102e-01
-3.217294310358937981e-01 3.440676967023572619e-01
-5.715746865448474434e-01 -1.971915302754221333e-01
2.318348613230962751e-01 6.644628688940281691e-01
5.062638753445962703e-01 6.688926121538218972e-01
5.080375437096451563e-02 7.988923938396688129e-01
-7.153678208140901162e-01 7.776174657767054299e-02
1.699901422470937451e-01 -8.510698056976646608e-01
-5.793285118380444576e-01 5.279629178241962428e-01
6.356451025341798289e-01 -2.287944604408762572e-01
6.231804050311893217e-01 6.094685127766190647e-01
2.791579316484373852e-01 1.109102467879605758e-01
-7.637047135453363111e-01 5.393136329242689264e-01
2.623781004210834489e-02 6.162948862777619663e-01
