4.223550404887295162e-01 -3.436011633983591107e-01
-2.214839323777100244e-01 4.697851549553653250e-01
-7.364886572588913438e-02 3.036641699065012467e-01
-4.871284532837010239e-01 -3.771180207997864020e-01
8.273821889146273367e-01 3.785030814164453972e-01
4.722889035529567181e-01 4.538678330905820957e-01
3.766814567118581536e-02 9.708164997854273892e-01
1.202115652608282126e-01 -5.162031757337137705e-02
5.173432150100096827e-01 -5.285583054071414377e-01
-8.412423334817713538e-01 -5.138483349763027785e-01
-3.522812313748293622e-01 -1.528469517704911240e-03
1.587576020848209257e-01 -8.119652240655570452e-01
-6.480725531093503022e-01 -6.694664191460186764e-02
9.571815944104373752e-01 -1.798160083773885365e-01
4.093631310934764400e-03 -3.589114088553857496e-01
2.269360600953362894e-01 8.043999683796740907e-01
7.677828117204070768e-01 -2.777536633636048524e-01
6.961960921345824449e-01 3.427808766762647785e-01
3.263119414679873653e-01 -5.161294589556624235e-01
1.211341158999019729e-01 4.379490871217037729e-01
-2.263757019308885177e-01 3.841626159373607852e-01
-1.628129632366674961e-01 -7.113275126286826566e-01
-8.074558566398140069e-01 -5.610945060191945277e-01
-1.723810529352973742e-01 -1.861368094437279019e-01
-6.839586406573423538e-01 -6.256668337072832653e-01
