-2.586144063785436042e-01 -9.118211027804239421e-01
1.978311433385619988e-01 9.587650445580850889e-01
5.878249137377495881e-01 4.267052698883173623e-01
2.553636046916873958e-02 -3.282792344635765414e-01
6.441088538626349447e-03 6.058613825642855666e-01
-8.975862981364626236e-01 3.052646845533899533e-01
-7.147948673562896094e-01 -5.554651434732966742e-01
-5.146056872753010936e-01 3.223510760899443994e-01
-2.315459721085111333e-02 7.923932379340568044e-01
-6.029210465335301805e-01 -6.684702394518935442e-01
-6.977834901902575382e-01 3.016206269563934672e-01
4.819424396442117953e-02 -8.433526827809068038e-03
2.732114411624240180e-01 -1.151989682245384561e-01
4.238006247827497130e-01 3.159842564848711621e-01
-5.371748369080875385e-02 6.754554625626649766e-01
-5.389084437803814964e-01 2.307288854460827210e-01
5.424027282364529690e-01 -2.222386620036727045e-01
6.777037384406989773e-01 2.653001161750836445e-01
-8.848556578998612032e-02 3.589935886202644255e-02
4.431516737787499771e-01 -7.236549576916417870e-01
1.221883619773709295e-01 -2.204083010543749221e-01
-8.432061783471946903e-01 1.633096653982124558e-01
-1.119879388452913460e-01 -7.717364170083773622e-01
9.560226780670435520e-01 -2.693955422916527453e-02
-5.173913045352311890e-01 1.027066916577479283e-01
-7.380871633143861743e-01 -5.271063320844566746e-01
7.067787551496305110e-01 -2.631795371107703563e-01
5.742788183171536609e-01 1.896910653544530145e-01
1.379835805078257760e-01 -2.276917409080205790e-01
-3.917601006940036878e-01 3.973307578218010505e-03
2.723542516792949453e-01 7.993768773370322211e-01
-2.904765468871062239e-02 -4.447975164766817535e-01
-1.037646530477351892e-01 4.081705159222133172e-01
-3.861732631203018684e-01 -6.460595062310559022e-02
1.551517223738525519e-01 6.731688363455901047e-01
-6.570365609198260959e-01 6.759429528268177112e-01
-8.770860292207238729e-02 1.970298989568410875e-01
2.061892349914919986e-01 -5.971484832866209569e-01
