-3.838094039035957472e-01 2.004762551621941391e-01
-4.069237309813722447e-02 6.272367327985388652e-01
3.293425917370740308e-01 9.336019318607915451e-01
-1.417481627056189630e-01 3.754199269304347997e-01
1.457836034416131188e-01 8.777281616577092827e-01
-4.744808124938870719e-02 7.127510515528194812e-01
4.931378214809150062e-01 1.246868048857994182e-01
-3.690742916983349442e-01 -7.363290088338414474e-01
1.702625753342266179e-01 9.241726239943572896e-01
-3.761813903594815045e-01 -6.106187142839809567e-01
-4.994294840032060812e-01 5.828017631370439045e-01
-2.912183048580341271e-02 -4.721052392776492468e-02
8.132336701545639368e-01 1.575454593421068417e-01
-5.839267944539925370e-01 3.715144735915894003e-01
3.499354334954818402e-01 3.725682539728984999e-01
3.658393933179173718e-01 9.242086937472655528e-01
-7.167779989660232332e-01 2.121877976436066238e-01
-7.954155895799857046e-01 2.002027230260108315e-01
-1.339932196896493899e-01 -9.308633109753301493e-01
-8.066669017731120661e-02 -6.889834798285134898e-01
-1.096897438033210825e-01 -8.491963384671123993e-01
4.990675560456361293e-01 8.432639978766212074e-01
5.511135790030183834e-01 8.627996563269846320e-02
3.894115928104735502e-01 -2.047427601722906498e-01
-1.257794824226923236e-01 4.940642008976847688e-01
7.527560102031400913e-01 4.307078087415243672e-01
-6.938130725846927138e-01 5.685417666581547014e-01
4.774820207565966257e-01 6.014511826262958216e-02
3.821467230180874974e-01 -4.031800816750266137e-01
-2.006141117429733889e-01 -4.774474710231702002e-01
2.665601092211431489e-01 7.941945468866111746e-01
