-7.749201928729805289e-01 -6.009020511269111964e-01
-7.006377340846010604e-01 2.627540813237705386e-01
-4.214031212204483179e-01 -3.651852949514058366e-01
-2.619708416810284657e-01 -6.948926933704979714e-01
-5.835746583874210636e-01 2.505835587714129176e-01
8.684729113464035866e-01 2.545524736685411682e-01
8.571213247529745338e-01 -3.229591419891708615e-01
-2.514118391192867730e-01 -5.413897339924456098e-01
1.488380209929318632e-01 -2.393355566253916322e-01
2.320433765010039284e-01 -6.721363528863619763e-01
4.414372083211652864e-01 -4.289873403729616008e-02
2.918202086820713692e-01 -4.775149789221047048e-01
2.569812746633777234e-01 6.977021113125860818e-01
5.283305926395698293e-02 9.624105261560242930e-01
5.204399186297596902e-01 -2.011573494900966708e-01
-3.721144921912005188e-01 7.636767417197078966e-01
7.116866344482843942e-01 1.834074421218812034e-01
2.883625080348959369e-01 3.085857208410569541e-01
5.468761428660975366e-01 -6.640947979669371559e-01
1.674190591012671980e-01 5.814121261703926180e-01
1.002452785768626065e-02 -3.211345499000706205e-01
8.793702532275560202e-02 -9.663399847378402185e-01
7.225980451521736292e-01 1.011786889832666514e-01
2.661733996344888276e-01 -8.282674529568081478e-01
-1.007742955965551523e-02 3.533886181167396057e-01
-8.951614600941648625e-02 -9.222272259757484658e-01
2.427701436861151585e-01 -2.273367705868269972e-01
-2.470531499152228694e-01 -9.572004524156660921e-01
1.155216009867223725e-01 -4.381051850227779543e-01
7.203048617008758203e-01 1.925228641182163969e-02
-3.924197519914587318e-01 -8.308550348312961908e-01
-8.827495501044901882e-01 -7.393920147678922916e-03
-1.044598960764193674e-01 7.464507023115436457e-01
