-1.869367708583562493e-01 -4.394568694002467524e-01
-6.343884054501842673e-01 2.050318005000750787e-02
-5.140984383503961475e-01 -3.540948272733044355e-01
-5.029646584877884852e-01 -8.139199854816296931e-01
-1.821380723042824723e-01 1.842455750711566864e-01
-5.912692887049453283e-01 -2.797084809854888388e-01
-7.574510619040226711e-01 -5.602752436628948285e-01
-4.856384734716856499e-01 6.109546389431861346e-01
7.269901402839953342e-01 4.026281173940935432e-01
-8.115822621233388379e-01 -1.348133524223817936e-01
6.171749662972720873e-01 3.597165808906133133e-01
7.414802840767007464e-01 2.581848122093044484e-01
-8.360102691481299253e-01 -1.527685043309015001e-01
-5.468415467647713690e-02 2.761329504017102643e-01
-8.887522724621770287e-01 -1.283727362804709671e-02
7.624690044320736604e-02 -9.529767185800237517e-01
2.574703383502643383e-01 4.741297176032095440e-01
-9.781548610810530953e-01 -1.552832475979917248e-01
-2.737401990817198705e-01 -3.044085401556091419e-01
2.911825528717226774e-02 5.538123506637784299e-01
9.641202872200560492e-02 3.815602420212853563e-01
-4.046736418119882828e-01 -8.232341203259083695e-01
8.972476904360915384e-02 1.280771729988585683e-01
-4.696832796193630699e-01 2.828065181667609451e-01
-1.611869242383821010e-01 -2.533087932461361991e-01
