-4.194391018908740776e-01 7.156996892808085153e-01
-9.162293404409040942e-01 -1.994592948868638693e-01
-8.343955090398946783e-01 4.566904925532384585e-01
-3.850065561216386989e-02 -5.345107792723489126e-01
-5.102406565293446938e-01 -4.324443009271934368e-01
-2.785123738487034206e-01 2.676434049563045647e-01
-1.210661301516642308e-01 -5.900371932877555015e-01
6.923504612865543084e-01 3.161419172585224757e-01
9.608143824262493915e-02 -3.083795486900386962e-01
4.366176312563241346e-01 -7.272516434722762213e-01
-2.615094809251403696e-01 4.552410918960738684e-01
8.426859094265164440e-01 2.253737454410382757e-01
-5.311106817684903003e-01 -7.528382445709558279e-01
-6.934759773388490256e-01 2.762267674184566424e-01
-2.242816155476612394e-03 -2.097532230809642240e-01
6.383724630999181304e-01 -1.119126768588099008e-01
5.436390863740552248e-01 -3.149325238167541841e-01
8.130313238393882536e-02 9.832966976873822595e-01
6.285068046245876339e-01 2.212527628404772351e-01
1.795552738434715856e-01 -9.106532389716135434e-01
-4.076952235100539390e-02 1.673473470702115939e-01
4.387041529465516287e-01 -2.019962964658528204e-01
-5.831244811772415826e-01 -3.715793208418676219e-01
-5.157853141172359379e-01 -5.236752574785645820e-01
-3.173890861693615673e-01 9.348054829018208611e-01
5.230246757185896822e-01 -5.686322390429343621e-01
6.413157164640805874e-01 3.312929842894669630e-01
-8.544829838303373837e-01 2.356855072444068444e-01
-6.208092764286246013e-01 -6.154429488723733854e-02
-3.823685338142079893e-01 -1.310630503005159042e-01
