-7.286413431225216009e-01 -1.488776141950762799e-01
-9.017317717746764494e-02 -9.928852706031936481e-01
6.027133539854347966e-01 -1.947929716687062385e-01
-6.597861138578589024e-01 5.931762994419174095e-01
4.913723940688663472e-01 -2.565270094930194311e-02
5.420097914747272760e-01 7.035585335593985690e-01
4.682627402648198434e-01 -6.289320288380322310e-01
2.094161849527540475e-01 3.810886169414600122e-01
6.344442716120142212e-01 -2.712428801938491230e-01
-2.536542395275820372e-01 2.530388962209086934e-01
-3.357650426061331572e-01 2.106014055443621302e-01
1.643163706751880060e-01 -6.501580050512736353e-01
-3.558430057858075202e-02 -4.311593517635763373e-01
-4.511446381050108201e-01 6.073955871666614215e-02
3.322213617215705739e-01 1.945485095407029075e-01
7.065382541642013514e-01 5.385469021576101412e-01
-4.202778733585319504e-01 -6.577452505614984624e-01
1.861320867662947798e-01 1.492169141045041059e-01
7.683558788434423636e-01 5.249461016675855962e-01
-8.111201379644490395e-01 4.043502499364735048e-01
9.412208635459420325e-01 2.555627635155994781e-01
1.023367115982012354e-01 -2.372780391023738833e-01
6.340019131686247533e-01 -4.250217245238463448e-02
8.916037178106694938e-02 9.426619688403361508e-01
-3.080089449120888556e-01 5.754008182637926350e-01
7.345197493191875093e-01 5.133653740623231876e-01
-6.226325557832623758e-01 -7.618905969980984683e-01
-8.811962054528408306e-01 -2.693761515264467832e-01
6.365804415519140669e-01 4.058873556460862453e-02
-6.956389650110539336e-02 -2.730027395185310457e-01
8.206973202353549102e-01 -5.233446058785837796e-01
2.558234058966470936e-01 9.135586938578272864e-01
-2.618447647366997089e-01 9.417657697075803025e-01
