-1.009292697818797713e-02 -1.952912656920504642e-01
-6.278069381072235444e-01 -5.835421944172369813e-01
-7.133909060552874326e-01 3.734667959632798073e-01
-2.946816092730202286e-01 7.589709237105202178e-01
5.189861302801095366e-01 6.132358323465887384e-01
-5.078459831067758667e-01 9.435491259257622332e-02
5.231368639991904601e-01 -1.354601169080804635e-01
-6.031124722189811216e-01 -6.518930814600742973e-01
7.977058438435995491e-01 -3.290928406318476274e-01
7.867472590983726199e-02 5.577592695713196047e-01
9.111628884810469842e-01 -1.911239285384267461e-01
-7.565228804763126647e-01 -1.124206830395604317e-01
1.901109232915989544e-01 4.424759449203210515e-01
1.935045273257196552e-01 3.649197844654041845e-01
-2.656668448821399853e-01 2.673225258911773317e-01
-1.658935809029131736e-01 -5.767044033059871566e-01
-4.372738480485707235e-01 -1.217811254239899998e-01
4.657520522532592189e-01 3.583162849031999997e-01
9.783264466640582135e-01 2.874298852949452865e-02
-1.708794972122433808e-01 1.001154682640930105e-01
-4.298962945822741855e-01 -1.993051016562032984e-01
1.184132250577714096e-01 -1.835009873666195723e-01
2.451263771129241764e-01 -2.801659736472121853e-01
-7.865724848581494566e-01 -2.061866869251809398e-01
-3.965473329497268828e-01 8.992244136189142534e-01
5.897078086643325889e-02 8.646245993859622558e-01
2.664813769626341866e-01 7.523912671271786312e-01
7.324367916914991117e-01 2.121030727018782258e-01
-2.153080728042211511e-01 -6.523521076254756856e-02
