3.254818442477394047e-01 6.460081339223693320e-01
-8.718074026457738324e-01 2.932857912787185661e-01
9.666598089516804659e-01 1.586045571641037100e-02
5.080563573304284208e-01 7.639390058826585062e-01
5.744049337193990468e-01 2.452978472603670745e-01
-2.733627013702744080e-01 7.208925508442203256e-01
-4.371654211884115071e-01 -2.220596724518451026e-01
9.937571471210793206e-02 -3.023524323240514011e-01
4.130273426282609073e-01 5.858484439091506957e-01
5.936168205067571257e-02 -2.347776930088618652e-01
6.093102430034993411e-01 3.889615654165845537e-01
2.456843995430224581e-02 -8.563543726860687322e-01
6.696802733414419784e-02 1.148258743300993867e-01
8.225767242236523558e-01 -3.894299389590383242e-02
5.469495407429791900e-01 -7.472678145618147916e-01
6.858659004507103862e-01 5.301299805484231964e-01
-7.473623555974850952e-02 5.066908037626369765e-01
3.814045066954989682e-01 -8.774162226578821056e-01
2.476564437693444809e-01 -7.673698155588510872e-01
6.866554406112979070e-01 -4.900806511159339074e-02
7.992397253298444415e-01 4.832264051441126362e-01
4.773808405945301203e-01 -3.099597137732148511e-01
-8.044849253847119464e-02 -4.007296350484024217e-03
6.504512544365548266e-02 8.581596247419314150e-01
2.766639820051011167e-01 6.193447077178060312e-03
4.143904252362005103e-01 5.209679057176817008e-01
6.200787420768165692e-01 3.032577267598535187e-02
4.703048326207948104e-01 2.300464486950102305e-01
-9.084121579804904645e-01 2.286829248306188056e-02
5.677037396910862288e-01 4.632363844467841663e-01
1.927346512836896064e-01 -8.804444486348210752e-01
3.044959381510912166e-01 -8.362547549918819545e-01
