3.993181286264244623e-01 7.405201406897221617e-01
1.956593401084245620e-01 -2.160612198819278351e-01
-3.792704013998005053e-02 -1.675329252912680644e-01
-2.571359046968226814e-01 4.045030849946040785e-01
-2.471949421989123596e-01 5.569299793066624371e-01
6.630840096897596680e-01 4.361271583872485813e-01
1.761056286281490468e-01 -3.853647485385278681e-01
-7.637496860504071616e-01 3.519994935922099444e-01
1.427535007065310335e-01 -5.241873279775119965e-01
8.221455499082401808e-01 -5.103645391330209335e-01
6.289039638028441903e-01 -4.952151934209856332e-01
-3.086858708021575914e-01 -8.837729272467305108e-01
1.591333962891803289e-01 -7.244531027798073453e-02
-8.312555343074401470e-02 8.020078699116033327e-01
3.839033823260395994e-01 5.016835013974885182e-01
4.042905468802397984e-01 -8.891803544696328387e-01
4.512004815207961705e-01 3.096845457114241196e-01
-7.454119621920787253e-01 -2.167178454229963247e-01
4.001067353081610989e-02 7.533758661734981654e-01
-8.512613273358620170e-01 4.052953393869056509e-01
7.846881683983288891e-01 -5.311001310775413931e-01
-2.324023544074145242e-01 9.463319508775978051e-01
-6.249187476130841912e-01 -4.735492225649193809e-01
5.417987163735895617e-01 7.390086188839140036e-02
2.688100620034721278e-01 2.015531965915340340e-01
3.698541154046677271e-01 1.021685246097430166e-01
1.984816846412718050e-01 -7.836417802697455137e-01
-4.546196931410251274e-02 8.251362632922052409e-01
-5.445396450320081350e-01 -3.996728560465787616e-01
7.719158874261133896e-01 -1.473111862487279655e-01
4.047877760270992553e-01 -5.047735419974068716e-01
