-3.566796623356147666e-01 3.779930431068323493e-01
-6.035112159239128804e-01 3.032653167224030888e-01
-6.735150257746480573e-01 2.528682463917817369e-01
4.975563367833761852e-01 -7.570185385440091341e-01
1.349533386043952898e-01 -2.249378336415115420e-01
-1.020503803181331826e-01 3.162794898483944905e-02
-5.922947788613044384e-01 -2.092784087006032134e-01
-1.287831517523099212e-01 1.233008457236655087e-01
4.293296263628327836e-01 -5.420050536640348415e-01
9.326295973396758754e-02 9.706826093414646639e-01
4.961890130698387580e-02 -7.053529952918080603e-01
-6.264411793255781902e-01 -1.805343618358221658e-01
5.357067364488741212e-01 3.426626395524270396e-01
7.062191394543042566e-01 -3.079563228520338924e-01
-1.134016289009158740e-01 5.369240940656048178e-01
2.831325304690799349e-01 -6.171256685524717511e-02
-3.393792993177457973e-02 4.523849356811171507e-01
-3.812594486896772050e-01 5.698191816180715463e-01
4.804264969850833289e-01 -1.170257676944239655e-01
-6.708996618463851647e-01 -3.681446700327386523e-01
-6.805532278635884058e-01 -6.710433352690581277e-01
3.006026087705764294e-01 -5.556262045629607460e-01
8.321862542601532464e-01 3.103964264347245372e-01
7.763234771598104267e-02 -7.371982009370261490e-01
7.049588094831811258e-01 -1.397613480802586405e-01
7.151794565122528979e-01 1.452208667992203051e-01
-5.448550682049249083e-01 1.708620029111314054e-01
3.298657652408913954e-01 -6.405492487843746918e-01
-1.887222068622773641e-01 -9.265351823594267788e-01
3.410781248082106476e-01 -6.765262318033704592e-01
-1.616223312851579053e-01 -4.266525942449539421e-02
5.221714121858922475e-01 1.338211167601408569e-01
6.588033852524950440e-01 2.149433481836464654e-01
6.226558848263701318e-01 7.349213221487227443e-01
3.673411920320694968e-01 -1.347019847947161786e-01
-8.156541194034283571e-01 4.042804777818558293e-01
3.352561289700093372e-01 1.303665210813005348e-01
-4.123707440635475674e-01 5.616961575560872610e-01
-2.648051485214595324e-01 -1.227930855813852418e-01
