-9.947492907795130179e-02 -1.977447827273390857e-01
-7.054205633893211314e-01 -1.355730393634586584e-01
2.317365157809629927e-01 -7.768940743767165369e-01
1.605415025559842057e-02 5.745204945298030275e-01
3.988603411860449643e-01 -5.490510449945260607e-01
-1.720594971435440712e-01 -3.045292181517262886e-01
3.026214705439767005e-01 -2.316290579693009999e-01
-1.300904663446180720e-01 7.732768075939244756e-01
2.701082829695684584e-01 -4.882562846097286968e-01
2.143130721848665043e-01 -3.161733338173078334e-01
-9.744578618620631794e-01 1.523965790783450291e-01
2.584622964599441186e-01 2.300327216401143460e-01
7.385267852752586126e-01 -1.343116137290982781e-01
8.085863132268888975e-02 -5.304380496052782945e-01
6.775212016760330247e-01 3.240553732827453626e-01
6.680286015743268635e-01 -4.802794588894572225e-01
1.652295380788024737e-01 -7.399917886954017199e-01
-5.146619374118117651e-01 -1.131360599807651468e-01
3.568571353246874356e-01 7.310649094136589810e-01
-2.569296848016984214e-01 -4.005001078775323187e-01
7.827725151394286929e-01 -2.863522681275851856e-01
5.919629368257977031e-01 -6.801324988316754805e-01
-5.858260663991448070e-01 3.138224151777770921e-01
-3.301665220504885756e-01 4.206362274003752066e-01
5.059021224187481014e-01 -3.606909821745567513e-01
-7.003205545288548883e-01 -1.863774406756535384e-01
-3.465142500329432274e-02 8.307280961487628623e-02
7.651223853812199049e-01 1.229392996869003163e-01
-2.276732138484838242e-01 -5.920647929727413938e-01
