6.646505728118190515e-01 4.433114803895004119e-01
-1.851879294514806595e-01 -7.419918062245167700e-01
4.722088893839686552e-01 3.174320887725099460e-01
-3.786833159448332875e-01 7.358773755199112809e-01
-8.620020896676237054e-01 2.154202535514193606e-02
-4.056529495981064937e-01 -5.162058082491094435e-01
-4.036005886043707580e-01 5.758300647083336443e-02
3.490885030749177886e-01 3.107901191666782026e-01
7.955436002873799151e-01 -3.646723500228061798e-01
4.813320679469121899e-01 6.725378350121209436e-01
7.334236551899870893e-01 -2.853892810507812072e-01
-3.764036177472458444e-01 -7.404896288824125428e-02
3.226246365649183545e-01 -4.780543747687011624e-01
6.964247025387204637e-01 -4.724938199135477745e-01
-2.392877264804775805e-01 6.298406987684608271e-01
6.146481089833588651e-01 2.589334233140532238e-01
2.844731850533670503e-01 -3.633212181251548323e-01
1.542513267452434444e-01 -3.491820024943974587e-01
-1.663706150337416201e-01 -3.121244653951229520e-01
-2.806101029062186836e-01 4.525730150089490866e-01
-1.645697450132344031e-02 6.498079481128880008e-01
-3.509558068147020649e-01 4.638187022243736024e-01
8.156473259495649053e-01 -5.697050852576523994e-02
2.013122298140426203e-01 -7.072760221406466652e-01
1.381122055857715303e-01 3.098360619803111060e-01
-1.137685711874789618e-01 9.600158702621519602e-02
-2.971091287876368447e-01 9.636712787397261337e-02
-3.617879631068834367e-01 6.775035869970158497e-01
-2.347377741785712235e-01 1.820573557631917083e-01
6.452000360560126158e-01 1.808935583985158413e-01
1.022614051634258558e-01 8.887229736664550295e-01
8.365924374083000270e-01 -2.311342240583416086e-01
