1.139798786154575527e-01 -3.268290718763899871e-01
5.350574770378524470e-01 6.684453107186902887e-01
3.687184187135585933e-01 3.143135306877307134e-01
6.780778844108716896e-01 5.445567058837852414e-01
-8.527155637263268417e-01 -4.817608354212192801e-01
2.289825831053333705e-01 9.120714889435403983e-01
2.917751594431943207e-01 8.918227167993566518e-01
-4.658137114192733019e-01 -6.914604316733972134e-01
-4.308603108963922068e-01 8.629334163649964307e-01
-3.041018224976885787e-01 -7.841055872949307393e-01
-3.294074350101723336e-01 4.406892694584807479e-01
-4.023302685549188240e-01 9.716038948596872338e-02
6.424149753122487816e-01 -5.260469269007488347e-01
2.941360772086816233e-01 1.292434984637691464e-01
-9.082477408565534649e-01 3.299024087675472838e-01
4.290771221709230865e-01 -4.650050595499988226e-02
-4.417995186758756354e-01 6.489652563631413962e-01
2.899625299784527321e-01 -8.463643500790214436e-01
-3.974416604637929229e-01 4.961748048098975072e-01
-4.249719002379443999e-01 7.904195524377992665e-01
5.254767622601987931e-01 1.776435307424539811e-01
1.950793411884146344e-01 -9.308852149383670671e-01
7.877925941264627419e-01 2.946739889146963165e-01
2.840868991948328759e-01 -8.501040785733440242e-01
-4.490137806807303900e-01 5.457487491941304114e-02
-8.681715913964571651e-01 -1.933524023747636988e-01
-5.277437760523506771e-01 5.808280556265372763e-01
4.038034704431385791e-01 3.075946191898371040e-01
-8.427846775954659364e-01 -3.402594476126925560e-01
-7.508875674947441681e-01 -1.398096433887250356e-01
-7.927943925497671351e-01 -4.932470631550118778e-01
3.954510092036644942e-01 -2.469007486488008496e-01
6.145056857398918382e-01 -7.237815497149746591e-02
-3.278890982306490454e-01 -7.818262569108553883e-01
-3.749955337261234867e-02 -2.441018868962143706e-01
5.852145157924282248e-01 4.089452997731146677e-01
-9.238185315810754084e-02 -7.109700066743811497e-01
4.348150562282193654e-02 -9.086488788687261398e-01
