-4.141841217479198534e-01 3.728751306098723184e-01
-1.346390289027572518e-01 -6.379505049109313042e-02
-1.891456077430138105e-01 7.411725059420195549e-01
-4.850042995555896574e-01 -1.526277288437907220e-01
-6.019404959432541613e-01 2.218217755415650139e-01
-6.741789604669246039e-02 6.556304309250040596e-01
6.616365439307649865e-01 -6.309167272614901734e-02
-9.489777589947068215e-01 -2.955886139397367884e-01
3.908286215031420152e-01 6.541454866300873139e-01
4.294392518480609766e-01 -3.991273701710491562e-01
-8.468317458517022889e-01 3.600922749408779211e-01
1.286127018707690084e-01 9.836201667535213744e-01
3.480783237708573452e-01 -1.303609839029655770e-01
4.235582023712809452e-01 -8.105830546803538539e-02
2.933545548479341569e-01 -2.680744969084958296e-01
-6.332708490402565449e-01 -3.651813522272568946e-01
5.195535858023609954e-01 -2.278447986001042036e-01
-2.884081463111287658e-01 4.614905699466231859e-01
7.797028527927629682e-03 -3.088936344944925860e-01
5.029191657077178856e-01 -3.856203247208691565e-01
8.582656361138019108e-02 -7.680607598293081040e-01
-1.590573271675437272e-01 -8.107157797088113682e-01
-1.030473450876452368e-01 9.678647072037955823e-01
-3.870088776611133596e-01 3.338197060004752803e-01
7.327540895811146537e-01 4.427114520067483294e-01
1.489202817999240036e-01 1.593010500530531726e-01
-6.102288618248548069e-01 -3.310010262845861639e-01
-4.047032235184653270e-01 -4.952929789728399701e-01
4.815261989949650712e-01 3.035610942143924795e-01
