5.291592646895260099e-01 -2.642546552825295603e-01
2.967276864014745108e-02 -7.712606210234804749e-01
8.969383362215810340e-01 -3.136430844425883713e-01
6.402320209980574273e-01 2.839508969025796858e-01
-7.554767484563607027e-02 -6.962224876818701169e-02
2.671688607466999876e-01 -8.746125757713709703e-01
5.209408994900033285e-01 -3.719591657765604076e-01
-3.988361481108235740e-01 -7.977823852225380818e-01
-6.570086399909516039e-01 -1.649854334271951828e-01
3.241188880135803529e-02 9.357627316501901937e-01
-7.643150067003456893e-01 -3.812388596060500845e-01
-6.614993709918386422e-01 -4.184454058324971193e-02
-3.969936795526538553e-01 -8.031278694479953018e-01
4.577236640541775259e-01 7.585299107905643101e-01
9.047907039393403572e-01 2.389143375735502950e-02
9.714751272761736889e-01 9.268276450724255433e-02
7.565305241316107043e-01 5.788511881623013000e-01
4.705565227204908663e-01 -7.581321227787198858e-01
8.155555576894217840e-01 -1.209667707209782783e-02
1.895710019587548700e-02 2.841431258732702858e-01
-2.840525540245244507e-01 3.815997340526313675e-01
-2.880798582612775771e-01 3.145350944789653269e-01
-6.975128517839523923e-02 6.093413679203174560e-02
-7.457415893148777730e-01 -5.580647224398154194e-01
-7.915239295519700402e-01 -4.497262727834727691e-02
2.780405345976462161e-01 -9.474382642651033581e-01
