5.078044199650484369e-01 5.594313393348739893e-01
1.902609226689899735e-02 -8.146060326261885809e-01
4.700937994646485762e-01 7.330533804966308242e-01
4.496331479941755305e-01 -8.675580557787110347e-01
6.219643556671341500e-01 -4.847451104395108512e-01
-3.678684756835639558e-01 7.710002790888215163e-01
5.689774814486416865e-01 -6.891404725887517735e-02
-2.964154392056845833e-01 5.312315193228134280e-01
8.610874896808726753e-01 3.925202013599333739e-01
8.941753244546091217e-02 -2.623956519539443200e-01
-4.471712382969899036e-01 7.154396543055119295e-01
2.654826822807634379e-01 2.627142424909874041e-01
5.055785951045166371e-03 -9.273626410119879537e-01
1.167532107388955520e-01 -3.184001019973436986e-01
-1.439851069232671588e-01 7.795231562301008221e-01
2.482322086418919938e-02 9.837423486883498658e-01
-4.746402458047442874e-01 -6.714494250264091413e-01
5.302297864397071958e-01 -7.002434847044995969e-01
-2.918602685366180616e-01 5.703667725622139084e-01
-6.687526764909881294e-01 -9.890493151084012169e-02
-2.160547723441803569e-01 4.056370977966492486e-01
2.212050053750824752e-01 5.681450111695247607e-01
-1.103363176555760550e-01 4.908689423567924592e-01
9.695787264557833574e-01 -1.635732843060815345e-01
-5.427625445221992972e-01 4.330535691465731141e-02
5.925722575924763369e-01 -5.713180965500956887e-01
5.286289572606721610e-01 1.025535705843132472e-01
5.982701951180995348e-01 -3.908148573725662711e-01
4.301429717558238330e-01 8.789910308587713939e-01
1.751128610288910092e-01 -7.757671145747748742e-01
