2.434910730125863232e-01 3.994669986208529977e-01
-6.142755390132579318e-01 -2.229079205106332395e-02
-3.049896039465969100e-01 2.888207212874993601e-02
-4.479478417379163524e-01 5.672202789948954660e-01
-3.701515072686560881e-01 1.774054225944718954e-01
1.445106368208588510e-01 1.396042902353433757e-01
-5.406578711014522476e-01 9.899408440978829660e-02
-6.852108453888261508e-02 3.866428436269149227e-01
-5.175023781972925008e-01 7.849231010930235453e-01
-2.448564951803646750e-01 5.329516818212249873e-01
-7.092632990212122124e-03 -8.411716024909703382e-01
7.018248768722055164e-01 -9.959460787464902154e-03
2.963726815262732739e-01 3.410997094598655632e-01
8.934568359954566663e-01 -1.844786702763985264e-01
9.884703559605334533e-02 -5.850812212164151482e-01
4.740867049831902769e-01 -8.028909122614078520e-01
4.786326477969495841e-01 -5.946311663647498857e-01
-7.238772773804549310e-01 3.965660726521336166e-02
-8.960916239684577622e-01 -3.203661080587176802e-01
-7.585263590651416532e-01 -3.811370709967221160e-01
-1.691747755071870696e-01 8.529690276305006424e-01
-2.896693460242349971e-01 -4.599698877906557293e-01
1.669193250389295891e-01 5.869106191746764623e-02
3.254062827146506631e-01 -3.437311256366297751e-01
-1.712320514540350835e-01 3.361592357966827205e-01
-8.955101403198055809e-01 -3.966790266549571342e-01
-7.156311224525251369e-01 -2.980685875931718964e-01
7.938063196420881429e-01 6.666009453696331022e-03
-2.437974835929699324e-01 5.903360260674914706e-01
-6.597695581418250299e-01 8.606743466654398489e-02
-5.484987327379104993e-01 1.912423972871697408e-01
-4.084077211683521114e-01 -8.977218745557979940e-01
