-3.652415300943601117e-02 6.332257980931066399e-01
-5.990632520720429177e-02 1.542791410997943480e-01
6.936978127992987631e-01 1.814064237123533818e-01
5.681768388850183538e-01 1.342931746566058404e-01
-4.407404946569468684e-01 5.500475069402559480e-01
-5.501909753124929470e-01 2.731467887017386964e-01
-3.323221228058437227e-02 -4.398756613217806866e-01
-4.236763674185963779e-01 8.802921356601522973e-01
-4.074159731634885429e-01 -1.899370560179263201e-01
-2.721677359655414463e-01 3.342271424636191757e-01
-1.847327932817879326e-01 -4.662832568091737073e-01
2.415792323022158961e-01 -2.311337163372551018e-01
-2.155195572713191066e-01 2.938093972634847617e-02
-5.265302980564070534e-01 -4.419057994588115879e-01
6.487995828344375049e-01 -6.328399978159391370e-01
-8.906212375209501264e-01 1.543657043781443416e-01
7.872432960209641006e-01 1.392592684540616688e-02
4.058924425941210501e-01 7.718581421443044821e-01
-8.971480332994834495e-01 -3.479340238427119925e-01
1.275777077477706634e-01 -8.112185060202037334e-02
3.235835785760623473e-01 3.177076882447300576e-01
1.140085989884069839e-01 1.734972664352643079e-01
4.377884918139014481e-01 -5.766323038687743985e-01
-5.450428805705715973e-01 8.301502248775105564e-01
-4.299142349957925102e-01 -8.230381393463837014e-01
-4.478835007950476843e-02 -1.683032769290941921e-01
