-1.448135318706429420e-01 -1.755712473121449069e-01
-5.736032685195380232e-02 8.199643682146435797e-01
-9.166086662630723580e-02 7.160048929806737128e-01
-3.716585484092886915e-01 -7.711668268598348419e-02
3.280543678651597350e-01 3.376473322177753200e-01
-6.628621706667725544e-01 -4.749385340459448823e-01
-3.308659654917736059e-01 8.200391563617817070e-01
5.017642359358551740e-01 7.252370047656906404e-01
-1.926038385700068467e-02 -4.203019771024052442e-01
-5.776446702096778019e-01 2.212578172026546941e-01
8.357749810463068751e-01 1.082493736028029563e-01
1.772133544760965407e-01 -6.889371913259711988e-02
-5.146338793295530678e-01 -6.007049409290832198e-01
-4.923352260740490038e-01 4.652826990953842223e-01
5.598156480574292271e-01 6.149017380134684796e-01
6.607040391175862393e-01 1.636715990510149155e-01
-4.364501832603424614e-01 9.926554962537181837e-02
3.693498921155522474e-01 7.090779079201847690e-01
-8.198985144031989414e-02 -5.646213474681156530e-01
1.676959299905431688e-01 9.350369324027170137e-01
-8.432253661951816248e-01 -1.680903051106750201e-01
-7.204556278538902792e-01 -3.868973225351599599e-01
6.129956696253584525e-01 -2.408868637421819336e-01
-9.282531308899111266e-01 -2.290350361399371426e-01
5.708091025131720730e-01 5.250356895004801849e-01
2.304599860729141803e-01 5.466256691934834322e-02
