1.887257053548809793e-01 -3.485969269871016518e-01
-8.751971474685997787e-01 -1.896924386023584042e-01
6.813598089106958078e-01 4.327152705457275594e-01
-7.619931394136860714e-01 -5.681905343815354392e-01
9.129880562577226133e-01 1.917571640852906434e-01
7.738165587772134479e-01 -1.603084237999692352e-01
-5.530700644804416033e-01 -6.979137852411936294e-01
-2.953300746675635580e-02 1.788168245293597636e-01
-1.900551198181108514e-01 2.690210653957865183e-01
1.067958163437223718e-01 6.781495694993640022e-01
-6.610479841786567334e-01 -7.442653673671957293e-01
-3.930429873707834698e-01 3.840262623552541665e-01
-2.232139715007628311e-01 -1.943336824997579093e-01
4.416273741258058827e-02 -6.438043648171554167e-01
-7.067531756187621639e-01 2.419030431679813908e-01
-8.697337327843916999e-01 1.472179058452114386e-01
7.320404058882219456e-01 8.120347130228222632e-02
-7.221845813582938867e-01 -3.384449899896586622e-01
-7.644692824565346712e-01 4.307281376720315524e-01
7.227234503270367760e-01 2.113872568974404231e-01
7.443550854666012295e-01 -1.487627602110210834e-01
-7.198016385770131809e-01 6.101655984450322645e-01
3.900467900054211956e-01 -2.825032711441397559e-01
1.375358981083516507e-01 -9.805483125084901719e-01
9.138418143797064630e-01 4.026536721181406264e-01
6.603193222017516018e-01 1.226500378423744930e-01
7.167847692026299011e-01 4.478413673115944071e-02
-7.238560817040999851e-01 6.766044578931775799e-01
-4.560014834049206378e-01 -6.668624521670114547e-01
