5.995816206605446563e-01 -1.075479540860495575e-01
3.372320383892501994e-02 9.010155288479162472e-01
7.157032837372392375e-01 -5.030915272603135868e-01
-4.331376401477236016e-01 -6.948359501185077391e-01
5.408603146427692909e-01 -2.842828724266088791e-01
-4.313179069534625043e-01 3.158151376444688907e-01
-5.348559647700537045e-01 -6.965062650721025594e-01
5.818875872306736863e-01 -3.019517321090607886e-01
-3.417373012512774366e-01 -2.050624492584698366e-01
2.098653946867794495e-01 -3.224896927493319243e-01
-9.076203533127469303e-01 -3.746041369433716905e-01
6.257598648089550686e-01 2.946689001296818322e-01
4.690767341846242555e-01 -6.935028574852613037e-01
-7.319673570650022665e-01 -1.245894552181721071e-01
-3.640212522245309668e-01 6.649317978918478644e-02
-5.552469848358976279e-01 -1.690179393848025846e-01
-4.440386539995866411e-01 5.142971539948035797e-01
-1.775980636606653285e-01 3.462471186294791003e-01
-1.270281286225141137e-01 -5.811721961707672079e-01
4.026163320962039549e-01 2.251242215457800455e-01
5.390260594800730942e-01 2.328410606703990027e-01
3.817979796365975620e-01 -6.587071951036882478e-01
6.031867392993501831e-01 1.019715270032091059e-01
1.040469959516963083e-01 5.792852544355220346e-01
-3.326024044534310331e-01 -7.496937648328663162e-01
-2.090870926064327673e-01 -5.794773987238321933e-01
-9.236010748706637852e-01 1.514537398547366465e-02
5.115286336065438810e-01 -2.978570724347553433e-01
4.943309769295669565e-01 2.802551665085273314e-02
-2.251403684536836813e-01 -5.375341853039754536e-01
