-1.308004938081941404e-01 -2.459992907902495141e-01
-8.578573337011961009e-01 -4.803991125127833328e-01
3.185836054138044826e-01 -8.984887810916786233e-01
5.461998439545789896e-01 -4.404302722561632688e-01
2.473755444572560691e-01 8.072166182742919194e-01
-3.595044134916935974e-02 5.161279523246393719e-01
-9.106428788284588460e-01 9.477987228177919832e-02
-5.449241500439934160e-01 7.215618781227850498e-02
-5.892999718634743811e-01 1.306705301119026608e-01
-5.780041526965566945e-01 6.942017909254241115e-01
-3.214791912760994741e-02 7.450754285652221309e-01
2.403661453647294444e-01 2.774005767021674451e-01
-7.016073389384693826e-01 3.708615665770675918e-01
-2.827172778977702361e-01 -8.153794081010845574e-02
8.096817935312690118e-01 -4.823418468290685546e-01
-8.643776190646548230e-01 4.008001302985031433e-01
-2.344900835751779766e-01 8.099374003236088360e-01
4.854571104550409189e-01 9.496132526443989974e-03
4.223331385789075298e-02 -1.416429813163107010e-01
-1.824805663326460881e-01 -6.041782558250297086e-02
-6.721064779740599793e-01 1.541156334810596107e-01
7.947857613214752703e-01 1.701438084461286415e-01
7.914340444905003658e-01 -3.310141513160285154e-01
-3.120011207303696743e-01 5.252860605213345302e-01
7.626415704565103759e-01 -1.793406559361645503e-01
-7.481357617963000362e-01 -5.579411307272370557e-01
8.236491871218922789e-01 -5.364051819489554784e-01
5.707313377432690071e-01 -5.750332953824854876e-01
5.225097340348721087e-01 -2.038264872989747900e-02
3.006248717993842412e-02 4.302296096028914718e-01
