9.278350740237062411e-02 -9.080912741231876861e-01
-2.249244948379782727e-01 7.122764198636024613e-01
-6.349132162478008379e-01 -1.440318663825457257e-01
5.497385278609114856e-01 -3.793474039439981293e-01
-9.714946205250218902e-02 -9.719017246571159951e-01
-6.072965289051657223e-03 -7.823852011334990753e-01
3.082369915504938884e-01 -8.334155485447021228e-01
7.289578073198654806e-01 -4.984751358716354996e-01
5.774909181117233725e-01 -5.526847226202713514e-01
2.993722903158688720e-01 4.505319547160007154e-01
5.942019901312776131e-01 6.142729687409949069e-01
-2.268577212665512377e-01 1.755777254657298059e-01
-7.995692058735288654e-01 -3.134888027222570983e-02
6.059273645833174182e-01 5.627342645394322052e-01
7.971825068132072367e-01 -1.521967865120621433e-02
1.882243923647064499e-02 -7.880631298472371427e-01
1.391922700880623420e-01 -7.332526224928073155e-01
-5.774299550539185866e-02 8.409213560313810731e-01
-2.421713143977619609e-01 -5.748241612393749644e-01
-7.673430674213810310e-01 -4.556979323688807870e-01
9.182793721259112640e-01 -1.877768299738069580e-01
1.461919953903281222e-01 9.559688812487527887e-01
4.923603179101432303e-02 -6.204475439092735911e-01
4.385514500592777587e-01 4.664049477430045609e-01
8.109397232116966059e-02 2.884984278976912009e-01
-4.790203929410150607e-01 4.505811664211891721e-01
-5.922892976411353594e-02 -5.600187554404847390e-01
