9.678646491360942683e-02 -2.972020370082271157e-01
-2.762876448545612540e-01 -4.406649579383858928e-02
-6.521298368692056702e-01 -2.915629686265583942e-01
5.267401699274292248e-01 5.992445063542224393e-01
4.270660502091563338e-01 -1.435878447689011850e-01
2.820177279328968112e-01 8.718610289187809226e-01
-6.937742612705599665e-01 1.120513302325836236e-01
5.075372630238375038e-01 -5.854221115351723181e-01
5.377802337674546518e-01 5.060440657000275788e-01
8.889898250417298531e-01 -4.297765464251064316e-01
1.552270758895235581e-01 -9.113755610708693666e-01
8.310730751793755644e-01 3.559927812928780355e-01
-5.044925714501229397e-01 -7.073658970762977116e-01
5.401511645189973621e-01 -2.072527314562337963e-01
9.556580927947999626e-02 8.083367871309723451e-01
7.735571314093037110e-01 -1.267009536592742514e-01
-2.974346300186618830e-01 -1.617932088238669408e-01
5.413237519493248051e-01 -1.033103251074656281e-01
4.046067329283027370e-01 3.077632538899222059e-01
-1.446947982867172744e-01 8.971894058096685498e-02
3.396586226279674214e-01 7.757456678856411436e-02
-1.327083341200971933e-01 2.972435374431610100e-01
-3.885816931425603027e-01 3.337460394581142076e-01
-2.688765493619282854e-01 6.400248222814859389e-01
-6.810497774178907449e-01 2.770078427699784740e-02
-3.822125890048158059e-01 3.907031823292115291e-01
7.307572221398195289e-01 1.800643524628127157e-01
4.365037867183403364e-01 -4.126300759925392025e-01
4.425875433361996514e-01 4.894236429565774760e-01
1.705468944672250409e-02 -5.659903924918470164e-01
