-3.191322574260628819e-01 4.454638602798770552e-01
5.060708826741606714e-01 6.202797785269029696e-01
-2.450483107480014855e-01 4.351981970690153023e-01
7.835474451328061640e-01 2.442978445857597602e-01
-7.904268771004467897e-01 4.348027752801602031e-01
7.777976628486973354e-01 -5.365516567267354375e-01
5.521703071511629979e-02 6.262958036248096327e-01
-6.848896179583001675e-01 5.999727448119287487e-01
-1.835254960019838677e-02 4.516080648221649785e-01
4.271671844047750799e-01 6.287296795655459292e-01
-4.684038496328470913e-01 6.565567315504656776e-01
-8.717403594127186572e-01 -1.631176327295369433e-02
5.239916587230109002e-02 -3.112499292430890296e-01
4.903020026728761582e-01 6.813011103468602503e-01
-7.188381442971716329e-01 3.434750714001104654e-01
2.710269665451647825e-02 -2.128976079683408962e-02
-5.141149154110888908e-01 4.790385225351796450e-01
-2.648186462964932097e-01 -6.608329788014488670e-01
-1.791023147871473320e-01 -8.209707892627777781e-01
5.213953606663470630e-01 -6.950447435391426954e-01
-6.414279813397214536e-01 4.183241076924302249e-01
