1.847506550772257672e-01 -2.640979337865712040e-02
5.167448914662557957e-01 -3.506408490253289933e-01
-3.828208908060373172e-01 -8.815594575633969310e-01
-1.575355539923013470e-01 -3.908605385522754272e-01
5.818287925520371218e-01 4.820883314939490294e-01
5.571938035507315590e-01 -4.814814755080962794e-01
3.892422477222472477e-01 -3.630327216785165234e-01
7.194150273644486226e-01 -1.324954830564626374e-01
-9.083495442815570087e-02 -5.537566449471520436e-01
5.118287828656979954e-01 4.780702470039752683e-01
7.126541844798013337e-01 -3.858507899635355010e-01
-8.508492688315092423e-01 -3.601923538724551843e-01
-2.311005881181980026e-01 -1.658069999621356594e-01
1.281041396011877165e-01 7.720512471756977302e-01
-8.522177747050274643e-01 4.346012723419581114e-01
-7.107565654346532646e-01 -3.778395757760553142e-01
3.497671322909998715e-01 9.043852382422858938e-01
1.740706888204108793e-01 6.771143876301377595e-01
-3.787660649405353297e-01 -8.696013630835572883e-01
6.351523554376490299e-01 -3.585382640310388336e-01
9.575322433530528698e-01 1.483630105034603464e-01
-3.961809018163262586e-01 -8.556926568891252138e-01
-8.821670631012135111e-02 -4.916350288326727380e-01
-7.972159473535822549e-02 4.873683854013484140e-01
-2.366868629847493910e-01 -7.357951649057368204e-01
-6.732149380964140839e-01 -2.296854840191728808e-01
-6.012402620625461047e-01 2.487016554852941042e-01
2.170295827504786779e-02 -5.090760488249594928e-01
5.077801251744200606e-01 -3.115121998094012579e-01
-2.510676018561013301e-01 -6.857371467939743503e-02
4.607129650782522123e-01 5.459201918367899697e-01
7.619693719471971605e-01 2.032151241363522320e-01
-1.017204628881276385e-01 2.657862241350072985e-01
9.367013915742172792e-02 -5.854609902419261047e-02
6.460201444962385686e-01 -5.990809046477663102e-01
