3.908955895659589341e-01 -4.453154163952925959e-01
1.201290747783843038e-01 -5.682202294204528048e-01
-3.139009288552108146e-02 -8.173265397271067823e-01
5.493131385597225247e-01 4.425822662997338508e-01
-7.734148580542954399e-01 6.090595628018404817e-01
5.718012346483645203e-01 6.904898109370651849e-01
-8.676640897309100264e-01 8.797977412735158431e-02
-4.442726879945066987e-01 -1.874258603319822747e-01
4.692498019891748751e-01 5.161627208955896773e-01
-1.391923933548266934e-01 -1.424597349359275622e-01
7.087581321710130222e-01 4.273778924290625447e-01
-6.802511218572990792e-01 -3.938942292765730269e-01
-5.233915648555742539e-01 3.975662354058484560e-02
-6.333416451897178057e-01 -5.385315770096337218e-01
1.908861875256797624e-01 4.172077114423577981e-01
-1.058526783167812457e-01 4.957110424119595127e-01
-8.567484880171891692e-01 3.299785903410463739e-01
5.297715742405206818e-02 8.670652627920794053e-02
9.353820207598095848e-02 7.000507928887107489e-01
-1.481828223804244615e-01 6.537713168663670249e-01
-1.058890090086839209e-01 -6.759299657398809558e-02
1.061993537349861239e-01 -5.136961453140931333e-01
2.100551431176114203e-01 2.584722950550091269e-01
6.305814069446333825e-01 -2.792254334736379295e-01
1.783017474975765460e-01 5.020493732828552602e-01
9.355223026172121426e-01 1.845863336560091827e-01
7.088743916860604788e-01 4.128950416183501115e-01
-1.890295556586054637e-01 1.467971760071753451e-01
