-6.706783046389344083e-01 -1.772150970498849176e-01
-7.438376482151367597e-01 6.077015470548290388e-01
2.547691265180553888e-01 2.632685258348921309e-02
1.786613079423076123e-01 3.309234765956110547e-01
-6.918597006075501987e-01 5.983472598866872438e-01
-9.113016041592951755e-01 -2.095801125837284395e-01
5.536377928358733325e-01 5.079186528983323790e-01
-4.520448751326922032e-01 7.174029620484545511e-02
-5.383913628504144455e-01 3.775461286959744811e-01
2.989692323130621610e-02 -6.919132344932967804e-01
9.221265983685729140e-01 -5.498822569913275338e-02
8.417454502116104020e-01 -4.587598614157599730e-01
-4.300859255955769012e-01 -1.877627976460278791e-01
-6.784179038314084309e-01 4.342985991630328169e-01
2.603353742437388707e-01 4.244614451656600895e-01
8.062649648421296167e-01 -1.268193834801676356e-01
-2.261154068079782586e-01 1.361793741517636214e-02
7.113739343050375918e-01 -2.929027002653095124e-02
6.954509462218114724e-01 1.787694473120029492e-01
-8.507436935338539286e-01 -5.342889144888141040e-02
2.043659193202329583e-01 -5.560639719905968725e-02
-4.364458122021832587e-01 -3.582909714428161863e-01
-2.172579876347671135e-01 7.662412626755907841e-01
-5.087559071687421941e-01 -9.094025157006724314e-02
4.580917590906059544e-01 5.513284352910858832e-01
5.577123930881655589e-01 -8.481949575776015493e-02
7.287273010367558701e-01 1.396793128224842473e-01
-4.443490444400519657e-01 7.017580118428166092e-01
-7.455607463990159278e-01 3.800000525495890180e-01
-7.640148270587665547e-01 5.667043220741476706e-01
6.270514925124675010e-01 -2.310862663464674505e-01
-9.724290440251426304e-02 9.932457994088979003e-01
