6.588660914647919142e-01 -1.087720422942983767e-01
-2.011785999555235627e-01 -2.418523726252232997e-01
7.977958391953055006e-02 4.278264628616270659e-01
-2.525149294423056912e-01 3.909434491644383503e-01
4.560866171190731677e-01 5.757633498383634141e-01
2.727974149734551101e-01 6.197866371771065808e-02
-6.216282790720302209e-01 -6.577713268605167585e-02
5.389703832314254317e-01 -5.990155066482993895e-02
3.908652122639135751e-01 -9.110401240398555700e-01
-4.313391520808673718e-02 1.615624937234645397e-01
7.281658986724770521e-01 -6.663629985889265583e-01
-7.930748973139445379e-01 -1.704625514300359690e-01
4.991610013351654995e-01 2.993162282608365921e-01
4.437319244797313100e-01 3.482162325616848797e-01
-5.887759798518255039e-01 -2.287294413260638759e-01
-3.488225622233986911e-02 -9.948291342659998371e-01
6.362825191845966621e-01 3.834028961361779508e-01
-8.035157289272005787e-01 8.477946441946948575e-02
-1.192523946947354752e-02 -3.158245681512221736e-01
3.746819148969253721e-01 -6.602826239491084159e-01
4.276550604088025231e-01 4.509216080242230973e-01
-3.091112489131842000e-01 3.954172293827444840e-01
-8.668137103998403425e-01 4.687275493218634459e-02
-6.971026297187390419e-01 -6.284328168382966595e-01
-8.228447449567408700e-01 5.669259335616647633e-01
1.820378638776773972e-01 4.323129200015962681e-02
-6.730801890847417646e-01 -5.239006295461694496e-01
