7.065269316736200178e-01 -6.153942502276014137e-01
-8.245362776015581208e-01 4.610566183348293601e-01
-6.257227284926885069e-01 7.601621461034003824e-01
8.875792175367922532e-01 -1.350999117250162029e-01
2.910299225970982007e-01 -7.077309784587142438e-01
-4.479827632555717365e-01 -7.489726436099929385e-01
5.315889869523428811e-03 -7.243734912774284496e-01
-9.538834842601760788e-02 -7.227078279794736382e-01
-5.735755396110456816e-01 -5.376072551843621428e-01
-4.120788798253147700e-01 -5.204868929901529384e-01
-6.908192735421971875e-01 1.775554824536519916e-01
-6.663453035058166662e-01 -1.033349063204246987e-03
-3.326322719285215723e-01 7.261188287956196197e-01
8.094009543995653866e-01 2.949191105845564431e-01
1.129497700251271830e-01 8.499933145537469370e-01
2.649563423229764347e-01 -4.689345540923180455e-01
5.545612084383128026e-01 -3.001389637237432684e-01
5.854461236582028105e-01 -2.349018170164454133e-01
5.562979641308188894e-01 5.425742025809397046e-02
3.744490002772249415e-01 6.399058754047755038e-01
2.640749883086584426e-01 6.018602525226469657e-01
2.660068930557259459e-01 4.543970992018204202e-01
-2.232718999397170501e-01 -2.675218999238773709e-01
-3.997967365639286119e-01 -5.554787298921335867e-03
-2.504417496475859206e-01 3.171161483629860722e-01
2.300265175397082640e-01 5.133641928645983621e-02
7.466917023916741503e-02 1.795210401293379984e-02
-1.583125844008322625e-01 6.285163405776658663e-02
