-7.887000200378219139e-01 5.839189748236882638e-01
-3.600864764974641141e-01 -8.393441994650150395e-01
7.724229398312478789e-01 -6.012031478254904471e-01
4.788031525132364075e-01 -7.651016613592652726e-01
8.541772523710422504e-01 -2.838229092967043954e-01
4.200815664682045480e-01 8.857607977671477784e-01
-3.291164576527473296e-01 8.959151464384433883e-01
7.609952469370009354e-01 -4.116786717350248747e-04
5.325598874895731694e-01 6.553047803678254679e-01
6.628484525503155478e-01 4.091710844477101650e-01
-2.384551358501388607e-01 -7.107921266531175286e-01
2.521428640055400905e-01 -6.666247817350612337e-01
-7.613678735927779107e-01 1.143711646856968855e-01
4.878983693686667622e-01 -3.423623244182760761e-01
-1.012276634364709521e-01 7.363444387068244223e-01
-3.439437858478496812e-01 6.446731330229592549e-01
-4.172783813262512242e-01 5.074773049718281914e-01
1.420380427550731461e-01 -5.458748437429189471e-01
-4.190058768108976262e-01 -3.234629437753562820e-01
-4.756737451684441287e-01 -4.963671837346848859e-02
1.962385599628807542e-01 -3.272706729439630036e-01
-1.625278767274632163e-01 -3.590641827431623190e-01
2.713023987698143236e-01 -8.383181762163749440e-02
2.161216152954617553e-01 4.467712301847525103e-01
-5.962487587525794330e-02 4.706036729717761879e-01
-1.442700559555946671e-01 1.551014182107345388e-02
1.539493554408209175e-01 1.543399301875138518e-01
-5.960436040324598728e-02 2.478929903667910217e-01
