-7.996038414672279604e-01 -5.402660072660179225e-01
-7.188994869309939251e-01 -6.197827057651528193e-01
-4.068896535589499597e-01 -8.883274468609173580e-01
-5.078589003519157208e-01 -7.719309694605143157e-01
1.224659721237086191e-01 -9.734469665859560861e-01
-2.304476195740934319e-01 9.178329908943406723e-01
8.333110908468278621e-01 5.452536142509036843e-01
6.071402197083587415e-01 -6.867452145848270684e-01
9.392359804116876543e-01 -2.230721894634480063e-01
4.051271984903703216e-01 8.424829961083373231e-01
-7.327394810795883062e-01 3.689551627433964587e-01
5.750961069278447413e-01 5.963002457176368454e-01
1.869472819268774566e-01 7.564897531696199717e-01
7.937030650657490582e-01 -2.271592410252611660e-01
5.990994337744131037e-01 4.179023889204105946e-01
1.712656683599999285e-01 6.007824337243916624e-01
-4.423334510273406184e-01 4.134166011335643764e-01
-5.594088537009954676e-01 -1.311605884738274719e-01
-9.411957550633948122e-02 -6.561229138018170870e-01
-6.441737238674523358e-02 -6.143398234925956380e-01
3.997477137616796683e-01 -4.818396007724519703e-01
-4.464104880530067043e-01 4.161713325591381851e-02
-2.117604048379901904e-01 3.807203234809422021e-01
6.497202728339970257e-01 1.248850949578457492e-01
5.539590871918674830e-01 -6.659463758546996237e-02
4.607363578626657019e-01 1.645951568156806544e-01
-9.850665245971732334e-03 3.324427697412902227e-01
3.285645912652708223e-01 -3.158896389909587876e-01
-7.072389594339931196e-02 -3.290697684865031003e-01
-1.809134853213125171e-01 2.498516677746983813e-02
7.455210626933271578e-02 -1.347178187452745257e-01
