3.824335806921843051e-01 8.588298155797686739e-01
-3.023799927528137421e-01 8.999561003886602517e-01
-9.183785839178846278e-01 3.381426168203123805e-01
9.222158144961259962e-01 3.611909463465677317e-01
3.000382168033928140e-02 -9.684234389325859782e-01
8.196499270513648572e-01 -3.489520344040660249e-01
6.383099542512659097e-01 -5.612169553171372227e-01
8.109012164760813768e-01 -2.258964544202156088e-01
5.808689069610696309e-01 5.226194871023930322e-01
4.207474694121044467e-01 5.427235742343783365e-01
6.242606688705149010e-01 3.351695623120898859e-01
2.771643203461176541e-01 -6.885736033391725019e-01
5.652346601625725109e-01 1.023948219202766435e-01
5.491300143296891090e-01 -2.559678339920100076e-01
-6.190763975528976726e-01 5.401479077112434357e-01
-5.226254421491134394e-01 -5.223289245975956119e-01
-1.154826082226897976e-01 -6.823722882911332777e-01
-6.514692025953880417e-02 -6.043688164569134269e-01
-7.794440781167170096e-01 1.864093660820403953e-02
-5.584113802607569843e-01 4.175972352814857902e-01
-6.157139142649417085e-01 1.697443761817622743e-02
-2.323591559755141742e-02 4.183184782617206943e-01
-3.549825348861229135e-01 2.769068835957254060e-01
-2.317769470528964759e-01 -2.013100323884229048e-01
-2.715256247734929573e-01 1.009521276600184314e-01
-7.344634160438784365e-02 2.367725923239617503e-01
1.935285450430138388e-01 -3.093738246769045519e-01
1.493361705271796236e-01 -2.390202258029815868e-02
1.451111377078983800e-01 -1.351041127029407873e-01
