8.958496729166295358e-01 -3.978540794297955041e-01
9.239884947432362994e-01 -1.083403237935205987e-01
-1.109257015272901992e-01 9.596905738075945935e-01
-9.249562592620355073e-01 -3.575542233286338467e-01
1.391615137951857650e-01 7.899010151432291904e-01
-6.921667986441777387e-01 5.154557339384518988e-01
4.216268463054936300e-01 5.890462178115126735e-01
-2.786400244948443738e-01 7.206422984936436960e-01
-1.897500520203038721e-01 6.486511918043458280e-01
4.823326463516060536e-01 3.403979141944166176e-01
6.525959918346058153e-01 -2.493243100234592835e-01
6.186932249197121259e-01 -8.539373433009860015e-02
-7.187217932454573743e-01 -1.336273341536904080e-01
-5.723284922415574627e-01 1.955850099856505375e-01
-3.560119614059400472e-01 3.219191242435892608e-01
1.203649729861990259e-01 3.311609143377434727e-01
1.973779704685668657e-01 2.639008482898898000e-01
4.637941544573206953e-01 -5.579519898458150662e-01
2.773467303396321415e-01 -6.754695433966769746e-01
-4.958305108674200268e-01 -4.400731577042676368e-01
-3.772155246687781682e-01 -6.277466879722635174e-01
-1.693359322551322987e-01 -7.411448915392611081e-01
-3.967524911269932897e-01 -2.505375671484773303e-02
-1.363230313957136675e-01 2.751027503755169856e-02
-1.053240020613979699e-01 -5.401171895845753301e-01
1.557102787489284823e-01 -4.405467794951983818e-01
-8.065385415668638314e-02 -3.289981648207760401e-01
