-6.169908915259987303e-01 -7.473964955296095170e-01
-7.631459646117673135e-01 -4.873795679628765698e-01
-8.168355821304854603e-01 -2.820466041060447626e-01
1.831106024142812594e-01 -8.952786335978909493e-01
-3.863980380753063160e-01 -7.672273148962044376e-01
-1.644008056250416128e-01 -8.325103858043897409e-01
8.596260558347581515e-01 -4.950547339219104614e-01
5.893587585122722627e-01 -6.767171269466655259e-01
-6.865370500726873937e-01 6.378203234318797765e-01
-5.987389108964566997e-01 7.054036292282150900e-01
-3.435686094899439991e-01 8.675517580957560204e-01
5.967366008277146250e-01 7.849498243545955933e-01
8.467346127243758902e-01 -2.266964457990984783e-01
-7.278162106077376015e-01 2.548418258414498205e-01
-6.470546081534556127e-01 3.696894766144910305e-01
-9.159479356756554738e-03 8.060328076514593487e-01
6.973252295613178164e-01 -1.985921703495676649e-01
5.493181301693060847e-01 5.950034871077417575e-01
6.361055573513141326e-01 2.864371451987042239e-01
3.297099487448441613e-01 6.174592563299966530e-01
-1.139304945060407165e-01 6.039520018681755475e-01
-2.390225149626328538e-01 -5.121417955912705988e-01
1.660229565167768151e-01 -4.779712148663002313e-01
-4.120182329351184114e-01 -1.046158099148804116e-01
-2.018903230007663419e-01 -3.426628906799105145e-01
3.308067051013169335e-01 3.866805623694753447e-01
4.132392569887219369e-01 -9.047796264241833586e-02
3.088198025418176229e-01 -1.616045374108159016e-01
-1.706713723188678922e-01 1.713437854549845762e-01
-4.885404225316731380e-02 6.034523143189569894e-02
5.830307471703035510e-02 1.539152100616939245e-01
