6.833887036767231082e-01 -6.078850993076045928e-01
9.454211914051163790e-01 -7.317770475489361603e-02
9.392027135062392951e-01 3.429600728485014960e-01
7.767441721574901425e-01 -3.834475236032184875e-01
6.350045764527543213e-01 7.496085197188221416e-01
-3.042744622803361110e-01 -8.151191517571877432e-01
-9.329716926992102088e-01 -1.620717868868042089e-01
-8.234523080929890826e-01 4.220027223087854940e-01
-7.262569349830749754e-01 6.375953624980787993e-01
-6.710161370962772764e-01 -5.316099556557587480e-01
-7.928033793187349021e-01 9.091755587379130032e-02
-5.448111881053178118e-01 6.552466086201951256e-01
2.165875515364374115e-01 8.957326954744132541e-01
-1.119400677444612191e-01 8.381224964339928363e-01
-2.698917138896911871e-01 7.262361132616487192e-01
1.294588563889671751e-01 7.338765726195094485e-01
3.840055516503322885e-01 6.604737085404055463e-01
-6.180148911581302418e-01 -3.406608515531849846e-01
-2.413383536764008852e-01 -5.988991887351087229e-01
2.930852912089765838e-01 -5.233491960607440374e-01
6.546368497930721286e-01 -9.694479732931751692e-02
-4.365812086358358268e-01 2.524065542948863428e-01
-2.306267854324629829e-02 4.652090607759671870e-01
3.972993515475478077e-01 3.901047496165347961e-01
4.586358508701233738e-01 2.343087054615236031e-01
4.468826901694007980e-01 -2.873214853821177972e-02
2.463376987214745684e-01 -2.833071655107227138e-01
3.786061349389120007e-02 8.314380218023272040e-02
8.977502825434707789e-02 -2.532941301382189980e-01
-2.286345289098499212e-01 -3.278351397451222948e-01
-4.519406046404329524e-01 -1.478268665469737453e-01
-3.613738670811218467e-01 -1.623033613059225444e-01
