-3.905227903429869807e-01 8.959609440967540861e-01
-8.911831499676573509e-01 2.813428814711499970e-01
-9.210848253985303158e-01 -2.110559126021249732e-01
-7.154102058808113895e-01 -6.229248227200723242e-01
-4.005033865140419369e-01 -8.079469234078656692e-01
-1.988566122387792068e-01 -8.889092074549279632e-01
-8.193504806351235015e-01 -2.142385088640726409e-01
-8.001486302634159831e-01 9.278944389187004926e-02
9.261420179033125200e-02 9.867213882718217643e-01
1.949013961154623942e-01 8.987851094947568731e-01
7.863129070243775054e-01 3.211149244490775767e-01
4.740707689460266772e-01 6.634366460389669040e-01
-2.994673584346150275e-01 5.633870877332064486e-01
2.399673295809927887e-01 6.739270345642881521e-01
5.310606877335366516e-02 6.505988724639631959e-01
8.850834875340722885e-01 -1.836590912627759642e-01
3.553206496024766681e-01 -7.996067825466884882e-01
7.474563572503094555e-01 -5.235297955935202391e-02
5.022040730443336765e-01 -6.135654692324653547e-01
6.337916991193900396e-01 -4.090072899193005762e-01
5.244980613587184592e-01 2.750694716622505975e-01
-5.604304544970342139e-01 2.657774539075728470e-01
-4.687917658553097389e-01 -4.897193327107730587e-01
1.113682209162145664e-01 -6.306970740120152463e-01
-3.956409248698722902e-01 1.152576958251664146e-01
-3.060285727835757585e-01 -3.381889039758400606e-01
-2.561602179538763902e-01 -2.082939465996375972e-01
2.921336423622378775e-01 1.920508485868772097e-01
2.974463933294403326e-02 1.581173293709431382e-01
5.979731255512277938e-02 -1.649056698656751474e-01
2.208051772870923413e-01 -2.697316288350553593e-01
1.586314765250418368e-01 -2.853392438504870898e-01
