1.925422915789358203e-01 9.279837111311122211e-01
-2.741105448842899306e-01 9.421698725076688152e-01
9.504535628072291464e-01 1.486429464115195387e-01
8.102700225587543548e-01 3.402510873649541301e-01
-8.548587805477366741e-01 -2.868058097304752585e-01
-7.818281221571491413e-01 5.567333700592610318e-02
-6.548578999185841187e-01 5.306761736673303309e-01
-7.265831742318151765e-01 3.264379060374489328e-01
-6.181804802685813005e-01 -4.160962360449206865e-01
-3.686875643391188118e-01 -7.248121936261028297e-01
-4.080085354908851158e-01 -6.062191305635509231e-01
7.842203653705667188e-01 -1.715491297539020465e-01
6.084793005382400644e-01 -3.957828588467915965e-01
3.759128403890989456e-01 -5.230384235125189463e-01
1.927647981325722182e-01 -6.018194339286822014e-01
-3.022009152085724376e-02 -5.384562096660618913e-01
-2.887054492841785169e-01 7.372706931352688287e-01
-4.273148027483479883e-01 4.159535972730057374e-01
-4.443540573080400624e-01 2.257348310999268415e-01
7.177957160060956243e-02 5.768585778385969531e-01
3.379938906881557181e-01 4.478024858345646675e-01
-2.503099552152004414e-01 4.456078997369270489e-01
-2.335273285030833590e-01 -1.804041312593826218e-01
4.433214234361115280e-01 -9.663806565123117531e-02
3.334517204433617987e-01 1.937252370290433456e-01
1.073980285917840588e-01 2.453783429907503144e-01
1.418360328345867616e-01 -1.131596403982642746e-01
-8.595182015977040693e-03 -1.597874053791615082e-02
