3.442847433477101426e-01 9.192778572417618088e-01
9.076924634482279597e-01 3.484136522137397662e-01
9.340577146326924929e-01 1.752773344468521455e-01
7.959990596637340765e-01 4.337499190133229932e-01
-6.061201614321990450e-01 -7.212134340692538670e-01
8.126692685741119249e-01 -2.526087930494124167e-01
5.777458104874512168e-01 -6.394613232531370928e-01
7.416320610968301086e-01 2.418689780617924723e-02
-8.087913410355753729e-01 2.148752419953620929e-01
-7.176796325366018303e-01 -4.330855974899918692e-01
-7.199571121620710334e-01 -1.729920222143827568e-01
-5.028105191964188370e-01 -5.306643070731770218e-01
4.154302707299297598e-02 -6.536518137487870028e-01
3.258561311858489407e-01 -5.476807787223630930e-01
-4.811197799006008413e-01 -3.569302958976127149e-01
4.500584912004693683e-01 -4.071440208145649664e-01
-2.623844695158661366e-01 7.424737432507219070e-01
-4.964276172231457673e-01 4.464518860567426306e-01
1.053266426866165395e-01 7.257573577828806410e-01
4.040987129660693622e-01 4.063018921210475032e-01
9.173232240256437575e-02 5.464581397167147525e-01
-4.353708147532533435e-01 6.374982348298995072e-02
2.784924157241643328e-01 -2.282350587257989394e-01
3.221219502340791907e-01 2.964100324421446372e-02
4.040582855025710157e-02 -1.988639413745948992e-01
-2.114938179033532817e-01 -7.879470002648310267e-02
3.843922825344429917e-02 3.077107061594497317e-01
-5.169023206744960408e-02 1.334307706025836815e-01
