2.054692065369946308e-01 9.774628362514408142e-01
8.178478947141701871e-01 4.691218338855253078e-01
5.649305923697542919e-01 7.860297735505221706e-01
5.979771978598746873e-01 7.046056622871362807e-01
8.602039950754440945e-01 1.156810379786603199e-01
8.779766932902272059e-01 -1.974802760450194150e-01
-7.905576875727665653e-01 5.768697932178488141e-01
3.524190825216928502e-01 7.008375345650481592e-01
-3.238623242861648488e-01 8.148316006936450195e-01
7.625933563175586460e-01 -2.872261739371069766e-01
-8.191374085376338376e-01 -5.645601246766301928e-01
-4.553796476782510649e-01 -8.457275099532227669e-01
-8.508661344019433637e-01 -2.912667637971385060e-01
-6.146368786817100194e-01 4.594473762349653434e-01
-7.760920928349612780e-01 1.135121131826240110e-01
-2.099155233456321754e-02 -8.746201672931918081e-01
-1.535828025277054254e-01 -8.218845427586356500e-01
-4.203240942390782386e-01 -6.584745347274614247e-01
-6.863507454042936384e-01 -2.952213315469777166e-01
-3.204954167088356898e-01 5.803965445310544924e-01
2.978546863957976312e-02 6.168006094494858926e-01
5.918033474758080947e-01 -4.290662289064717805e-01
2.847842166472006609e-01 -6.116643293549609561e-01
-4.643703092368601792e-01 2.057490679293777491e-01
-4.211459138569675908e-01 -1.432618059480284256e-01
-2.591735728372500658e-01 -4.088962492924839709e-01
1.243428005105668421e-01 -4.589913295270400817e-01
3.361811412771359420e-01 -3.790635417293824472e-01
4.210852998308183270e-01 1.361553124845029938e-01
-1.486315421558896399e-01 2.982308853004997928e-01
1.810812939227733620e-02 2.228322632203760811e-01
2.531447411014481896e-01 -2.145998497667473207e-02
3.521950850188090149e-02 -2.517071051638851420e-02
