7.877961521146628066e-01 -5.478606458041591631e-01
9.142943923547127705e-01 1.279749783551903386e-01
5.218477811297991265e-01 7.953575294723789213e-01
8.043717342808743842e-01 -1.768279815598333693e-01
-2.691432719139960072e-01 -9.502116414846948356e-01
5.703940431338194728e-01 -4.799972714001152219e-01
-5.530101108318335144e-03 -8.544442783797535634e-01
9.324152499896044832e-02 -8.059443070126401931e-01
-2.316878604824628152e-01 -8.394965745355679188e-01
5.924123742499795009e-01 5.680280946483475812e-01
6.748752747251338668e-01 1.793531886191247066e-02
-9.521184994767936116e-01 -2.049626513564309638e-01
-7.368696275578278110e-01 -4.848654835643665395e-01
-4.226583792777168225e-01 -6.517974304079747760e-01
3.446316192580886617e-01 -4.646427444119045069e-01
5.451655185791217662e-01 2.663438520710968982e-01
-4.276966735203377445e-02 7.892761475343694766e-01
1.361520121967361441e-01 6.746070450231281823e-01
2.910274729196271060e-01 4.792558147998442486e-01
-4.092384347620543483e-01 7.650199246471445225e-01
-9.223825244387293676e-01 3.287427006271255725e-01
-6.981352703030913043e-01 5.125873158851738109e-01
-8.137125424127372719e-01 3.518924053387509909e-01
-8.106198305156855355e-01 2.733372828649310859e-01
-4.666952582657389326e-01 5.317342436107512782e-01
-7.419059902300392251e-01 -5.163411899763205304e-02
-2.024582496885601601e-01 4.308209306609562250e-01
-5.244221519776043339e-01 4.857082066811069243e-02
-4.857775576975124632e-01 -1.503786605319982761e-01
2.765476934427791300e-01 -1.120403071359779290e-01
-1.046637083115476291e-01 -4.258626955560855243e-01
-6.041857899124346287e-02 -3.635139333446967269e-01
-1.018137972381431555e-01 -7.381128444056092586e-02
-3.171966031869128538e-02 1.245865674765180564e-01
