-3.729761806886633391e-01 -9.227325114462607836e-01
-5.521573303994583570e-01 -8.183257403099286620e-01
-8.374408470056438070e-01 -4.758212993377943234e-01
-8.788253920377516737e-01 3.684102756346934182e-01
-8.997829646892707700e-01 -1.032932423312541009e-01
8.302174611959726169e-01 -3.400727646504764778e-01
7.475383003745617039e-01 6.609299758638738087e-01
8.345242053899781798e-01 3.714027005400859505e-01
-4.179269245835812857e-02 9.146517052855710483e-01
5.715590905307000869e-01 6.800334447519148506e-01
3.520173978053992569e-01 7.523814881151453804e-01
2.420203727597654564e-01 7.990182106511249938e-01
-5.181599221662013255e-01 5.244306481894300820e-01
-3.088410007025566700e-02 7.166941154285546567e-01
-6.875584690807015065e-01 2.470382462230319431e-01
-5.622958102988219187e-01 -6.057033107825892104e-01
-5.431630849396610339e-01 -4.847225584751034821e-01
-5.101127546065877816e-01 2.110054051848046786e-01
-6.156218132092926565e-01 -2.344377099393122610e-01
8.291591440283782588e-02 -7.287529474246351446e-01
8.775394938497707575e-02 5.421494381484457392e-01
-1.851690320953175428e-02 -6.118621055649372531e-01
6.495188782067832234e-01 9.393366460367459647e-02
4.802682534171792139e-01 -4.344527289957730853e-01
5.154634266009853194e-01 -2.344172732212351506e-01
2.698927196820786745e-01 3.286588276628213956e-01
3.969006069015177940e-01 1.211855580645343072e-01
-2.606087370699955441e-01 -2.759134775153174735e-01
1.119604868079967092e-01 -3.592987512793678895e-01
4.766775805441864772e-02 -2.308514626371139800e-01
-4.017186076923100896e-02 1.087990824530397777e-01
1.249822753449236351e-01 1.014369820446034583e-02
