-9.162282718097474188e-01 3.638257704115394064e-01
-7.391667685256477771e-01 -5.699906299517689678e-01
-8.623213887735741157e-01 -2.414293709590600578e-01
-8.974943212097311607e-01 2.039666790151624942e-01
-2.556154778714062603e-01 -8.854160696992263713e-01
-4.513960144029415256e-01 7.104946163992100772e-01
-2.413766099656411701e-01 8.297945593711205658e-01
-6.764498379870494960e-01 -2.372638288230959416e-02
-1.876116409011027164e-01 -7.813708083646964120e-01
-5.790943457820577622e-01 2.350527785087669908e-01
-4.795010816349067340e-01 3.606190668746114825e-01
-4.049129915813121650e-01 -4.136081233225348264e-01
6.308738629013411758e-01 -6.912092312265364358e-01
7.546576346027387139e-01 -5.772031754120194869e-01
7.540791444754098294e-02 -6.924386751901797643e-01
2.249407085522665273e-01 -6.680496098395796167e-01
9.506599878188883856e-01 6.435736515298655369e-02
7.237327696808840694e-01 -3.418920070653260757e-01
8.863794723122639940e-01 3.676300878538524830e-01
8.089591204947034209e-01 3.983260428446723234e-01
1.720910029320070755e-01 7.866705139869129004e-01
6.606671685889249357e-01 3.165983429112976255e-01
4.143095198414940561e-01 6.192507546559548048e-01
2.886267675831912793e-01 6.055246154927225177e-01
2.084319927909824566e-01 4.573759245543168039e-01
-1.242994832088453599e-01 3.216495401658979181e-01
-1.670790212595558710e-01 -2.995127262680799540e-01
9.584120697470918659e-02 -2.934439984448496408e-01
2.607476736393263828e-01 -2.830111564919779443e-01
3.320009273464680222e-01 -1.611739827296139460e-01
3.307403966587394578e-02 7.889024018725343534e-02
