7.628981225894195806e-01 5.827001818786285980e-01
-4.477494442447478573e-02 9.919270660831989161e-01
3.479304942197658512e-01 7.995912779419528382e-01
3.023706288753536670e-02 -9.582999794092816881e-01
7.912997512092343477e-01 3.059728231365440587e-01
6.576606251775394263e-01 4.103031637563096523e-01
7.971306483551934274e-01 -2.255626842833532153e-01
6.025328370794499344e-01 -5.556188899452794150e-01
-9.491441269733236208e-01 -2.966024390702674540e-01
-5.994186433317663099e-01 -6.516593027016792661e-01
-9.698479599957849917e-01 1.094707242765112915e-01
-6.101827841490734539e-01 5.957438313151882658e-01
-8.607189063826954367e-01 3.848285574381218876e-02
6.355693166624764023e-01 -3.298990937865711182e-01
1.119903389717895742e-01 -6.969512790693765947e-01
6.078646652719217336e-01 8.729948852975628892e-02
-1.291422012911407624e-01 6.594173422902697146e-01
-2.174279062712857272e-02 5.926062170898543924e-01
-9.965290818330680908e-03 -5.733467448018781942e-01
-6.053119264656865450e-01 -1.755713073448566808e-01
-4.757469284679680666e-01 -3.333374128517296309e-01
-3.067608484760697696e-01 -3.893272837890796034e-01
-4.850670427845501509e-01 3.937110981120931497e-01
-4.389428220372212919e-01 2.577657182020380855e-01
4.010823109378608420e-01 -6.376578449855122011e-02
3.293953477553150933e-01 -2.133011446495769181e-01
7.802450490749467116e-02 2.832663667774931171e-01
8.359593915424465282e-02 7.866928087000420178e-02
-2.027494893650297059e-01 4.062206801765708142e-02
-1.961650881572630789e-01 -5.965236603364929002e-02
