-4.005768333699660233e-01 -9.128223640702223252e-01
2.427132369608951401e-01 -9.627149755164772227e-01
-8.730220248040476694e-01 -4.713325320239805660e-01
8.717630440715347095e-01 -1.599563356272309944e-01
5.711473769520060417e-02 9.971074574666127788e-01
6.101381907605001320e-01 -5.369177034847043561e-01
-5.790881367539240099e-01 -5.145683389738292535e-01
7.809795810615746681e-02 -7.298924566188422780e-01
-4.396801453710180718e-02 -6.540459651602186231e-01
3.514669425103859601e-01 -5.201200933539377180e-01
5.422895027493139786e-01 7.441196503929405903e-01
7.458418646294625587e-01 3.477226674798743478e-01
6.846946718506212726e-01 1.238455726664876647e-02
5.187435067972920866e-01 -1.925458797252235232e-01
5.827903592690624190e-01 4.823350886819933181e-01
5.537084200244981602e-01 3.992991965329252269e-01
-8.745017819528453362e-01 3.798132848244561988e-01
-3.783059436020448363e-01 8.450122291725097323e-01
2.442183030195111959e-01 6.108186201303813512e-01
2.101155653060298931e-02 6.751866394715863029e-01
-3.995046831654237018e-01 6.908353177235267983e-01
-6.949625257697119585e-01 -1.868983218374594135e-01
-7.063541662921813957e-01 1.832230625609290176e-01
-2.126717179987323847e-01 -3.801279573133575784e-01
-4.544992318454161295e-01 -1.861717825829591055e-01
-3.820737622365350528e-01 4.627260009281561892e-01
-2.941352469189200680e-01 3.451570622710236624e-01
-2.998665273531023745e-01 -4.322714948686438158e-02
2.043184830219728076e-01 -1.711475433356182685e-01
-3.482608047260006556e-02 1.202828970522287905e-01
1.097357420666945083e-01 1.376918133089309049e-01
