-8.926771543973693879e-01 3.999632489065457208e-01
-9.331326171228648825e-01 -1.756323634687198543e-02
-8.478765679456371496e-01 -3.078715514440467649e-01
-6.663937247405782305e-01 -6.772050418789097304e-01
9.780713594660862542e-01 1.443802845770443821e-01
9.391701403784284974e-01 2.858128219456427255e-01
-5.646027348114949218e-01 7.956599114254382377e-01
3.380020822963097915e-01 9.332580448556319075e-01
-2.338244067323995978e-01 9.675705615179935881e-01
-2.295694827398742366e-01 8.864589370286356518e-01
5.715648750237454223e-01 7.395839437657250048e-01
8.653996115039189752e-01 -2.625164531449306615e-01
7.026580017351539142e-01 -4.389876503205851765e-01
-5.906478287611214295e-01 -5.354101463411772288e-01
-9.007672106392913824e-02 -8.440442952290357903e-01
2.880013213638994429e-01 -6.826227978556823617e-01
-1.221208406659760881e-01 -7.285430099897003409e-01
6.735815511431939573e-01 4.811354984934310131e-01
-3.154043586572706781e-01 -5.146046097746357351e-01
-5.398817797058506063e-01 4.860835870784709911e-01
-4.989349640184922996e-01 3.467225211225116732e-01
9.818389086391905718e-02 7.576509945765191878e-01
5.875640336684260223e-01 1.760521328133304864e-01
3.835119530727583714e-01 4.885715097757918901e-01
-4.291162415288944931e-01 -1.932909122658217904e-01
-1.638310365537554714e-01 -3.726059377013534735e-01
-2.196257839252750976e-01 3.753982304172445161e-01
1.699945163221155409e-01 4.539966714519294011e-01
7.566495325710449749e-02 3.838796618900916502e-01
-1.783544724916599211e-01 2.016295681752178128e-03
2.451798014606498266e-01 -2.277363033498168154e-01
2.660834883745681889e-01 -1.473421895403336512e-01
1.427513006882174529e-01 4.640780347762754610e-02
