-7.973064042535003837e-02 9.538942899360198791e-01
-1.726446797570916625e-01 8.625731309218008791e-01
-9.408790980556491768e-01 -3.858717594632808667e-02
-2.256791811309326323e-02 -9.995505847443664216e-01
2.115568514350420204e-01 -9.596235279145813868e-01
-6.834550912117104415e-01 4.478918803762410028e-01
-7.150658662787019448e-01 3.393360381693373840e-01
9.095845646810060137e-01 -2.501422669728494697e-01
8.651955514046141271e-01 -3.754205129147371034e-01
4.656734749725802702e-01 6.142442286056434275e-01
8.287666677905266566e-01 1.600981013857809276e-02
7.066467186780754917e-01 -3.697407761146724869e-01
3.333888134499985445e-01 -6.988567864323138590e-01
5.175065549015930300e-01 -5.811174739747748674e-01
-7.291790251658893940e-01 -3.486955612842543295e-01
-5.710615894478371368e-01 -4.517433203895598881e-01
-4.079232078485046098e-01 -5.819681465568488088e-01
-6.091441264250307963e-01 -4.836833359984608893e-02
-3.191031409203132774e-01 -5.349487436874240665e-01
-3.579858330610484751e-01 -2.319862190583573958e-01
2.314808878220923349e-01 4.994134292725457280e-01
5.721981066150379908e-02 5.415593570439636295e-01
-1.334758052728644492e-02 4.212297666940866270e-01
-2.353479720885424675e-01 1.774493746929682592e-01
6.026551762807957902e-01 -1.877721464380385508e-01
4.956277963984525026e-01 1.507264341318590994e-01
3.499762171457106996e-01 2.384777575435949593e-01
2.955512755922670709e-01 -3.913137078788508361e-01
3.019776853918419018e-02 -2.454387511593392190e-01
1.108177909854998755e-01 2.064506756798533196e-02
