-9.359093772999663718e-01 2.704793097152590753e-01
-8.719968103173925122e-01 3.873178286562371508e-01
-9.296206753449995919e-01 -2.979110039093098017e-01
2.072081229669268942e-01 -9.138652068174273335e-01
-6.247243062249048240e-01 6.066234949668410925e-01
8.759264805372909413e-01 -2.452134261835706708e-01
5.429705515760038237e-01 -6.199054503834341423e-01
-2.412748475120672087e-01 8.045567486485689646e-01
-1.637728913211581594e-01 7.310141311782503148e-01
4.913384053880432978e-01 7.565803454204830247e-01
2.061442053407450958e-01 7.754527006035877301e-01
6.644111417132999575e-01 -3.504336963677912031e-01
7.035250534340733441e-01 3.941284672448093773e-01
3.796609362110855979e-01 6.812926542620786341e-01
6.425983024760112405e-01 2.738416781730526051e-01
4.170642449441376298e-01 4.859708994868800480e-01
-7.633430940309148260e-01 -4.972559389703439803e-01
-4.496569526726255650e-01 -7.268121000019196476e-01
-3.369285216561700991e-01 4.143854970863498632e-01
-5.634654504364255967e-01 2.140487783315348225e-01
-6.395782262525923079e-01 -2.469627597782264039e-01
-3.605134378310396182e-01 -6.273592228551713168e-01
-1.870642966925831338e-03 -6.062718684035066641e-01
-4.632915133410043240e-01 -2.810766498763264676e-01
-3.930548042149297205e-01 6.072900402116067006e-03
3.711901927922215405e-01 -3.611704554681344215e-01
3.112633912588192442e-01 2.088288493688846559e-01
3.359610795346973378e-01 -1.872022525181126495e-01
3.146487729025668756e-01 -5.374953612108072931e-02
-7.859791235286553435e-02 -2.192001820854251326e-01
4.777187232015853158e-02 7.965587150481180656e-02
