7.661848029017832573e-01 -6.193225856122556161e-01
8.747622558733617604e-01 4.300873208386460922e-01
9.265774301938554114e-01 -2.675252862249033817e-03
8.511541613391647720e-01 -2.559929011765541551e-01
8.076112115725866403e-01 2.259988027951292389e-01
4.462553367836955553e-01 6.658774520003116759e-01
-5.631260838516795042e-01 6.772152875043406794e-01
-2.448329518943309288e-02 8.057729370966553173e-01
-2.033036529058125097e-01 7.537976366363100533e-01
-9.288659441321841514e-01 1.855065832169410789e-01
-5.860096941825287953e-01 4.607480632810674326e-01
-8.555613409135152114e-01 -5.776851477794964218e-02
-8.300685332114495774e-01 9.723742252882168480e-02
-7.325726414967601574e-01 -4.827249937820017878e-01
-3.373399054041886225e-01 -8.480852868702660752e-01
2.473974712888501182e-01 -7.894843681132402979e-01
4.428526212393121136e-02 -8.192553950932534024e-01
2.297004024279660495e-01 6.331898512628231224e-01
6.268531092620719392e-01 -3.229680471629644001e-01
4.669784476450875021e-01 3.494894667205669103e-01
2.181789595491906431e-01 -5.245522201922350192e-01
-6.714798468429203360e-02 -5.785135288912716112e-01
-3.063260453952998952e-01 -5.124774703842801538e-01
-5.605630708768851722e-01 -8.116389674731613879e-02
-1.988710705834807746e-01 2.805738772659257529e-01
9.314516470562431150e-02 3.538258707103197342e-01
2.982728857472886075e-01 1.661918741199310823e-01
3.990707532902559307e-01 -9.270796984005627572e-02
1.766875671963102634e-01 -1.428139847810844798e-01
-4.872682147800101726e-02 -2.042160304652555769e-01
-3.980918755194808312e-01 -1.796664429146726527e-01
-2.935884129471768023e-01 -1.357820736429515007e-01
