-8.823788587180254606e-01 3.975893385088540843e-01
4.621239121051777254e-01 8.101548414231588557e-01
7.006042304219733952e-01 6.370607500847842442e-01
-6.881718050103492468e-01 -6.174769664687730364e-01
-5.345844724183337338e-01 6.092543234878688985e-01
-3.024345226251523577e-02 7.544574946718533015e-01
-5.767641183155798323e-01 4.106711708979391418e-01
-7.635855070963103453e-01 -1.255277751579429897e-02
9.214940573582962591e-01 -2.795938104671029725e-02
2.422018906807476002e-01 -8.958632694505732630e-01
4.550563597082977751e-01 -7.941650238650352911e-01
8.012666715791364469e-01 9.718233326107229841e-02
6.774908750007181402e-01 -4.793177809861267624e-01
-1.904900186943973839e-01 5.586140905148870850e-01
3.964827218815628607e-01 4.400678242664257667e-01
1.174583427200510122e-01 4.576649568755011277e-01
-5.649120170001986629e-01 -4.007847310220886694e-01
-3.809389327840808082e-01 -6.462285983044145921e-01
4.816620499044677040e-01 9.347399999737435183e-02
4.958422504338440007e-01 -3.000779752278897039e-01
-1.941833563587636868e-01 -6.372348307706668935e-01
3.659216912760133167e-01 -1.697178104053348457e-01
2.671098146791985387e-02 -5.723384141008034387e-01
1.843058079040068090e-02 -4.799886888974898014e-01
-4.149021641248114567e-01 -4.695023316344062309e-02
-6.865818799255690719e-02 -2.772801679406482478e-01
1.893343229348446941e-02 -2.002484017496061752e-02
-2.501470026532526258e-01 1.610440991408521316e-01
