2.085157924132225726e-01 -9.456062660716448853e-01
-9.769127405026930555e-01 4.963688625759342388e-02
-9.952597670306402577e-02 -9.068047547647125617e-01
-4.938388214125041809e-01 -7.532628771334943796e-01
-4.265000520088995661e-01 -7.077218301787746579e-01
-2.450583388033809040e-01 -7.551754541519101194e-01
-7.018140720379627551e-01 -4.753420135095611787e-01
-4.569150623076299600e-01 7.361786533002678823e-01
4.715645674083211725e-02 8.646934734416944490e-01
-1.412140775631625378e-01 8.131570057111227046e-01
-5.824961626707524376e-01 5.091229668904446726e-01
-7.392104349349359893e-01 -2.535393664752192966e-01
-7.460080433954157098e-01 1.009835073653202880e-02
-6.742424644031815850e-01 -5.277975291679795622e-02
-5.333567781606233238e-01 2.907731630249295041e-01
8.353773913898047132e-01 -3.722149640003789561e-01
5.411573264797476801e-01 -5.467610432047546043e-01
2.037228982655778231e-01 -5.926433129601181848e-01
-3.462881500872619367e-01 5.795882208650662143e-02
-1.131473899399317168e-01 -2.912714775287668090e-01
1.108764294218714669e-01 5.894354749722099385e-01
8.347208338644280801e-01 2.332439865803639933e-01
6.894546730078893182e-01 4.409670723638298706e-01
6.386553261451090036e-01 -8.856178214781805502e-02
6.076149787621524245e-01 2.731881040194215071e-01
3.384659978082152354e-01 -1.850216028477355557e-01
4.127185204807522906e-02 1.325264298169088195e-01
3.191033030705363593e-01 2.299750238886008880e-01
2.509487084384421918e-01 7.053013137189327597e-02
