9.456531402332407632e-01 -3.420506008126017027e-03
4.142211528845915480e-01 -7.174287194410093882e-01
6.968029606843121337e-01 -3.757438595972602546e-01
8.383496881944693113e-01 4.539375394489230109e-01
-9.504252846155437640e-01 1.371762986819431707e-01
6.136228452931951072e-01 7.199359073104856233e-01
9.968392652189815573e-02 9.695517450711804708e-01
6.192573327767569857e-01 6.842408898368285489e-03
5.885434762459706981e-01 3.550043986159069354e-01
-7.384419841327737322e-01 3.892078302669920165e-01
-5.123375643560996728e-01 6.961129841882024438e-01
-8.584252681541035962e-03 8.225205378894988595e-01
-1.423165957790633318e-01 7.320460193427101858e-01
3.758413985720774342e-01 5.229309606454443093e-01
-5.877954047488914702e-01 -6.689110854119860727e-01
-7.071199013436930692e-01 1.831043429346796980e-01
-4.385245174862007489e-01 4.735355490206982210e-01
-6.179849612015214655e-01 -1.443767703113785772e-01
-3.967568956772505873e-01 2.434056548588188762e-01
3.033870942047965924e-01 -3.445153626188378060e-01
-3.233361239961992095e-01 -5.978514169906884446e-01
-1.631829767425994615e-01 -6.209856014224007792e-01
1.238946666438944522e-01 -4.527643444072985135e-01
-2.192885268118491826e-01 -4.515324590099717428e-01
-2.021756942535858637e-01 -2.991399246554461433e-01
1.103533574835144221e-01 -2.140651166425108082e-02
5.653390659389989636e-02 1.441367985165811216e-01
4.447394247966387354e-02 4.208812840413502232e-01
