9.330097793677396556e-01 3.220727591229196052e-01
7.884068656092281246e-01 -5.937085228897194256e-01
5.333482962732570831e-01 -7.888463612198148844e-01
-8.068337269222550789e-01 5.602610292961878180e-01
-9.442975549062860852e-01 -3.050129384516047093e-01
-5.195646128454569634e-01 7.398595545991358824e-01
8.023724299416684635e-01 5.724476322378457306e-03
7.596102034674665493e-01 -1.463130010421423433e-01
-7.847623850105792664e-01 1.891892421209363795e-01
6.683120158231543873e-02 -7.907182821055070976e-01
-2.463662293534623071e-01 -7.769840769252420731e-01
2.608552895004360161e-01 -5.943676977978717968e-01
-6.214906786395194560e-01 -4.574976160767473821e-01
-3.082512124780252827e-01 -5.955466635648981599e-01
5.788145248275975430e-01 -2.128431977321191271e-01
-5.392795661704861132e-01 -3.452762320809104057e-01
2.435933653766985951e-01 7.737011700794614866e-01
-2.471609515644327681e-01 6.700382038817466190e-01
5.617439350823855149e-02 6.617604720694455489e-01
2.922355365944082628e-01 5.526824262430292123e-01
1.219430697386284478e-02 -3.886894750726895276e-01
4.374012822131346234e-01 2.585557000826314566e-01
3.341559657168226005e-01 1.436972004074841408e-02
2.501619626947600428e-01 1.817168239702737220e-01
-4.062415380394553410e-01 -9.200801709819640684e-02
-4.158683532685598649e-01 7.965667276769204663e-02
-2.510525846462775545e-01 2.651002599049361863e-01
-1.691682602239762412e-01 1.011022774930798590e-01
-2.464127701130196940e-02 -1.604396994889574490e-02
