8.041872502258255728e-02 9.943832739242179919e-01
3.840585850136996049e-01 7.751558572256233015e-01
-7.150856506540104185e-01 6.176772355986879237e-01
-7.573883180987638353e-01 5.182548375310597200e-01
7.279264872600209602e-01 -5.048745608109730387e-01
5.850755538675602718e-01 5.218130919477120822e-01
6.638226187411954138e-01 2.279388622573159662e-01
5.458565946994474727e-01 -5.682519657915848788e-01
4.001204104124623240e-01 -6.488754636403595288e-01
-3.057647635356978144e-01 -8.559257821542891609e-01
-6.475224996770120311e-01 -6.530745801394529648e-01
-9.174537131308080351e-01 6.475849722631889238e-02
5.353356046264668988e-01 -5.789961391222885057e-02
-4.484168985637285165e-01 -5.993838165561611309e-01
1.777115210035682957e-01 -4.786743103526200360e-01
-1.155875187813416860e-01 -6.006254338461668452e-01
-1.299028600803688593e-01 -4.459442540228588103e-01
-6.555006412647892411e-01 1.572987160065615897e-01
-7.283325120924210028e-01 -1.393591845559761788e-01
-6.656297775921111715e-01 -2.178727899528821732e-01
-6.044961453450606870e-01 -1.574659205431528652e-01
-5.035122394373799937e-01 -1.547186068746571885e-01
3.710131531217275569e-01 4.865282303183753876e-01
-1.323441786155521716e-01 5.589404376934213881e-01
-3.071845693273367872e-01 3.608421210119873712e-01
2.913968919422095238e-01 2.585205351173109345e-01
8.531839622047409505e-03 4.155829005421776134e-01
-1.222793835744479946e-01 -5.005504241013741112e-02
1.451533843961781397e-03 1.211409958683192373e-01
