8.607310757477147911e-01 -3.197621091918599334e-01
6.111492465543749697e-01 6.579847181981024473e-01
7.086697096512589722e-01 5.006072607135211294e-01
4.751812538038382439e-01 -7.530422309562194716e-01
7.965383398885235167e-01 -2.972692795978896727e-02
-2.911289614984942653e-01 -8.351551785558207763e-01
-7.581827083455316973e-01 -5.576215720284460886e-01
-1.236840397280072890e-01 -7.693885684131911429e-01
4.340281764480833915e-01 -5.140058654537038585e-01
2.001263951559761611e-01 -6.128380975517478957e-01
-4.818551420859950030e-01 -6.039581523370577409e-01
-8.270297074562676931e-01 -4.724422842498689212e-02
-7.362726258799108248e-01 -1.637202115089422538e-01
-4.774521219028342589e-01 -4.158525162423237775e-01
2.253606316216295036e-01 7.999175148906967348e-01
5.948260433224397126e-01 1.056236333968327695e-01
3.454521215616180307e-01 5.970972779877686820e-01
1.835290451614971993e-02 7.104390703901773962e-01
-3.736082256881859132e-01 6.364702929273039489e-01
-6.468758058363731633e-01 2.918542769377249768e-01
-4.048506005728263468e-01 4.318161522584788026e-01
-4.856702833372211203e-01 9.755270512013838879e-02
4.448957883902858179e-01 -9.622893759974855687e-02
-1.692075103045861950e-01 3.205608309783256615e-01
7.060721879641622400e-02 3.802052988025081404e-01
1.071565246786291697e-01 2.649375464875899366e-01
2.131155672798248635e-01 -2.940155125308914208e-01
-1.730496104237466970e-01 -3.364826667498912321e-02
-1.479126308814893154e-02 -2.098882455488627341e-01
