-7.718278690813972220e-01 5.471513233624584194e-01
2.007436741840974703e-01 -9.621183399385908608e-01
9.131402670274432198e-01 -4.057031829672487211e-01
4.077347646996898889e-01 7.956132032345046845e-01
5.677333014940706413e-01 7.019108441243718799e-01
8.512706917906022186e-01 2.988318720988855648e-01
5.756829442889124238e-01 -6.904642062267752900e-01
-2.109498414779185371e-01 7.235162834634453199e-01
-3.673493422386456264e-01 6.495643407290377924e-01
-8.023018007857568579e-01 -1.929435583672845511e-01
-6.442137826173275350e-01 1.617011919054344993e-01
-6.234798780989918576e-01 -5.087323461021459048e-01
2.282374448245456100e-01 5.987533444646281344e-01
4.988527389235940523e-01 3.643802569226156640e-01
6.761709356270048099e-01 -7.060403385816811650e-02
-2.969606676190281735e-01 3.768139372410265198e-01
-4.578890532404535918e-01 -6.270831146384735488e-01
-2.367135348992114308e-01 -6.677559327966212654e-01
-4.685826902205686428e-01 -2.007625849342560831e-01
-1.785031479324987458e-01 -5.173628877678831950e-01
2.523704820188777953e-01 -5.284178575800517752e-01
-1.750173066896886301e-02 -5.121098401574980530e-01
-1.952369705490706597e-01 -2.272222338565162980e-01
1.933297087752671173e-01 -4.280140779364584591e-01
4.572424324967558351e-01 -1.816124399306422443e-01
3.494598322663328149e-01 -9.839227554198984316e-02
-3.626765835425196233e-02 -1.403700794843716279e-02
-8.013538138988274273e-02 2.690757308218831301e-01
9.560780277629575552e-02 2.511550481304360982e-01
