-2.913136314231568047e-01 -8.943333986922249457e-01
1.148573920592826786e-01 -8.829699074371248901e-01
7.115282505447549921e-01 -6.082274283131673398e-01
-9.256012190953670782e-01 -2.316949504984925079e-01
-3.755814977631215523e-01 -6.944675198807621630e-01
6.751688078061297560e-01 7.201583479501639795e-01
-8.953384366303976938e-01 4.561922679548520258e-03
-8.490545679924474953e-01 3.812885801049857859e-01
2.619933716138865276e-01 9.098184537429003793e-01
-1.612723847521044251e-01 9.627220732558862126e-01
-2.694188070053634906e-02 8.856186139362909326e-01
-6.840737087347057432e-01 4.977876853843658522e-01
-7.440276473162319437e-01 1.637533249804495883e-01
-4.773499235137674823e-01 5.938119933184928811e-01
7.564594412909959598e-01 -1.793853282817251260e-01
6.300928934510001689e-01 -3.999297909946794571e-01
-3.766786801607564100e-02 -6.315152118532956216e-01
-5.353019022296089391e-01 -1.744217673091923437e-01
2.659260236920554799e-01 -4.924449340371135908e-01
5.614933760546435559e-01 4.867050330503112643e-01
3.601727650643377077e-01 5.962663240996280978e-01
-5.907206481114115476e-02 5.698994834210424631e-01
1.891493647549166990e-01 5.220169608791090932e-01
4.099846657854410714e-01 -1.452299983736993205e-01
3.499682714705328324e-01 4.737137335489990247e-02
-2.581811533533846514e-01 -1.768596936061359315e-01
-2.588407651762209549e-01 2.002695584446804178e-01
1.953586078222127320e-01 2.008574942477998615e-01
7.044148491684328051e-02 1.842379916028689113e-01
-7.400732929624774525e-02 5.529522070298052011e-02
