-7.841394533573556869e-01 5.117258030790619028e-01
-5.834981617880045102e-01 7.115501104400999699e-01
-8.241689431741641148e-01 3.318620162127864370e-01
-8.454608252070111574e-01 -3.859939536681442629e-01
-8.225792409728102106e-01 -2.351765352310425106e-01
-6.409611333669263944e-01 -5.629486494946155384e-01
-6.012121278858807011e-02 -9.593267871755110088e-01
-6.923718461052512652e-01 -3.598152622277314000e-02
2.816556171814904239e-02 -8.421180453335536109e-01
-1.419676804440069828e-01 -6.627958597616750991e-01
-3.908291244303506717e-01 -4.517717611330114291e-01
1.170382321470995329e-02 9.559851703296730063e-01
5.395791960230063022e-01 -6.089206984252917287e-01
6.263296647876059886e-01 -4.982608134780192044e-01
9.543806259367902944e-01 1.891048848902847634e-01
8.496271729237800940e-01 2.890625419816549857e-01
3.684143350063999733e-01 7.959181686636321862e-01
6.740518107715994800e-01 5.609126534877941772e-01
9.419150830756835291e-02 7.466775882927783048e-01
4.607339132337697762e-01 -4.718641967392547820e-01
-1.087317587218408765e-01 -3.633636596265221730e-01
-1.068373917927770700e-01 4.538383295348918378e-01
-2.833955955721726983e-01 2.594300776250124674e-01
-2.671706998963789825e-01 1.244238604792409358e-01
-1.141713778878484520e-01 -6.230735421597485835e-02
5.254453173247842779e-01 -1.161467836934821501e-01
3.710209909929726435e-01 -1.587710008179269439e-01
3.322216477168286608e-01 4.464206360715882727e-01
4.646221874469900204e-01 1.314610854192822809e-01
2.362786648298611514e-01 3.152648505086480535e-01
1.896578166842568802e-01 2.120031164794960454e-01
