-8.179632360242515832e-01 -4.228792756294807442e-01
-8.649273787408520153e-01 -1.238041666237843924e-01
-4.689015913353795084e-01 -7.464844373462732330e-01
-2.243754284172936042e-01 -9.032087570353211081e-01
-2.800985644005402064e-02 9.651407893631031021e-01
5.502234262066393322e-01 -7.437679582612820584e-01
1.201473022246363348e-01 -7.708535614265079605e-01
-6.209534028149151785e-01 2.547662506656259707e-01
-4.955633242933895621e-01 5.232928532098622965e-01
-1.904216590596387315e-01 7.210024429600389029e-01
4.861622644243756564e-01 6.970900176295700135e-01
4.956850154307286260e-01 6.203926522253989662e-01
7.288362221922443096e-01 3.897434753316462164e-01
8.016353485438257875e-01 -2.209946225594407176e-01
6.507914016192299922e-01 -3.757225904303268527e-01
7.358491929103710971e-01 1.011636256437735831e-01
4.839139931268497397e-01 -3.615200669956322166e-01
6.632933575364478029e-01 8.512653012656343221e-03
7.172734159041790902e-02 -5.124414404709333182e-01
-1.102003518093553208e-01 -4.783176891122761787e-01
-2.636482191206808712e-01 4.842969468975169556e-01
1.461284061724232031e-01 5.177160266281374268e-01
-3.883538143071234572e-01 -1.776579726407252757e-01
-4.093216360447260449e-01 -5.944727296990078708e-03
-2.504462397300974419e-01 2.913818610635400888e-02
4.176832429260719515e-01 1.435482196563152568e-01
3.012004683535569605e-01 2.530321925414171780e-01
-1.318981154555440814e-03 2.164781733721962698e-01
1.329989981152348288e-01 -3.420002609212960138e-03
