1.827985807134358265e-01 9.273066210868460280e-01
2.237599548956392681e-01 -9.720203415316368556e-01
6.456065504355242846e-01 -7.223304498535159102e-01
9.130531657282519031e-01 -1.218282046062424406e-01
-5.020972440900199896e-01 7.139336879714647255e-01
-8.646637275315643967e-01 -1.875380410133857256e-01
-6.981091051641817868e-01 -4.507255010406819862e-01
-2.672782593706419796e-01 -8.016761913736782930e-01
-4.748966552739152802e-01 -6.156924048737600907e-01
-7.409976283545905984e-01 -8.685960107482514070e-02
7.126011128353439972e-01 -4.732389838809791804e-01
-1.493441990298778888e-01 7.259369003996151148e-01
-5.474458912381745535e-01 3.118785489780028786e-01
1.202639002633274640e-01 6.899213943871261856e-01
4.142106664692727924e-01 5.410076782600871104e-01
-1.052464434594814133e-02 -7.090053303720492694e-01
3.955070052097054978e-01 -5.707196433977886896e-01
-4.584604620500997707e-01 -2.064292124934509198e-01
-3.316728637501051846e-01 2.797756777780965876e-01
6.374091672871413650e-01 8.086146608985197992e-02
5.272141819960399767e-01 1.901936723768115622e-01
5.137331028216942652e-01 -1.382896795600130901e-01
1.961385344890468896e-01 -4.091975093742242220e-01
-1.331732028687565572e-01 -3.636215252694757760e-01
-2.469126412580363861e-01 -7.261696207381389268e-02
-4.094477782231378815e-02 3.399341359048105304e-01
3.094418682776578500e-01 1.086611324068216256e-01
6.643196015794927689e-02 -6.285361353734332523e-02
