6.753197598612342700e-01 -6.295986438120968476e-01
7.981373478542765909e-01 5.828054966090642219e-01
7.300434995378236591e-01 5.976271011667418920e-01
-8.684805698177214262e-02 -9.694168852140746528e-01
2.613879335368520657e-02 9.170732724954064885e-01
-2.335433729186447704e-01 9.589314054755601058e-01
-2.269002736108175766e-01 9.396238754523772441e-01
-4.644518814750776547e-01 8.077815220483834935e-01
1.112961411460535455e-01 -7.880808351108739007e-01
-3.184834846855734147e-01 -7.821599425496590374e-01
-8.076385212252356061e-01 -3.408084698597790840e-01
-5.053468486080625599e-01 -6.087804140202107694e-01
-7.665557110567638999e-01 -8.478989563082117709e-02
-7.549916046734405084e-01 1.934214152548941190e-01
1.109530207644904704e-01 -6.199795697388197357e-01
-2.579324401239551090e-01 -5.753697291189840968e-01
-4.624741246522585114e-01 -3.325837807625757203e-01
5.813756382437748060e-01 4.877642811582212912e-01
-3.884346797869122070e-01 5.999976821428935070e-01
-5.644629848652112092e-02 6.686471719041291450e-01
-4.515488445418286978e-01 3.023089152657602030e-01
-4.666508204480399602e-01 1.330827156572630676e-01
6.816611884806288435e-01 -1.497751565028739851e-01
3.055253838270012845e-01 -3.497453686574802378e-01
5.359310202844348447e-01 2.138263207386305043e-01
4.790536642935315781e-01 -1.464809150966328022e-01
-1.711327250197884342e-01 3.895293997418282639e-01
-1.121920952176550940e-01 -7.586773982661711158e-02
2.008002507939360415e-01 2.922209580291801889e-01
6.677460969962382975e-02 5.121230442474591221e-02
3.097964325251699735e-01 1.579067691212155677e-01
