-5.318404253668669313e-01 -8.342361436898865223e-01
-9.563242485519460878e-01 -1.516074918318279507e-01
-8.868295716206975321e-01 -2.955136116380224220e-01
1.226054033849208053e-01 9.913409348238234609e-01
-1.634531317870356881e-01 -9.186541621933818069e-01
9.657440641422998517e-01 -1.183762431962328832e-01
8.435062640996876526e-01 -4.176574084453146818e-01
-4.756719581889408133e-01 7.386132029147794986e-01
-6.780792681555593004e-01 4.624584299903402584e-01
7.239679185599072753e-01 5.700529227586130787e-01
3.612762742111882974e-01 8.084801155684242513e-01
3.610471932032359166e-01 7.095611013708916781e-01
6.030907102908003026e-01 5.347076385869419246e-01
-7.442713676908462028e-02 7.150009327312446539e-01
6.043972414966921614e-01 3.295365124695542880e-01
-2.990334783782774668e-03 -8.300265598516350929e-01
6.503734020392848425e-01 1.940487536691299850e-02
6.005039766721657069e-01 -3.988612298863170036e-01
4.210746203249323139e-01 -5.323027364116008631e-01
9.015693829314706809e-02 -7.264844914485354410e-01
-4.138017653583422328e-01 -5.847474792577458391e-01
-6.508211939346466579e-01 -9.674898230203565763e-03
-3.003425308816350392e-01 5.154713478637829027e-01
4.955416069063683926e-01 -2.101166546300031399e-02
1.562063576192412317e-01 -4.984789212139938419e-01
-4.818357914110397155e-01 -1.375902658650489385e-01
-3.732384447304838981e-01 2.906023387535174307e-01
-3.482577926188193396e-01 6.987992779450359626e-02
1.352801444835087692e-02 2.456261082592116896e-01
-1.364134830186615188e-01 -3.373486100453053638e-01
6.233042304325935382e-03 -2.278848185469206644e-01
1.313006075650364202e-01 -7.697605386859059096e-02
