9.852191563896218751e-01 6.890003848579166756e-02
-3.330234379660564903e-01 9.342502285919422889e-01
6.333273613858325657e-01 7.190898730773838121e-01
3.461986996279188822e-01 -8.969289119649680453e-01
-1.375892149781178520e-01 -9.444083898543111921e-01
-4.268099532182586531e-01 -8.650343190864833165e-01
-7.478236693553526049e-01 -6.401005976134631625e-01
-9.331235373750875750e-01 -2.301990285363039179e-01
-8.950181741619683828e-01 -6.223197100551390581e-02
7.985309119193050031e-02 -7.457352138631025973e-01
7.335120514426290983e-01 -2.820130655751553750e-01
-7.777671690804947024e-01 2.750442569914579583e-01
3.055315919920912338e-01 6.724352452727542229e-01
-3.915204307497087421e-02 7.129179290578770978e-01
-3.965120293718020772e-01 5.900623064476487878e-01
-6.057794905945437236e-01 3.693614788932320092e-01
6.664609111915678064e-01 1.008408242106047931e-01
5.131936321323736783e-01 -4.395040873474209131e-01
-6.066644597214039258e-01 7.720426858286037752e-02
-5.562822416357838806e-01 -3.688254514520271088e-01
-5.470271455490901547e-01 -1.406601747136523028e-01
-4.122983342192337308e-01 -2.899486169842787620e-01
3.693671684612765960e-01 -3.808496809391382354e-01
-1.113997053051526964e-01 -4.078476592289325686e-01
-1.095392884394745525e-01 4.854522219651049020e-01
4.064894667458439637e-01 3.801138860098672301e-01
4.336748152439691695e-01 -2.134709104330029250e-02
1.538515681467415297e-01 3.207292964863283635e-01
1.290612025184509626e-01 -9.612092049101374214e-02
-1.940924305463936350e-01 6.862663740925140435e-03
