8.269619525168446783e-01 5.004657820792871581e-01
-1.247134751324417701e-01 9.723538228682341300e-01
3.186111540678369658e-01 8.529118060506946097e-01
-3.175396941456773425e-01 8.952798608919623202e-01
8.231708995824205122e-01 -4.952861396057370302e-01
-8.286788731199682401e-01 3.012110477457738966e-01
-8.444535124451267860e-01 5.480490844454074389e-02
4.354346309744830945e-01 -7.458934700002111118e-01
-1.311579483605276597e-01 -8.706215864224363665e-01
-2.647835113866277568e-01 -7.914737137841426629e-01
2.856127915348514734e-01 -7.376366671798850749e-01
-4.726438845714353021e-01 -6.783891225207236975e-01
-6.369322206597086700e-01 -4.280571441022632539e-01
-6.717285851703229671e-01 -2.059278710461722173e-01
-4.170077006589009150e-01 -5.425293487591961172e-01
1.487787610993076826e-01 -6.549974772326525585e-01
6.365334532851107952e-01 -3.815342274349250995e-01
6.720703029686661001e-01 -2.393582943134437979e-01
3.046293963992053877e-01 6.860899543859976246e-01
6.335363140583896158e-01 1.980080059577092322e-01
5.458237234281794192e-01 -4.493554806745530400e-02
2.363194210198547585e-01 -2.813290322821600520e-01
-3.688875959663232007e-01 7.023972135808217443e-01
-1.171350988529089726e-01 -2.266916475700780920e-01
3.353456979224448964e-01 3.095917891394756039e-01
-1.280679119443159375e-01 5.742982108691375709e-01
-4.114318972225293192e-01 4.427856423018842746e-01
1.548141687236480046e-01 3.521749202945447799e-01
-3.445625759497717433e-01 2.988724663150431060e-01
7.785218029173497818e-03 2.157152663789785874e-01
-2.793218969908428106e-01 3.701512129627695935e-02
