9.788870178665646238e-01 -1.796059417529856927e-01
3.713129833383692069e-01 7.964356064147539715e-01
8.073139320694603382e-01 -3.596512797084829849e-01
-3.434772145457916648e-01 8.354019427432173295e-01
-2.068828247934181297e-01 8.308708421890914630e-01
6.195066489878165994e-01 3.438174337552119542e-01
-6.794408006769871999e-01 -6.693605089630683125e-01
-9.054840198845085508e-01 -2.591610934295454083e-01
6.168728060356480913e-01 5.268224499969583613e-02
6.045626477491793382e-01 -3.412016220800976329e-01
-1.438639001278634900e-02 -8.174742819791497306e-01
-1.707944515345761749e-01 -7.663842273752875522e-01
2.706880988586973236e-01 -6.914262596119949977e-01
3.817707268960325862e-01 -5.286023238045146622e-01
-6.952209392272851174e-01 4.788806606463621440e-01
-7.450470659284250674e-01 3.391416558114733193e-01
8.645385071920422271e-02 5.421336215913856726e-01
-2.715902602634129304e-01 5.180937054646068685e-01
-7.091517791387318137e-02 5.025591286267812041e-01
-7.383194861073816284e-01 5.161305667131857455e-02
-6.820075679800530200e-01 1.513382593246982016e-02
-5.892966728328238313e-01 -2.041355318551814346e-01
-3.102664778180255767e-01 -4.131291515642888657e-01
1.938892090747481034e-01 -4.371368779333190124e-01
-3.681056593140534794e-01 -9.288692499971411276e-02
2.660487716469052688e-01 -3.726643037595016306e-02
-2.208160646316173759e-01 7.021722000199173697e-02
-9.468781169722496893e-02 1.102721714459949237e-01
6.142649203539549824e-02 -1.560130300053033381e-01
