-8.102619124276034812e-01 5.542231426183630294e-01
-9.187328542555318611e-01 2.533219136323952569e-01
8.287992072097378760e-01 3.934542310899716844e-01
2.331033672915887589e-01 8.271142083798702638e-01
4.867114272731019042e-01 6.561601183091565481e-01
6.426173195075558509e-01 4.723740185841782679e-01
8.348421854397876096e-01 -1.992793080396443664e-02
8.097402704233147563e-01 -3.093313067367778335e-01
-5.825194483676907620e-01 -7.518265638784039639e-01
-4.959701366771394615e-01 -8.166204984532819955e-01
-3.046029423816701276e-01 -8.257224922155950164e-01
6.499890238237268081e-01 -5.759070060468629570e-01
3.389903057178376145e-01 -7.878625398953514880e-01
1.590389159720020373e-01 -7.493220603757959619e-01
-7.651271072882221969e-01 -8.486490015945281906e-02
-2.815875390082960283e-01 -5.334038575256306869e-01
-4.549330064272152918e-01 -3.900287027963085795e-01
-5.552047203550449783e-01 -1.067208675014859331e-01
-4.534983073090081973e-01 6.017439005830981236e-01
-4.757842662043652027e-01 4.367217429564477227e-01
-4.185412155043873317e-01 2.151912156674012644e-01
1.136233274704364776e-01 6.095339560233075105e-01
-1.126603596834266363e-01 6.073775932006145739e-01
-2.077446699470298641e-01 5.087994748289116353e-01
3.648465693601697368e-01 3.742166220979463720e-01
5.683736289780735307e-01 -1.442712346110017196e-01
4.442572766281110974e-01 -2.696674154358884579e-01
1.631001964275596294e-01 -3.969204209322177435e-01
2.843159833537246550e-01 -3.208487559237418463e-01
1.440372900930129985e-01 4.542441667616522322e-02
-5.541889658260159418e-02 -6.859334332214389596e-02
