-9.030079651945145669e-02 -9.899083860138158109e-01
7.330860083860952781e-01 -5.967633156997336208e-01
2.167546848414079741e-01 -8.700168157974746963e-01
5.765604083171662619e-01 -6.164627719863463584e-01
-4.754630435629101926e-01 8.103675360946825945e-01
8.596296749342606791e-01 -1.756138863647432533e-02
8.103295276297822758e-01 1.765032647124566978e-01
7.507417334003018139e-01 3.337659473955996159e-01
5.785637570041678446e-01 5.475658283091067169e-01
4.191406544756487440e-01 7.287217958576205357e-01
2.108129061841791940e-01 8.114332470523407670e-01
-3.557775443084199712e-02 7.919743000055028403e-01
-8.768654584236568184e-01 1.086636009023279198e-01
-4.372043258835106583e-01 6.067346426096124068e-01
-4.912914877177412265e-01 -5.760326179676128477e-01
-5.258843054896105151e-01 -4.371358522888180720e-01
-2.678711261270835253e-01 5.162841692568511665e-01
-5.048381716609097181e-01 3.020049512932166391e-01
-5.879906847346145771e-01 -1.465489615838116155e-01
-5.650588354374870281e-01 -2.337119981432557447e-02
-1.075698816327465279e-01 -6.224898584471192375e-01
-1.032644140706128269e-02 -6.219492459361891656e-01
5.393473875025944775e-01 -1.187948588329021810e-01
2.496496100946738184e-01 3.214859832956077912e-01
3.888818420596114600e-01 1.971356223466103341e-01
3.433989065527485729e-01 -2.026595018701548567e-01
1.317808925992162150e-01 -3.171393646132180111e-01
-1.706333890174149825e-01 -2.737174661007540366e-01
-7.977600357785356866e-02 1.930887425945203018e-01
-5.026033712233508866e-02 -1.581002513039916554e-02
