-8.109315754292385492e-01 -3.824478620166120724e-01
-8.086430003121652943e-01 -1.037908009567851085e-02
-5.751172933078158023e-01 7.353022719423529807e-01
7.542618277486028144e-02 -8.610929571992212983e-01
-5.390442190093975849e-01 -5.358832644044813076e-01
-3.128063768799947963e-01 8.528857694519139665e-01
-6.495639427704006374e-01 3.080578244119910880e-01
-4.500014812594425595e-01 5.649334137034420777e-01
5.049257244416708312e-01 7.722457779578277837e-01
2.307739443183238759e-01 8.107700024862963817e-01
6.148072745631667606e-03 7.517819973862827077e-01
3.024197364333812699e-01 -6.931109243003945597e-01
9.549267121660545143e-01 -1.693292822680700638e-01
7.989792743374997119e-01 -3.685636577753201859e-01
5.679850052574090258e-01 -4.337025102903958040e-01
5.863714279507949989e-01 4.930131959523907370e-01
7.167827124814807327e-01 2.979209736879425141e-01
7.360954508685744191e-01 -1.011702007876774390e-01
7.256028184690406224e-01 -2.458809108162837362e-02
-2.369846692392200138e-01 -5.717938707509676588e-01
-1.666549055145500335e-01 -4.278235509785821011e-01
2.565869729170598690e-02 -3.710032128244359351e-01
-4.677511503058296438e-01 8.629415575080844059e-02
-1.919774798845266250e-01 3.462946688942807327e-01
-3.139053841888571061e-01 5.300620685575264251e-02
-9.497731993646915671e-02 -1.126991149768441641e-01
1.667914452383238710e-01 4.465010947275678266e-01
4.061880966302706120e-01 2.797853429241713985e-01
2.289377018062292990e-01 2.639011621599347546e-01
2.927199633475947582e-01 -3.040425056353691577e-02
