7.300992797411457458e-01 6.177038533585701430e-01
8.869038171484586730e-01 -1.863495602925255568e-01
8.709230517013473172e-01 2.357232361567090928e-01
-6.591255033817026154e-01 -7.485490425959128169e-01
4.045838076045141229e-01 -7.869417453093221493e-01
4.654790480819818999e-02 -9.483842861088560561e-01
-2.478102924216127600e-01 -9.259720422865835854e-01
-1.394277494607344681e-01 -9.259350380769371114e-01
1.203234859774288540e-01 9.279722579113893755e-01
-6.723402292952271875e-01 -5.770911368688824705e-01
-2.633616725366566894e-02 8.612231090552259216e-01
3.737713709852184540e-01 6.249453048381716780e-01
4.069881531669645169e-01 5.179094995787374422e-01
8.069947284216862082e-02 7.171683917372391193e-01
-4.047279020527491666e-01 6.965389883334844878e-01
-4.427921788571060335e-01 6.323541464359985209e-01
-5.903335403328109354e-01 5.111623787957160214e-01
-7.389991368758734858e-01 -1.999211324632635955e-01
-6.290446658390774770e-01 -4.096862950187507568e-01
-2.380743100227602771e-01 -6.764939056110149673e-01
-1.231093801371778845e-01 5.872709381902623260e-01
-5.638214831857987219e-01 2.971003285677175088e-01
4.458234169423702098e-01 -4.695862706277240117e-01
-5.184644300624191571e-01 -6.798354631067959897e-02
2.496956628601106898e-01 -5.195913737860629045e-01
4.220984622390465679e-01 2.664244539915171586e-02
3.941244753375092169e-01 -1.344343584154247817e-01
-2.376152292237511954e-01 -4.168326697537457770e-01
-7.751589624985819049e-02 -3.111842229014011307e-01
1.412154193958774229e-01 -2.985398485219606379e-01
-4.008721181948957657e-01 1.769425895223322165e-01
-2.939196816328781825e-02 2.781738833333203820e-01
-2.319082746500156916e-03 1.684857077040037288e-01
