8.550207783750271920e-03 9.290742287232104379e-01
4.025980501857807647e-01 7.871517967567164265e-01
9.514359465823760686e-01 -3.980614251326426017e-02
8.045087731969293721e-01 4.074511356634848980e-01
6.573656129792924130e-01 5.402652295845460362e-01
6.783744909993889571e-01 3.721327447180756698e-01
1.118847065406542857e-01 7.717373874848983961e-01
-6.388484075054594591e-01 5.977241967883817342e-01
-8.832378034365765407e-01 2.431957570564242666e-01
-7.468718774850968689e-01 -5.759803019332616625e-01
-2.354484574795142338e-01 5.958719302428241438e-01
-5.451746105636321449e-01 -6.252110869626738010e-01
-7.686524302305659528e-01 -7.343481258798970068e-02
-7.020589043081807423e-01 -1.712607558816150177e-01
-4.618690058324869119e-01 3.292160146311639557e-01
-5.886312123235379890e-01 7.467466292491323210e-02
7.560646441441020160e-01 -4.813919790052446218e-02
3.038619100086604741e-01 -8.735630087267911570e-01
4.505634641333608470e-01 -7.350283253229529246e-01
2.559647666707469127e-01 4.314760242284503278e-01
3.677947548821200278e-03 3.775647204130000989e-01
5.509781258284532912e-01 -4.548819093530980240e-01
-3.638095959379332167e-01 -4.754436806390968107e-01
2.936266103861651655e-01 9.787872461182950401e-02
4.131929566670269893e-01 -2.234723788913753617e-01
-1.611134834929731918e-01 -4.557983486693584219e-01
1.737532415620589576e-01 -5.134275213442819341e-01
-1.440058903858035255e-01 -7.887468333085037586e-02
2.036113507462844474e-01 -3.428435242480802891e-01
4.719421039752095398e-02 -2.731803138892183180e-01
