4.255516594883049231e-01 -8.996188673181048090e-01
9.312313611255357282e-01 -1.748297445234318626e-01
9.075037662249781922e-01 4.133543595788707892e-01
-8.733219573907851085e-01 -4.560594721376012295e-01
-5.788266185180676038e-01 -7.179355964150361258e-01
-3.089142503535713402e-01 -8.017615790715707513e-01
4.474693012144546067e-01 -6.332419056724800654e-01
7.959884051157612994e-01 1.868837807260489703e-01
2.187499787839756460e-01 9.421821904788936219e-01
3.687581497890664028e-01 8.025295302035424516e-01
-2.126235343131488709e-01 9.477934390377030782e-01
-3.130667368985930454e-01 8.306743322143843589e-01
3.619988619529615481e-01 -4.189012976721182002e-01
4.029719467817969858e-01 -2.219541115935771136e-01
5.376852243565346523e-01 -3.143557551651433683e-03
4.751789495176836908e-01 9.204327257982469757e-02
2.775700695877752477e-01 4.844686658744279395e-01
5.452169683013918799e-02 -5.646904957181476670e-01
-6.909005905137178827e-01 5.450661351032856095e-01
-6.341148292061185021e-01 -2.744308863113567032e-01
-7.060467850156493252e-01 3.263078132952336730e-01
-7.243303842400526937e-01 4.437860698947505150e-02
-1.844159934356116304e-01 -4.737319574263749722e-01
-2.267063554201761977e-01 -3.925867798491609051e-01
-5.909878029376955388e-02 5.927086104473425765e-01
-4.443876822912434799e-01 4.918357616386408449e-01
-4.591397038336347824e-01 -8.127340750915383605e-02
-4.785746344023562027e-01 2.425162131635759388e-01
-1.527791414019793736e-01 3.629741204708400448e-01
-9.461355912655594613e-03 7.785560726157385314e-02
-1.452185492150104007e-01 5.823187878642654275e-02
