8.608497633408713767e-01 1.353289295600166309e-01
5.541469612878971995e-01 7.025451966956641758e-01
-4.418415688100772454e-01 8.374856568549705615e-01
-2.444820223668819903e-01 9.012297294530408065e-01
-3.291644772328675139e-01 8.397783949262920267e-01
5.508739708521281919e-01 -7.024617766864410529e-01
3.359189195703290998e-01 6.592189377423745000e-01
1.108589078438967923e-01 7.230675926457085234e-01
-9.084329271312722165e-01 -7.115730689512524132e-02
6.243165540369314259e-01 2.143219832528135416e-01
-6.720752801155204237e-01 3.499450516707369174e-01
-6.896848007467338837e-01 -4.315336266128541598e-01
-5.459591844836223506e-01 -5.756584755793665575e-01
-1.507844892531616243e-01 -7.012083767798649170e-01
5.782775807562963166e-01 -3.213060927053099092e-01
2.091977058990563132e-01 -6.283045210754267806e-01
3.463344140243490576e-01 -4.653724212290230589e-01
-2.442747860399173965e-01 -4.676484947456494567e-01
-5.033952925436214754e-01 -1.980052783993208887e-01
-5.441340611122281734e-01 7.578844635342311953e-02
3.191266949961828470e-01 2.016495807093444115e-01
-2.581454335690352431e-01 3.764491665043224189e-01
-2.946753813735630834e-01 3.326593101697181698e-01
-7.230456421694093916e-02 2.516008006031802968e-01
-2.149283568319967086e-01 -2.057075460278483259e-01
3.553611406701288611e-01 -6.074005663159954410e-02
8.433041059319919264e-02 -1.688408732120775801e-01
8.205272967870087808e-02 -1.188466284630467079e-01
