-6.872696813611089972e-01 6.012530580583378415e-01
2.549009287533650081e-01 9.436243117918110546e-01
-2.109859590246642227e-02 8.633740965174369064e-01
8.064816897744768731e-01 5.512701852515141665e-01
-5.945817824478073083e-02 7.710687348538453056e-01
6.415867289565887477e-01 5.940500591059015845e-01
-5.359243711655115039e-01 3.511806894458840422e-01
-7.237218486408855123e-01 2.888529179626299695e-02
-5.890925970165634684e-01 -6.856028558659934546e-01
-6.927204378309821386e-01 -3.231774641920988067e-01
-6.675350188991351352e-01 -2.696452182239015283e-01
-1.927247126798526944e-01 -8.849506759370356912e-01
6.816330968308390581e-01 -7.172653166568285776e-01
2.232646443753118770e-01 -9.320757039663819521e-01
-4.893477737824416390e-02 -7.123196918120323629e-01
1.571242944077708981e-01 -7.302910690514513581e-01
3.763550627144340299e-01 -6.997215407882730887e-01
8.934625407872421876e-01 -2.710031256779993902e-01
6.319688354894178461e-01 -4.179811021082249223e-01
7.830795241897765546e-01 -8.880676275436004408e-03
4.869129604602759898e-01 4.610269255279604850e-01
5.825407558628679094e-01 3.185691344802124569e-01
-4.468442077602428064e-01 -1.557324438006627287e-01
1.716602465797217036e-01 3.232384183069019756e-01
-1.108537488206308846e-01 2.628082650612855176e-01
-2.858092167724261556e-01 5.697366292418026140e-02
-9.070796587216239937e-02 -3.921721281641736834e-01
4.412261342680444121e-01 -1.957653678499516325e-01
3.766608924368429756e-01 -1.804241455209867678e-03
-1.101748531671762205e-01 -1.886010152601150514e-01
1.594495111132682164e-01 3.038258194136832756e-03
