-8.572796037964304228e-01 3.266817021591146286e-01
6.093140841714228539e-01 7.621276574883214527e-01
4.678810272050848429e-01 -8.831701773925239030e-01
-1.821834813700868860e-01 7.927983672475843457e-01
-4.323017724502218884e-01 6.501675886214953737e-01
-8.204910843836722423e-01 -2.714746577734190036e-01
-6.945460552160722667e-01 1.927929652922788506e-01
-4.348870920791598760e-01 -7.854850487354463340e-01
-3.937974123918593916e-01 -7.192793370631669347e-01
-6.380494660950287722e-01 -4.145674613918847173e-01
8.226159696434801605e-01 4.736151530482815009e-01
8.333864674763191704e-01 -3.865481973190353915e-01
-5.266182437273070338e-01 -1.930720357475834426e-01
-3.631519222027438931e-01 3.687439000171352510e-01
1.894965412168196361e-01 6.751616562837557955e-01
8.224990897817598956e-01 1.374555851385565186e-01
7.595493354492958149e-01 -1.409559118430588065e-01
5.923333588987876874e-01 -3.531124106962869602e-01
-9.908482690031672480e-02 -5.995205912561303307e-01
2.737907006666456811e-01 -6.075567998813187209e-01
-2.835182446714237248e-01 4.399939751721911735e-02
-1.819509104855221160e-01 -1.658046848769662296e-01
9.447989771841194817e-02 -4.628871578773847695e-01
8.885962933314310586e-02 -3.409509718271086509e-01
3.499327202017868954e-01 4.503958486900624392e-01
4.931698456685885135e-01 2.597299924596019327e-01
1.131462507195412914e-01 3.323890494332052969e-01
3.771546337515058189e-01 1.024497498190937578e-01
1.649965884853842046e-01 6.521028535233656942e-02
