4.599625255060855733e-01 8.717109882814136901e-01
9.428623589662681326e-01 2.966349890559634717e-01
-6.080452007301704320e-01 6.709105018340306703e-01
-3.720961239537315390e-01 -8.426015610220554120e-01
-6.548264844607933899e-01 -5.581662964646081360e-01
-8.553932266795045702e-01 1.165483282934830656e-03
-1.022534156978490011e-01 8.216486345001082769e-01
-7.243491998028278589e-01 -1.576737594769430650e-01
-6.589543449547294873e-01 2.929552331116986319e-01
6.064327761491498242e-02 -8.618754068880614128e-01
8.060365147450581080e-01 1.224616958863530558e-01
7.215395244281688214e-01 -3.275578174703421830e-01
4.424101533948234799e-01 -6.744902738289927369e-01
4.665979919458256298e-01 -5.854118226546632942e-01
-2.359562717281537755e-02 -6.601192644951427990e-01
-2.079668990542017371e-01 -5.698077424630830778e-01
-5.294471896753072393e-01 1.487132087744166553e-01
-4.681100193978480206e-01 -1.031797698453601475e-01
-1.953464991713484700e-01 -3.886028002856067864e-01
3.434245172892816944e-01 -4.672371645173925558e-01
1.813523098698399394e-01 -3.816391011708362702e-01
5.426421198531651280e-01 2.847082153581189101e-01
2.949444409856798455e-01 5.658261533689029621e-01
6.826081173143588865e-02 6.585394086910597577e-01
-6.871558759067204758e-02 5.592451760263632554e-01
-1.377600999340306553e-01 -1.757198705372719702e-02
1.437837004701676968e-01 1.271794890680517376e-01
5.553213103443251780e-02 2.229691357242836736e-01
-1.628407171073866302e-02 3.613505514406430974e-01
