7.026789647860605392e-02 -9.929929069092670035e-01
6.302546779972162394e-01 -6.356389088360360207e-01
7.907900755462954345e-01 -2.219208921872189433e-01
6.618871311526779433e-01 5.515430565488367298e-01
1.332965462315071625e-01 8.247615704335291564e-01
-9.689631704734059936e-03 8.454447970868558260e-01
-7.087141412983731792e-01 5.569726814433730855e-01
-4.232852612090839406e-01 7.140358127038267666e-01
-2.372936986925722747e-01 7.640748438056548242e-01
-9.281291106534246271e-01 -3.169976151647938556e-01
4.048589518028800072e-01 -5.554829262359608499e-01
5.011802187046977552e-01 -2.119959771117865266e-01
5.090474226135913716e-01 1.912645501237945911e-01
4.349564770091533528e-01 3.896045218657523401e-01
3.057939163387956016e-01 4.598539404837642119e-01
1.084701859131134150e-01 4.616901836434300077e-01
-6.011173217452296935e-01 4.161282020933496639e-01
-6.566133540688557924e-01 -6.655386821941972064e-01
2.326217725812123605e-01 -4.765119804927044900e-01
2.308537292562554966e-01 -1.563714336964662456e-03
-4.134354249773376788e-02 -5.683874858740765035e-01
-3.971798230829293730e-01 -6.365637293281706244e-01
-3.025136653703049960e-01 3.138701481693951800e-01
-5.848313968538343399e-01 1.130828380141292722e-01
-6.131541908599174029e-01 -3.635279777449512695e-01
-5.824734307109551423e-01 -6.499292393030745019e-02
-3.327663904669359574e-01 -3.990503035881253768e-01
-4.280302301113712571e-01 -2.868425982990197021e-01
-3.518622812070406614e-01 -6.301039578038213074e-02
-7.766717138140305857e-03 -1.542237110163499625e-01
