8.891198735449544754e-01 -4.434002735154422004e-01
7.388225725670312105e-01 -5.350793623762077900e-01
9.034776004368828550e-01 1.643470712704215020e-01
3.674356144493186593e-01 9.187987951726943603e-01
7.582900765197297943e-01 5.019839186655944419e-01
8.051989191689070680e-01 -1.702513832011711969e-01
-4.506276217481731683e-01 -7.564545457720068811e-01
-1.590630765181860196e-01 -7.998669391469500622e-01
-5.559424461320890964e-01 8.150632784271047981e-01
2.637627965773044481e-01 -6.076636133417724350e-01
3.549282143924452071e-01 6.349591468350707091e-01
1.735548075727961770e-01 -5.033511159946606472e-01
-7.732676388207991858e-01 -2.944598345638010373e-01
-4.742809756126710186e-01 -3.756559413394366942e-01
-7.946004250121411205e-01 1.349547021248610479e-01
-6.965554643936596735e-01 -1.214847898749330107e-01
-6.711079552576404428e-01 4.645273084916745066e-01
-5.174057508719716036e-01 -5.313057970646568179e-02
-2.831093924867250644e-01 6.609096336552662265e-01
-6.427609077803092541e-02 6.354719226189695647e-01
-4.888816719675389000e-01 3.021420450727293483e-01
-3.793720412597169633e-01 3.885774471728656865e-01
3.688040063539894664e-01 -3.281191252599690023e-01
3.984228442137441872e-01 2.139204133986772616e-01
-7.480275167069910802e-02 2.514966909663859385e-01
1.127413481591355571e-01 1.955889831648792709e-01
1.247262792537324055e-01 8.063984478403915523e-02
2.134450442282893601e-01 -2.651506962123752545e-02
