-9.917555979820839029e-01 -4.367662310366687145e-02
6.837033673679755730e-02 -8.471661301352748641e-01
-5.174418105620791630e-01 -7.303391326204289324e-01
-4.328383540333974877e-01 -6.957852495980119123e-01
-6.539453231741885197e-01 -4.746275171655342517e-01
-3.020651670451695095e-02 -6.835296794807934617e-01
-6.961591082545932618e-01 4.835133691514976739e-01
-5.643753003766790455e-01 -2.307869035315509854e-01
-6.143627242112617570e-02 9.790923320936183449e-01
9.068681843672677934e-01 -2.614100498684156504e-01
5.724204637719852995e-01 -4.764936354746853175e-01
9.286160625950953262e-01 2.496515207530705382e-01
8.503127963333100281e-01 3.305721386713350758e-03
1.344570972875565873e-01 8.654200333466268713e-01
4.036453530772548537e-01 7.493823107122988825e-01
7.280422761201826853e-01 4.720560259318627994e-01
-4.815529428788482003e-01 3.181376088585908812e-01
2.771719021195162003e-01 -3.686736871353647471e-01
-2.446460777391213093e-01 6.009726161554010959e-01
5.684345470196530137e-01 -6.450736117315176987e-02
5.094185802583418576e-01 3.667443087156549431e-01
4.616331893391289465e-01 1.655368556218550502e-01
-1.092222109139783653e-01 5.184013235386584206e-01
1.299608237452733461e-01 4.074814308434612231e-01
2.295453670750558783e-01 -6.398708031658804918e-02
7.460789888516808355e-02 3.626375714491963248e-02
-3.125435271541796567e-01 5.648912066211597000e-02
-1.860523580494090334e-01 1.440183775960672541e-01
