-8.117049476295803423e-01 -5.763051067294602259e-01
-3.863316692163345500e-01 -8.343887268080660835e-01
1.406832134500785592e-01 -8.712352157948614062e-01
6.665938635346810859e-01 6.688560241112788685e-01
4.628404377368792733e-01 8.327893715580765299e-01
8.856795430936076352e-01 -1.884071500751936523e-01
5.176257620041900820e-01 -6.021779014585812995e-01
7.886869835854091182e-01 2.904250913698376291e-01
1.593880692019765954e-01 8.246268305541342158e-01
-2.069060115247263812e-02 -6.610459991903669952e-01
-7.925459057459045553e-01 -1.396417075554324538e-01
-7.801027239358562237e-01 -3.978608393232285073e-02
2.646033071554548810e-01 6.244527835915396619e-01
-3.246657091847773846e-01 6.472361655677012493e-01
-1.277282104569154308e-01 6.640616041351203869e-01
-4.974921026708013505e-01 -4.158695309792955763e-01
-2.799017094550997342e-01 4.834191427182562006e-01
-4.999571253326445808e-01 2.836245294001863426e-01
3.082172309372843144e-01 -4.179662637406459380e-01
-3.349249847052040430e-01 -3.993198853148817729e-01
-1.595846935056014215e-01 -3.149507290723123076e-01
-4.983970476852041531e-01 2.201292989834741781e-02
-4.030144983438553319e-01 1.716085237831599386e-02
6.483702088197800251e-01 -1.148883940758386041e-01
5.874749939112284824e-01 9.230032735393881027e-02
5.542774543820274680e-01 -7.737017337320289956e-02
3.370189234693303781e-01 2.843123032718227194e-01
3.228046681047750943e-01 -4.808164721314689416e-02
1.031308831151119404e-01 1.483480349396972160e-02
-6.284227501182645600e-03 2.214142036999220964e-01
