5.543749499178661777e-01 -8.165631175108349904e-01
8.981756231334406815e-01 -3.480518186942649916e-01
-9.271122179113088224e-01 -3.257606021046575706e-01
-8.552112743491300240e-01 4.911207772511163583e-01
-6.538333969673004731e-01 6.791353867814201584e-01
-2.802631783081107053e-01 -7.861442618001243110e-01
-5.058292706983035236e-01 -6.196339675787148060e-01
-6.280812454356428098e-01 -4.703022569679935483e-01
-8.509708098432100520e-01 1.532390360110599536e-01
9.513135417556789486e-02 -7.863537637077058218e-01
3.939199457200940335e-01 8.176061778527288215e-01
6.576516747864803447e-01 5.347044224196028095e-01
-2.896478399293104800e-01 7.616814558229163534e-01
2.095846331108085214e-02 7.529105499152493053e-01
7.200619522987286025e-01 1.843918409583220341e-01
2.974782238721930816e-01 5.913975389750395495e-01
-6.099269907414078817e-01 1.876370900451497792e-01
6.894039314728424017e-01 -1.039612510532420403e-01
5.421390988840558700e-01 -4.287857538026424442e-01
2.201128625801283545e-01 4.637207119972401315e-01
-1.416120302991472624e-01 4.474963416603141009e-01
-4.287640043509484689e-01 7.176171170686718170e-02
-3.909970940805703732e-01 1.396999017924736852e-01
5.285786796093567830e-01 2.680307974378631775e-02
2.774341012416489116e-01 -4.164536009902666258e-01
-8.880561513697342313e-02 2.094750433300907322e-01
-5.683997845886545192e-02 -4.124094701430119358e-01
3.923466119380415403e-04 -3.395092517748856120e-01
-3.106874874830885605e-02 -1.623107393399375320e-01
3.332089917460628326e-01 -2.301425840044512422e-02
2.393938972701807333e-01 -5.931416611601073724e-02
