9.542458793428038044e-01 -6.690536266293535365e-03
9.022828110801758283e-01 -1.852891122288415626e-01
4.275183369335670003e-01 -8.626344597882388276e-01
1.783363675895120737e-01 -9.776216917599891421e-01
7.482624153730482730e-01 -4.219712814658223565e-01
-2.751386800981488467e-01 -9.494638738130071198e-01
-3.627135569676849247e-01 -7.712619378205499698e-01
-6.846669180966278301e-01 -5.513726813175356956e-01
-8.288075436477987390e-01 -3.179594641842949931e-01
7.056621765078476827e-01 1.972861895645686703e-01
-8.973469094432970916e-01 3.024666289207023628e-01
4.910072918733135450e-01 6.720326646208080179e-01
-1.484732452251775192e-01 9.577833180919685940e-01
-3.264841822939111848e-01 8.678624733820691217e-01
-7.440332034262540084e-01 -3.063527905878483601e-02
-7.448227821918409486e-01 2.228929407046159328e-01
-4.287749777817424501e-01 7.307416692598274199e-01
-5.794986261230765656e-01 4.821588529477863205e-01
2.105072547024878712e-02 7.989210554180107282e-01
5.911292476874041579e-01 -1.170149936600135832e-01
-5.541703833229375542e-01 -7.416115862105210343e-02
2.130937978095153174e-01 5.888961092700562006e-01
2.988762137891582404e-01 3.701442615378979228e-01
5.909819059616123853e-03 5.160657955006090480e-01
-1.318297578425903227e-01 3.858963167311662557e-01
-1.408744289074164158e-01 2.447921919571848237e-01
7.793450011119573695e-02 1.966487670397966403e-01
-2.267981208566341098e-02 -6.049050653051997184e-01
-2.483499936790276863e-01 -2.309077213787550653e-01
1.999366709448852641e-01 -1.785858474528129736e-01
-1.211362136443388526e-01 -3.965244567009801324e-01
6.635827888534287511e-02 -3.944509246963346927e-01
4.244505774445480467e-02 -2.581261592732819743e-01
