7.132468306333511476e-01 -6.033420588781116534e-01
4.167922235612904203e-01 -7.907283752508399433e-01
-2.918531794772922239e-01 -9.361765490775685317e-01
-9.645559793450112496e-01 -2.638754040519083466e-01
-5.095499317878201540e-01 -7.287140272197014657e-01
-6.367427158974434676e-01 -6.345462400839724237e-01
-1.405529548264276190e-03 -8.288494929629096619e-01
-7.458001742458465477e-01 -3.835475567443117351e-01
-7.998548058659515902e-01 -1.327403421952101648e-01
3.284920973046399073e-01 9.382937095803516314e-01
-1.211238009568970514e-01 9.366498570889828512e-01
9.357509477219272398e-01 5.568672412607447719e-02
4.264170883182218375e-01 8.055569849898562840e-01
-5.559540824777291501e-01 6.751707438340537326e-01
7.647445151129895757e-01 3.176931574156238725e-01
-2.237791887733724394e-01 -5.214553668938173292e-01
1.722111222179598666e-01 -5.843733815878997540e-01
5.158079530647280420e-01 -3.520252913298778097e-01
6.645569221673321980e-01 7.339236461371499709e-02
5.006216458829523264e-01 4.581618559608593988e-01
-6.123118386704811122e-01 4.198418618838715699e-01
-2.430134807836928923e-01 5.417568407134648600e-01
-5.021264246235934703e-01 2.015951891612653701e-01
-4.003568556554314428e-01 3.471156533894363960e-01
-1.566232729223767661e-01 -3.286837543413126950e-01
2.947330510274791537e-01 -2.098032957317209068e-01
-2.456360028809963514e-01 -1.186350537186590254e-02
-2.707476682131104706e-02 1.863968749834820082e-01
2.960612784287843247e-01 2.721317656486553216e-01
1.504776568929004077e-01 2.101744478065042943e-01
1.343117252760008540e-01 2.961077733104724996e-01
