-9.480196932994813114e-03 9.873392349640485177e-01
-8.971223284341843796e-01 -4.104231921288057916e-01
-4.914198672949846025e-01 7.321527300094277102e-01
6.408634521803489026e-01 6.725984422541415597e-01
2.069896652507257143e-02 -9.461432917163514755e-01
-3.902338888064575961e-01 -8.248122146908064556e-01
5.773319439728027413e-01 -7.478180272299904674e-01
9.227519758437532360e-01 -2.556581958624256079e-01
3.456728787515155887e-01 7.717560739067778064e-01
-2.553347627125336361e-01 6.565786825797768067e-01
7.313174775282301754e-01 3.602109673664860012e-01
2.598481417824043405e-01 6.452545687857889067e-01
8.333594311802452470e-01 -9.565643596961379003e-02
7.553947164722365493e-01 -2.527105335900478589e-01
4.596526679870377441e-01 -6.508599755603072801e-01
-7.888467597816324339e-01 -6.124576056914298600e-02
-6.629192675104331745e-01 3.155620055457294404e-01
4.486538511708428323e-01 3.896332519186307963e-01
-1.272602639456141826e-01 -7.636322723923765210e-01
3.021822967363906876e-01 2.649281725479125660e-01
4.546095765902465891e-01 -1.338340603112005145e-02
4.246852892854962591e-01 -2.022245793890611598e-01
-5.774614317736911362e-01 -3.883718024183002160e-01
-5.818236249078253541e-01 9.378828960043918139e-02
-4.935049371416382891e-01 1.406260147928453108e-01
-2.080858437955115658e-01 2.598424091505298072e-01
-2.063336155009760364e-01 -5.571598329008228268e-01
-2.890189430984275165e-01 -3.369700261596820234e-01
5.793659090708070530e-02 -3.490733123972133978e-01
-1.784352326680074124e-02 -1.114902087766126912e-02
-3.521625569027135583e-02 -1.588354335316358446e-01
