9.204840538075840239e-01 3.843075022354440207e-01
6.307607276909111826e-01 6.062267247297147277e-01
-8.524436814538325358e-01 4.899272337938360700e-01
7.136903206424326518e-01 -3.719399377847615873e-01
1.421055091991880182e-01 -9.440959019553625264e-01
-1.394108272141621474e-01 -9.469152222631669336e-01
3.763400061905278204e-01 -7.311155330764894655e-01
4.852258943250380985e-01 -5.713618713492025769e-01
6.230894215703468575e-01 -1.176308550622666600e-02
5.773300723920574695e-01 3.287422852027402920e-01
-4.639160216951436488e-02 8.159361623999830115e-01
-2.705847252581677909e-01 7.652950278085184355e-01
-5.135156270151038926e-01 6.320983592278222041e-01
2.665445234647395578e-01 6.037789712797978492e-01
7.338589188912603145e-02 -7.417560196479727752e-01
-3.464155457417135153e-01 -7.484037733775854573e-01
-8.076799049476741654e-01 -1.274932574742530522e-01
-7.204850543264151863e-01 -3.472839910896147186e-01
-6.119611274845772053e-01 -4.601709934351707609e-01
-6.897347743415861432e-01 1.242007301230986238e-01
-8.556940456267783657e-02 -4.910519305904713083e-01
-5.724158455798460388e-01 -2.130406457057649472e-01
2.309858424396338608e-02 5.308415825387141629e-01
2.998255154915868692e-01 9.956553254387782992e-02
8.693044653627624019e-02 -1.519345793370703857e-01
5.755402803613396401e-02 1.930083729225348654e-01
-2.133847194590763052e-01 -5.121104450530719610e-02
-1.046106121749478257e-01 2.098655026381141819e-01
-2.096731133478908216e-01 1.497246020160648283e-01
