9.795347209448435066e-01 8.131170481142695194e-02
6.464333405540522159e-01 7.242009086835262677e-01
5.378058258612307130e-01 7.541106918109017343e-01
7.146130863326053406e-01 -4.688555339574350111e-01
-1.193820069794630373e-01 -9.523625725698643407e-01
2.600828292430799049e-01 -7.613659504522498622e-01
6.511995627982475332e-01 4.418389411386697829e-01
-6.054998922448532328e-01 -6.807973833307778833e-01
-8.782443049471592156e-01 -3.465171077520213250e-01
-1.815189127930023627e-01 -7.107989917842983951e-01
4.253171529955091512e-01 -4.092384229417878605e-01
5.521176161874185029e-01 -1.459633606580375796e-02
3.266269381786142678e-01 -3.480909934283772378e-01
-9.476546963880652652e-02 7.568349364679741731e-01
-3.820513669577808580e-01 6.949305452574467967e-01
3.248526197506241275e-01 4.897399935253609060e-01
1.702301350779152900e-01 5.541130365515929412e-01
-8.044617169346409691e-01 2.802660996313755537e-01
-2.988232673768398961e-01 -5.779891412554849506e-01
-7.667733204457882756e-01 -1.213570755322383871e-01
-5.101481606784017409e-01 3.780799281367170916e-01
-3.095636520936537739e-01 4.359805403814860369e-01
3.109622735696785933e-01 1.669670694238431230e-01
1.236118127745466228e-01 1.325429019470091285e-01
-4.401438183580738683e-01 -3.417790719034738967e-01
-1.699089066528378933e-01 -1.654701665078534556e-01
-2.908633196162341283e-01 -1.275732200496055846e-01
-4.939604400881649759e-01 1.122594814260553242e-01
-5.483140781081313753e-01 4.178998331643401370e-02
