-4.316029552022097038e-01 8.656992698029175592e-01
-9.794603250620396162e-01 -9.650324483950684096e-02
-9.467745681062421648e-01 1.936309352098002645e-01
6.463706578850560991e-01 7.606945169975849463e-01
9.274681824519546147e-01 -3.570702829268427858e-01
7.722295664807382609e-01 5.954136758883793457e-01
8.841200648825467967e-01 2.767823948197313810e-01
6.716366082015818861e-01 5.346004601503936415e-01
8.195398750442403069e-01 1.260331495464599161e-01
8.039490799209991767e-01 -1.694500753583869923e-01
-3.163651722006410316e-01 -9.185661482394188448e-01
-5.120299593017670903e-01 -7.557655541297704227e-01
7.936269703348056148e-02 7.462426290359253089e-01
-4.193577977526596334e-01 6.479166714978048525e-01
-6.828166005601685740e-01 -3.544614458776152444e-01
-6.934716260679278932e-01 1.998638242049073088e-01
4.468518990920704037e-01 4.810643622956054521e-01
-4.941431784919078085e-01 3.683877638199581916e-01
-2.987069476397066770e-01 4.923740333253958101e-01
6.393194208887505170e-02 5.291899454614036324e-01
7.722357164479856824e-03 -8.279440585017929788e-01
3.731975308242220790e-01 -7.093871019098596520e-01
4.241728394449855721e-01 -5.227969950828387224e-01
2.295202532561284869e-01 -6.618700156953342129e-01
4.881506435347310879e-01 -3.845632744058539304e-02
3.789854764188921310e-01 -2.539454462673403357e-01
-2.807381274562528173e-01 -5.754355372014169356e-01
-3.275591634538283503e-01 -4.900333732251749286e-01
-2.161073767146681063e-02 -5.084244890500785319e-01
-3.815782419141210968e-01 3.724975074913641077e-02
-2.745117643729901302e-01 -3.741359278753114692e-02
-6.981560040928125842e-03 -2.952625610359092545e-01
1.446538674986737327e-01 1.766627302625812523e-01
3.534447919681035083e-02 2.129618561620688633e-02
