5.149689692698716792e-01 -7.986020998935609017e-01
8.347718104933730121e-01 -2.468507593405173672e-01
1.983913677774888987e-02 -9.399499762949045101e-01
3.248320224892318198e-01 -7.858435536291206169e-01
-7.787466947235344161e-01 -5.435415277413886415e-01
-8.617191545077358683e-02 -8.546517376643957276e-01
-9.298305581793512298e-01 3.051314666471448001e-01
7.370519794474598152e-01 -1.727039289616174589e-01
-8.518340353780490259e-01 5.544654328791556036e-02
-2.935765008402366205e-01 -6.820763960201425835e-01
-3.952739287690728021e-01 -5.635646515052966654e-01
-6.033381901056252827e-01 -3.490395716879982624e-01
6.812920399269537519e-01 6.459036688883681432e-01
-5.960149706072307429e-01 6.307139331648042857e-01
-6.510400893712943171e-01 3.732796511618500235e-01
6.680726506207832482e-01 3.993973183241406599e-01
6.263537842141969625e-01 3.497640167035802605e-01
7.846020774206861892e-02 9.269606930780822651e-01
3.595984722146227108e-01 6.635616193791178397e-01
-1.262525339621044240e-01 8.240527371684213120e-01
-2.423051395299986588e-01 7.490292471154013088e-01
1.989049858672202742e-01 6.197157210838796226e-01
-5.047712147839411578e-01 1.547731822375428105e-02
-3.709228909846294386e-01 -1.935876461433981288e-01
3.534205337126720692e-01 -2.945748324303564813e-01
-6.612393674220129469e-02 -3.583666270166835921e-01
1.576207891025075969e-01 -2.161903234894269887e-01
3.089638054914424781e-01 4.331491823674455538e-02
1.346076128812335460e-01 1.374263263448019801e-01
-2.496769298001038084e-01 4.809403595991294522e-01
-9.517466311750812091e-02 4.818772983413905364e-01
-1.073891263782314059e-01 3.294705029547796427e-01
