-9.675590877350151997e-01 -1.945801597676045380e-01
3.056979343572162056e-01 -8.290410779246319972e-01
4.574211663055808841e-01 -5.929620139504585552e-01
7.804988246724406387e-02 -7.590031720839452989e-01
-6.692114635358016317e-01 -4.833835279602255453e-01
-3.472123678606037211e-01 -6.861239611829310636e-01
8.638168903533508525e-01 2.026820640340821211e-01
7.433081404386602253e-01 -1.284846937129187072e-01
-1.448596093594881618e-01 9.369425130529697165e-01
6.901881152897667571e-01 5.702078149367445503e-01
6.847954463904947220e-01 3.990094636638780168e-01
1.062492878630322546e-01 8.666814457013505280e-01
2.951657884520665909e-01 7.636834060176364014e-01
-6.786760668477063163e-01 3.657009088367447203e-01
-4.753929873420785768e-01 5.664432696306324067e-01
-6.847653099768133966e-01 -7.315967036599575757e-02
-3.613231946172630882e-01 -5.300130706526932078e-01
4.227155491937352183e-01 -2.893899169106183278e-01
-1.987257363535839261e-01 -4.510605615728334739e-01
-8.755825960072710634e-02 6.391345466194279235e-01
-3.881503012022355370e-01 -1.081183891051413701e-02
4.612519077222201336e-01 2.792234881343103603e-01
-1.104339899979611857e-02 5.279291970266904999e-01
-3.128045576489244667e-02 -2.826934732055757515e-01
3.435205193255576606e-01 1.673999862318774901e-01
1.485037368400436431e-01 -2.275147770174611173e-02
-2.600229256854403315e-01 2.351377317777510745e-01
3.552382242691025371e-02 2.280535774770444946e-01
