8.023418057968739747e-01 5.747189348645956875e-01
7.166063700101393819e-01 -5.534739515263966680e-01
-5.640298176275550940e-02 -9.753786728355493540e-01
-7.754288365884609568e-01 6.033170715453315402e-01
-5.154939759632134466e-01 -8.089937714235297950e-01
-7.314262259639668917e-01 -5.814007278143280555e-01
-9.218707185623719047e-01 -1.424459108525732431e-01
-8.267273125330237837e-01 2.848641223866552052e-01
-4.539879037735656819e-01 -6.486157133135117547e-01
-5.188736107316922058e-03 -7.290473157183556818e-01
2.536449952979707434e-01 -6.963511068510359614e-01
-6.627188975623239386e-01 -1.122234869579444017e-01
-6.306397911256970135e-01 -2.015132751691304513e-01
-5.729906326653446680e-01 5.044883702204688847e-01
3.390769495721859261e-01 7.013244186861821161e-01
3.342677505256669845e-01 -4.600031943751279884e-01
-2.151986063479094935e-01 -3.756803159712007179e-01
3.740423496898537814e-01 -2.603288652693987459e-01
4.444408090918088861e-01 4.291539445642700290e-01
5.107870980651284532e-01 3.009847205353866628e-01
4.427156358206196796e-01 6.081157841794284681e-03
-3.542699078104812882e-01 4.779243219125064446e-01
1.014608972266949349e-01 4.642262460705783300e-01
2.674892936699956314e-01 3.053872299083910113e-01
1.253699694095155616e-02 -2.909143266774606440e-01
9.437063484589637563e-02 -9.687771594317454160e-02
-2.037986899844481392e-01 3.887880400441012796e-01
-1.879514835167337417e-01 1.958410018173541711e-01
