9.697857735568592430e-01 -2.088294620013478320e-01
1.599907425544569786e-02 9.990613312806748691e-01
2.861566061162371666e-01 9.084787241677282355e-01
9.152424064306284857e-01 2.510705082883241679e-01
-6.823466055677221975e-01 6.254146757813681123e-01
-8.498675302670904985e-01 1.621739997561153779e-01
-2.875861570562615044e-01 -8.500177271585397376e-01
-6.207690686134642588e-01 -5.145996658001348312e-01
2.516939906365239232e-01 -7.722467133650242621e-01
-6.499953564750811374e-02 -7.367536721625647100e-01
8.356841986908257747e-01 3.272875958234857524e-02
5.974056449936159252e-01 -4.099725453852891555e-01
6.028356464500231882e-01 3.288425629374533421e-01
2.726300233877518298e-01 6.370315012849971925e-01
2.567340690201719844e-01 -4.959135045267051844e-01
-3.651635073727328984e-01 4.534115360804567008e-01
6.433670368329462257e-03 5.902243571598374539e-01
-5.163520760563740097e-01 -5.581642997558723673e-02
-4.933162136730832037e-01 3.165761137784351559e-02
3.984673020609475619e-02 -4.007098575854559086e-01
3.608828025024184982e-01 -1.706532925006044310e-01
4.079499429598843485e-01 2.360716962011237263e-01
2.673858801372284155e-01 1.313638232545019380e-01
9.597961786441952525e-02 3.158589966838009633e-01
-1.233310491782615009e-01 2.247235837065066355e-01
-1.975540253263265988e-01 -1.209045446696316584e-01
-3.611092371296124176e-02 -7.220958981140142285e-02
