-8.047025092247191980e-01 5.341613718940736444e-01
-2.654913543712316693e-01 9.325585232481732323e-01
-4.793412343237878903e-01 7.982560693544404895e-01
-7.811006730897480654e-01 -5.158239428171611518e-01
-4.862997674755865085e-01 -7.689988367694455818e-01
-6.333482129174435871e-01 5.833587240367651416e-01
-7.103344899370699350e-01 3.214758043767637630e-01
-7.232250645238209596e-01 -1.795248601079446338e-01
-6.465459946450609063e-01 -4.436082549641827133e-01
8.891961888631456645e-01 4.226724586095148006e-01
4.844701281799450032e-01 -7.676200723214829935e-01
6.523182670325599064e-01 -6.249802352506989012e-01
4.603891851096700294e-02 -7.462529347579036632e-01
8.712752635860626649e-01 -1.630641286350440755e-01
-5.171356661725019510e-01 -3.631293912762046383e-01
6.957063506452243473e-01 5.385748275483930314e-01
5.999342868888962038e-02 7.586584158014774149e-01
-1.560897362513905262e-01 6.360494612253370095e-01
-3.339319479967984838e-01 3.953614367950499808e-01
-4.967775944202491578e-01 9.052449553426698825e-02
3.226698424638274609e-01 5.955027374224559633e-01
7.847020130445478414e-02 -5.101687822266821604e-01
-1.679605383933596152e-01 -2.530194162655641232e-01
-2.308571525903876098e-01 1.154477402238913118e-02
4.823411912411411651e-01 4.208670078533971459e-01
1.611653816089492763e-01 3.380606503968363041e-01
6.183667256490996689e-01 -2.626932364838316381e-01
5.202187616201296994e-01 1.199334160548923278e-01
4.133734801541637527e-01 -3.218895105963399117e-01
2.017404964615608365e-01 -2.420174515143705962e-01
3.019957672560158457e-01 2.954014426880909386e-02
