7.755433391175001745e-01 -6.158838751733590744e-01
9.873414527872371727e-01 -1.439054001851415854e-01
9.419025308148125664e-01 1.411126320351061836e-01
7.617950452893474944e-01 -4.261895364462045532e-01
-9.747273944406599222e-01 6.742087695026068028e-02
-1.635453439118414731e-01 -9.036848677592220769e-01
-6.172665642090117144e-01 -6.224221330188483003e-01
-4.618456903894873622e-01 7.711029575457433172e-01
4.395411722038493063e-01 -5.916040210973637636e-01
1.274687493992731069e-01 -6.934052814137344756e-01
-2.509864851512997319e-01 -6.536386780912581962e-01
-4.184238254866465279e-01 -5.014292410214499229e-01
1.661761687477025518e-01 -5.421248256967865498e-01
-7.050203673440510466e-01 3.615646506333456967e-01
-7.093971953484827786e-01 -3.104828356516679128e-02
7.420261617807258903e-01 2.390766529158650511e-01
4.133077788701448874e-02 8.192581186169813900e-01
4.472760833445093009e-01 -2.347360435299103709e-01
1.970663914749219703e-01 6.600981562319947482e-01
5.394712466565086961e-01 3.484898194339740018e-01
4.761475427529905935e-01 4.068517960483877260e-01
4.251839323530416381e-01 3.664001179012570109e-02
-6.749912172895608520e-02 5.840542201201671668e-01
-1.932613094701592094e-01 -3.047763770408732364e-01
1.652694123583345331e-01 2.697887521496286634e-01
5.534183122416508338e-02 7.322255018323339804e-02
-2.238449471110096622e-01 3.764678534480498384e-01
-3.867740816019575867e-01 2.290462706441415142e-01
-2.007716515773811106e-01 1.270975572911049178e-01
-4.030476316850016283e-01 5.856538829160067017e-02
-3.599159777436376495e-01 -3.772673942186062501e-02
