4.566175778684667952e-01 -7.956084154085208970e-01
7.720867948354609434e-01 -4.219638148595801219e-01
-5.806005747047786603e-01 -7.408328025149488738e-01
7.744364653199434789e-01 4.201478244118533878e-01
7.101314092763596486e-01 5.769445445249522519e-01
-7.148950113129810824e-02 9.724658739600428037e-01
-5.406100283829784470e-01 8.097692146567559979e-01
-8.852800578155578526e-01 2.045168069242031539e-01
1.219300880877044746e-01 -7.699391710905110209e-01
-8.283794082636080081e-01 -4.898321074734467151e-02
-4.705603494735171033e-01 -5.933361564344875605e-01
-6.272445604978296729e-02 -6.541524033940282479e-01
4.422765429780007307e-01 -2.795223309323506267e-01
-4.837973136393265428e-01 -4.488133714525471274e-01
-5.623879726327640771e-01 -1.828480417377189582e-01
-4.942783419928243327e-01 5.393957788406463782e-01
-2.494481453530359438e-01 -4.004761708774111639e-01
5.569374606864269106e-01 2.952699008003140113e-01
1.869688438170997724e-01 6.890626054545528900e-01
-1.282712611871351938e-01 6.492352694373861866e-01
2.754125154160770861e-01 -5.890388589097229899e-02
2.949362950514787252e-01 7.168561999166468690e-02
1.915006811950801802e-01 3.409591671557790082e-01
1.006651225332428831e-03 4.814647965750808445e-01
-3.981967095255804501e-01 1.582423642053153723e-01
-1.828066610685132876e-01 -4.722104560610909663e-02
-1.596239196712371244e-01 1.215584736290698381e-01
