4.193178933516206741e-01 8.283158775049631606e-01
5.144326018329751227e-01 7.671397431383247811e-01
-8.443295007152955556e-01 4.241704294289346255e-01
-3.138580082483695688e-01 8.117607115477663005e-01
-9.517681040980836560e-01 -1.592398625885828589e-01
-9.365416487411513113e-01 -4.306693504191001776e-02
8.710995796102466437e-01 -3.615996795897474803e-01
3.732977833557671321e-01 -9.062552959707615985e-01
-6.736606763453030222e-01 -4.875511526034680965e-01
-5.151440408982680547e-02 -8.804731961465859236e-01
4.655544649832101811e-01 5.617114831191992730e-01
6.979164950957276181e-01 3.376843004144383098e-01
7.005246275335318407e-01 1.353440745839248338e-01
4.986866286337336418e-01 -6.525052780260734986e-01
5.197991498740019978e-01 -4.889037385871445873e-01
5.189209733513990841e-01 1.353212479680904745e-01
-6.821587720193175164e-01 -3.140257705866277005e-02
-1.067746027542097881e-01 5.921978675620014343e-01
-2.763193886776745267e-01 4.606154286683667443e-01
-1.733691653949170075e-01 4.642215303818276739e-01
-4.614102680667138134e-01 1.894024544118753928e-01
-3.118559361148326992e-01 -5.941029549395968612e-01
1.817412675842907388e-01 2.338319222864246871e-01
-3.520091748269773557e-01 -1.575641887614354641e-01
-1.441700065692536614e-01 -3.541005461890313344e-02
2.593747832140632648e-01 -7.808847612525438020e-02
1.571634118110743772e-01 -3.261249674458351899e-01
-4.659469618947961744e-02 -4.715394349406648589e-01
4.891130642788436671e-03 -3.842311745581739602e-01
