9.089675128392058490e-01 -2.367171471036570163e-01
4.492706875166426195e-01 8.912105565009240671e-01
7.283034319235891507e-01 -4.774094343198895252e-01
3.573951094319313682e-01 -7.699861923058516355e-01
7.269808248330685840e-01 3.464533050839079809e-01
5.590373169903309902e-01 4.951940548620158422e-01
7.177569209811823780e-02 8.371984868795765422e-01
2.546419956690866293e-01 7.202333369697261345e-01
-8.533254767157545384e-01 3.268399051939976374e-01
-7.039606286749647834e-01 4.595033492692701671e-01
-2.462162374254223685e-01 7.164624542529184348e-01
-3.829433954574783527e-01 6.395250857096638208e-01
-5.876557798430537966e-02 5.910141568643743071e-01
-7.869698725358167390e-01 -1.196278394818058727e-01
-6.945997023740668741e-01 -5.209323835500344613e-01
4.908975355583600209e-01 -3.252039630864753811e-02
4.903868830269354495e-01 -1.649472483356930752e-01
-9.694372562854215725e-02 -6.836917760071653527e-01
-5.588123165910851009e-01 -5.201046512844891279e-01
-5.748781306756111098e-01 -5.634808913781561707e-02
-4.782816587466980351e-01 -4.080139591344503214e-01
1.729928445640090129e-01 -4.429437986687219109e-01
5.295763243314246388e-02 -4.699827417078851211e-01
-2.479550948418287326e-01 -3.932203433361011191e-01
-3.401605711704040469e-01 2.504989833300999003e-01
-2.910855103681014855e-01 3.412249807523326517e-02
1.781697788273263194e-01 -2.225993744315176437e-01
1.735864374326555049e-01 3.221994255367490734e-01
7.215226271237611122e-02 2.280067185350851955e-01
