-6.027468525665553578e-01 7.853605054868733060e-01
6.390943726753415266e-01 -7.508892803618013589e-01
8.512882522652496231e-01 -3.535110078047328241e-01
8.615262762510537131e-01 4.038655200062375439e-01
6.852777241828423849e-01 6.952104533617124993e-01
-8.818240728846630239e-01 -1.794462688373376635e-01
-1.109420592003471512e-01 -9.454385496877502071e-01
-2.382863118416762849e-01 -8.560452263375596393e-01
-2.546400047751384288e-01 8.007209661005530998e-01
-6.000479585541759198e-01 -5.071099493945994130e-01
-6.369534694666231234e-01 -4.018492689556797393e-01
-1.037335071529394033e-02 -6.871280404571560307e-01
-4.723541077661598808e-01 3.649449763554100112e-01
-5.448798449832186197e-01 2.154617417603463259e-02
-4.660902755404372488e-01 -2.946297266877684895e-01
-4.106415761670079712e-01 -4.251928399644663847e-01
3.990499812626869258e-01 -4.489500582613857871e-01
5.046057557169365826e-02 7.112172500549654997e-01
2.098336515169858807e-01 6.595260771759117180e-01
5.301915467996346498e-01 3.507535392207838387e-01
2.449257970007812368e-01 5.277882885423211823e-01
-8.113270022958143923e-02 -3.822769090322712948e-01
-2.513006248872657333e-01 6.376742273822871843e-02
-4.915798068351955735e-02 3.456683771595827070e-01
4.907737153768775284e-01 2.347054560860580702e-02
3.095709682867334167e-01 2.355429938965162839e-01
1.924742465281570059e-01 -2.497110985870024669e-01
3.223689947878943252e-01 -1.103170946534670453e-02
1.033667469135942374e-01 5.275515088929019769e-02
