-9.043481015952734570e-01 -2.766230330754743116e-01
-9.419454954847372719e-01 1.064993501646562396e-01
-2.930044807309575283e-01 -8.591497887849603998e-01
-1.608251113436330940e-02 -9.004889409701574143e-01
-1.424597010920124474e-01 9.543453884011444677e-01
-4.082313450800049703e-01 8.157903500620641291e-01
9.170998157043344090e-01 -3.793722577839883092e-01
2.171030193838122679e-01 8.836717691324330604e-01
-4.803220976096204686e-01 -5.490378489460415734e-01
2.979599432416406568e-01 -6.529465244970391602e-01
-1.526460988878697300e-01 -6.117727064604445708e-01
8.909855437542352208e-01 7.215640943822418385e-02
5.506730833493580501e-01 6.016954195750873202e-01
6.999218612879669621e-01 4.206506790806548435e-01
5.606651602371314214e-01 4.389483055279355117e-01
6.137625218358163659e-01 -2.569777232782939347e-01
4.123694614317787721e-01 -3.740864261060427021e-01
6.476095375672595855e-01 -3.627189302522453723e-02
5.804185933319245816e-01 9.293093968548320205e-03
-5.705900354319896062e-01 -2.423675438920460390e-01
-6.424768668973299124e-02 -4.188919677398375563e-01
-5.218757523602000070e-01 4.791642437783024122e-01
-5.846126352873992627e-01 1.788206339254525823e-01
1.007044101868201508e-01 5.464119193777153827e-01
1.382883290502197327e-01 5.090672133646955144e-01
-3.941765742466884492e-01 6.346247973494673067e-02
-3.651531065585512104e-01 2.682148205460665458e-01
-2.019273166007399534e-01 2.268140923593631175e-01
2.043947977813864170e-01 8.508716103654566376e-02
2.698987625378093669e-02 3.959783146729772829e-02
