2.008281091228986959e-01 9.609801178979864300e-01
8.630818016333848819e-01 -3.029646655884343232e-01
7.260669584784112951e-01 5.223310651106208846e-01
8.103104099652370662e-01 9.938324865350446624e-02
5.888209574687112147e-01 5.614486474583494369e-01
-5.115925679338414467e-01 7.468659376391163507e-01
-2.896127782830474895e-01 8.013041468120593036e-01
8.266944814041531087e-02 7.692715968978851571e-01
6.649459321613034879e-01 -1.172270652004934466e-01
5.946433783074592805e-01 -4.615173955426615238e-01
5.262942072466797461e-01 2.031928384410576771e-01
2.722996843965336256e-01 4.602995353589016125e-01
-1.100570383836740052e-01 5.908641605051848655e-01
-8.385013094546379664e-01 2.368978142645525864e-01
-9.016698065102808357e-01 4.032933878282837781e-02
-5.155103275938184293e-01 -7.595689161503599296e-01
-8.395264037337435425e-01 -1.904851660848555506e-01
-1.006165126204983384e-01 -8.150203701374896248e-01
2.019196015464494731e-01 -6.956946980769477262e-01
1.562741561252629224e-02 -6.152148547997507988e-01
2.322762108383175372e-01 -4.301080730137827879e-01
-5.474505882845407401e-01 3.628405093930701653e-01
-4.808462605103570042e-01 -4.827392563612330489e-01
2.111055987609336201e-02 3.047248147885455727e-01
7.302711937418948640e-02 -4.363094864498905101e-02
-5.160792590390953644e-02 1.650419155859968734e-01
-5.768485989306005868e-01 -8.400477122609520397e-02
-1.317198907004836217e-01 -2.452869961201493976e-01
-3.636856601933435296e-01 -2.136157058362300742e-01
-3.617675927973712513e-01 -2.290314497265254472e-03
