5.643392515862818426e-01 -7.365329264524619335e-01
3.950283168120426458e-01 -8.113441870058234473e-01
-5.359970355695488076e-01 7.868804030943797878e-01
6.968559045321846002e-01 -4.758029998423132789e-01
8.461440079473633302e-01 1.545773034218073105e-01
7.271355748318792944e-01 4.832043186772106980e-01
3.147260161126772537e-01 8.394401580863888324e-01
7.439093295480720958e-01 5.765263948538343342e-02
5.623844588305082492e-01 4.702325203229587580e-01
-8.507882866406073497e-01 -1.601611273008694269e-01
-7.340542061221954073e-01 4.281789271004349251e-01
1.522749177915510288e-01 7.022691480147492671e-01
1.925502457224828878e-01 5.349811853624844016e-01
-2.031650105521326799e-01 6.142274499704257762e-01
-3.673648145691788547e-01 5.198211300040118665e-01
-2.660727557966541257e-01 -6.857108712212870438e-01
4.832026859510437089e-01 -3.165487687491815305e-01
-4.459460681250884684e-01 -4.729690737250669685e-01
-5.492105200983740110e-01 1.112094357769848607e-01
-5.449357238958776328e-01 -1.081172094885683443e-01
-2.026321493702325227e-01 -3.540800178645884810e-01
6.091163896272284994e-02 -4.415883843438698220e-01
1.690399338315431710e-01 -3.552757459621360692e-01
2.227572636207838519e-01 -1.259178471585104264e-01
-3.338323016598274684e-01 -6.280928227247058182e-02
-1.654955283668668453e-01 1.486078596729874801e-01
7.382667879805306088e-02 2.266608856789499582e-01
