9.082478824578102961e-01 -2.953830079200371328e-01
1.117963440531281744e-01 9.816622532371402921e-01
5.646627432935213964e-01 7.582297492355075663e-01
7.733557339384431462e-01 3.857465596752804315e-01
3.687424168412906100e-01 8.325294194097737632e-01
-5.332275159298476286e-01 8.116615171701243581e-01
6.201867698551093849e-02 8.295423090906002273e-01
-3.435189208985153231e-01 7.566711125123367632e-01
-6.553537900421219087e-01 4.880219686080275454e-01
-4.794942730562580246e-01 5.961814765069036737e-01
3.099905426925174678e-01 5.759626350179020138e-01
5.715018904603840211e-01 3.569172886587236304e-01
7.711722134039137311e-01 -3.670869200419873968e-01
6.139223597747232031e-01 -5.684400898870145546e-01
-5.117343862888757977e-01 -7.272627852506396984e-01
-7.373205453507866158e-01 -4.100097050294993495e-01
2.235982273499113326e-01 -8.687804944025419029e-01
-6.801503171084675170e-01 1.058800039207541954e-01
1.192541986606820287e-01 -8.209260580595545420e-01
1.185097057404148474e-01 -7.481958281187190973e-01
3.081775504725524084e-01 -5.879949860001069117e-01
-2.954011725353835605e-01 3.866035788220104630e-01
-1.541338212970898014e-01 3.114835988372445241e-01
2.692432101705198311e-01 7.502466697951967745e-02
3.130465204036506632e-01 -2.765837681727426056e-01
-4.531979886490561382e-01 -4.326038228577417932e-01
-4.465025219250492450e-01 -9.194123017139356480e-02
-2.029792843901997157e-01 -3.610815138479873121e-01
-3.287003740197793622e-01 -1.213639960359666342e-01
8.763221425934640541e-02 -1.520487984116724312e-01
-1.354717153999235868e-01 -1.794975937267700716e-01
