3.592610415291620507e-01 8.674614004163543335e-01
-8.265882740974610510e-01 5.617829088059869136e-01
6.703779228244071131e-01 5.634701318160512118e-01
-5.076217615376737297e-02 7.682753500050031326e-01
-8.284576350082090146e-01 -4.483359619124501760e-01
-8.420255266403305905e-01 -9.275739546511235778e-02
-7.788524265497559496e-01 2.302999116511572353e-01
-6.599813797473266241e-01 3.557629930108152094e-01
-4.051545990416932641e-01 5.217633523437081866e-01
-2.898590782844624458e-01 -8.278205834888680004e-01
8.033465957255684353e-01 1.437243467514382478e-01
5.670756843713330442e-01 -6.579127248750341606e-01
7.447489847596194812e-01 -7.817729161429382706e-03
7.380906864360791131e-01 -2.185777301293351238e-01
-6.145243976763137272e-01 -2.288883710256688908e-01
-4.654996071287387793e-01 -4.364840124353814299e-01
6.131264107732930905e-05 -7.493307135038727029e-01
4.983146323849775294e-01 -4.923068690933682934e-01
1.296024425392210411e-01 -6.244274018168084472e-01
2.704474039172420907e-01 -4.599279516174542004e-01
-4.602802906207301148e-01 6.913619812045436464e-02
1.015392148754293150e-01 5.870905401912700494e-01
3.877358633952808220e-01 3.940619344884042641e-01
-1.864228681897415751e-01 -1.891067102787709342e-01
-3.761364005255415921e-02 -1.145665694860778239e-01
-1.120078809029989748e-02 1.343310324141110124e-01
2.720646040678738609e-01 3.163266908440990899e-01
1.715288195348602107e-01 2.676652656001169972e-01
