-9.898684585650490142e-01 -2.092682613248036255e-02
7.377645808031951802e-01 5.629065837270424977e-01
6.553807093000040274e-01 -6.502717267090820652e-01
8.522776090250496761e-01 -1.576908348232347601e-01
7.769174627335733163e-01 -3.693911501192798097e-01
7.784546850245526173e-01 3.050085207379678309e-02
-6.918753094443219620e-01 6.007261785614669281e-01
-8.642198648728773025e-02 9.112652578434967676e-01
-2.422156958277280614e-01 8.683540467477161018e-01
3.193722088198986397e-01 7.847260320088588204e-01
1.659646757790184113e-01 8.050573023319036459e-01
3.103080489156865851e-01 6.422018590553792983e-01
-3.206092431655052089e-01 7.272799228735058463e-01
5.980806559962961177e-01 -4.193607152411502059e-01
-4.000983838238678647e-01 -7.943257663547095282e-01
7.788875624980369505e-02 -7.071366723737171345e-01
2.191504584285029478e-01 -5.862941182136719442e-01
-2.131010089512133110e-01 -7.091453082157037624e-01
4.834446761703155016e-01 7.311121767425064755e-02
-2.733057550922504686e-01 5.372810489042052495e-01
1.045357553505953663e-01 4.430834102479045966e-01
-6.603457680693222143e-01 -2.113321936288698258e-02
-5.414737701293361738e-01 1.576016467388859921e-01
-4.834833823214815252e-01 -3.592210760558144367e-01
-3.857701908805606927e-01 -4.907780128478649861e-01
-2.225920320223701565e-01 -3.702504523884395660e-01
-2.338235976326785703e-01 3.537024367795470886e-02
1.383270232478189810e-01 5.514900383143613721e-02
6.264949348141497787e-02 -6.708391379356420936e-02
