-8.969171765055254930e-01 -4.087197147678208187e-01
-9.053095821832738421e-01 -3.012376182490695831e-01
-8.391672502244752474e-01 4.018009379385125146e-01
4.594105981731789745e-01 -8.544901852524277031e-01
-7.522573192476061932e-01 -1.741339523818924151e-01
-1.399939249815186637e-01 -7.681479586282543570e-01
-4.572879601530602245e-01 -4.718719937382272467e-01
8.480538946326284799e-01 -4.535413914756479259e-01
8.919566500633882011e-01 3.208856341258696232e-01
8.987698797745276025e-01 6.330839777804465884e-02
8.039929790602622361e-01 -3.272027781872661190e-01
9.461045483324746069e-04 -5.817142823200176505e-01
7.384295447140171165e-01 -5.290412582420650316e-03
5.666769855587305837e-01 -4.271560943607571881e-01
4.401182492907896870e-01 -4.325087170614121956e-01
-1.496749565464650100e-01 9.766472647688225761e-01
-5.278743252856668011e-01 6.785193832850336948e-01
5.465369180307432240e-01 7.079565398220977190e-01
5.170109603169644741e-01 5.515375296419886553e-01
1.177675186931629592e-01 7.193999419704345533e-01
-2.249612117065310779e-01 6.951071673324689115e-01
3.057818997597397739e-02 -2.485501430722602545e-01
-1.940768138010274813e-01 -1.941777278693242181e-01
3.358173655911129152e-01 2.570525783827865562e-01
-4.222805675487053545e-01 3.915594056258795974e-01
3.747577994943553786e-02 5.623816357129761689e-01
-3.666942297312805188e-01 7.642876028161545154e-02
-6.963612235169367587e-03 3.672409170484554619e-01
6.811533337185604609e-02 1.858353087216839394e-01
-2.223628886906071911e-01 1.929076052297669930e-01
