-3.367176089782485948e-01 -8.999333239889570901e-01
-9.268239023214627226e-01 1.326223788739900045e-01
-5.418867739473687967e-02 -8.884807533547197655e-01
-8.494712588284129007e-01 -1.156673690308459984e-01
5.528619218373180821e-01 -7.232228044860617988e-01
-7.517120209259938735e-01 3.243150177373785858e-01
-5.949156034473703780e-01 -4.367247732769512503e-01
-5.606486854143206688e-01 6.612836237141039852e-01
2.835761170870821912e-01 9.118315673758398132e-01
8.296105352364031571e-01 4.305670426660241357e-01
-4.585584309291719229e-01 -4.064764659689555915e-01
5.135380024704291196e-02 -6.640694850440993502e-01
-3.571509655061794741e-01 6.157849217829397537e-01
-2.515687414149685996e-01 6.771051259188199944e-01
6.504695410265023403e-01 4.583027708116779175e-01
-1.273593968397787046e-01 -4.458036284135120098e-01
6.861245292582051070e-01 -2.513370093670334038e-01
4.182973822539412523e-01 -4.220110620138259327e-01
6.395018410074979620e-01 -7.434302581764271056e-02
6.529674221568230186e-01 1.926540820909024287e-01
-4.704799402540564279e-01 2.066793055665175904e-01
1.180473472170026766e-01 6.399908319048075445e-01
-1.250432699923509638e-01 5.007052407268547389e-01
-3.413791428213723278e-01 1.621044972439378978e-02
1.279583450027137748e-01 4.318508007850653807e-01
1.756538402323973569e-01 -3.247020331073442456e-01
-1.389172554302837148e-01 4.572789945631968583e-02
4.112912184061504606e-01 2.601698759036036868e-01
3.350634112249040730e-01 -7.564745124728014525e-02
1.227532364252090502e-01 5.166101540024045646e-02
3.772185063278929440e-01 1.349814614338037677e-01
