-2.308120739692743895e-01 -9.436054971465905883e-01
1.733994572402287535e-02 -9.433298828208115383e-01
-7.933668706836078943e-01 -6.023047829449779123e-01
1.315972914578073527e-01 9.346065566579216943e-01
7.872764181926028559e-01 5.272774625706122542e-01
8.749276710204879626e-01 2.128559594594237325e-01
-8.586796253226700593e-01 -8.614387501921692836e-02
-4.300109415741756314e-01 -6.751309691751913311e-01
-5.859297197051939188e-01 3.596310053787242778e-01
-6.727294294846264400e-01 -1.588383722967784406e-01
-6.363132210810863443e-01 6.343360650180097926e-02
-5.223656616774804418e-01 -4.304189423949782434e-01
1.163509847234302230e-01 -6.459208691856281881e-01
-3.199290378847131078e-01 5.423891694684171982e-01
-1.861027717026972617e-01 6.161842350057149531e-01
3.701191273389329295e-01 5.990251379798202658e-01
6.276404086564203455e-01 3.663641170773416222e-01
-2.453003407168235228e-01 -4.151523167606525067e-01
4.306402851787945463e-01 -3.719910758056293454e-01
5.753031315592270767e-01 5.317069652522107143e-02
2.174615990890546857e-01 -3.882679037532387190e-01
-1.692590180824785906e-01 -1.931972974895126982e-01
-2.132944070409881487e-01 8.263400869768307289e-02
-7.540533701423694172e-04 4.706416255916175961e-01
-8.111069166462984981e-02 3.544871410112674370e-01
1.800835377910229296e-01 -2.020010763009047750e-01
3.925449332845691863e-01 1.595805650692739830e-01
1.846469426231998612e-01 1.213226460490234443e-01
