8.182945839926373255e-01 4.879009653393038271e-01
8.551000761516581727e-01 2.092441800777449790e-01
-1.471420110234906431e-01 9.321975210298413250e-01
2.062259570193275271e-01 -8.571715014172686109e-01
-2.034495249433187491e-01 -9.130571696393173786e-01
6.037328699330928305e-01 -5.671043457044375735e-01
7.341865344485821732e-01 -2.025716481334750574e-01
6.568622580449742232e-01 -3.397542207918194390e-01
2.909476181994113952e-01 7.657677317823301522e-01
-9.188428947451094952e-01 -3.346152001945263410e-01
3.416480346278336633e-01 6.206200717455949700e-01
-5.594733778339096020e-01 6.196567189762711703e-01
-8.812126683066577870e-01 -1.898342133075214822e-02
-6.985101955143041552e-01 3.403495244765393224e-01
-2.962977593766462081e-01 6.420899158689198361e-01
-2.986433557375831604e-01 -7.216938682589978393e-01
-6.809964943882449440e-01 -3.746313582875316350e-01
3.983579981364378242e-02 5.700250218984325157e-01
2.721854124467826264e-01 3.380669659072618738e-01
3.151214363958327325e-01 -3.888580090267396705e-01
3.932900369663043794e-01 -4.135598402609987068e-02
-2.280793033526964664e-01 -5.125004403082942250e-01
-4.648907228419073001e-01 -2.685002297936326388e-01
-4.737739362889415440e-01 -1.108069788925819532e-01
-3.891587309607807410e-01 2.021374460585542154e-01
-2.708198469408176767e-01 2.021011864590516738e-01
6.115405487737928664e-02 8.341840088193948344e-02
3.443430760362636844e-02 -2.312692477349181930e-01
-1.171804832539296015e-01 -2.958467037407256917e-01
