-9.702104045418870060e-01 1.162468230969595923e-01
-8.550430465613142461e-01 -1.308723352952308738e-01
-2.761821097829749924e-02 9.427304044883889622e-01
4.742236036260042420e-01 8.504621524748305905e-01
8.002114315390264077e-01 -5.060289893289288132e-01
8.839244289521402953e-01 -3.136561484254625221e-01
-2.940196709630616967e-01 -7.400594220500270604e-01
3.479695341143388548e-02 -7.816438481014218453e-01
3.421994038984732533e-01 -7.007911226490597389e-01
8.348230492730311925e-01 -1.015365185825257976e-01
7.397432390937483948e-01 4.051880703701152275e-01
-4.332328102795630631e-01 7.061553290866049437e-01
4.246234564981383741e-01 6.203116359778801936e-01
4.476547579186843095e-01 -4.007209551431321071e-01
6.086240209112568911e-01 8.104635617943725667e-02
4.746320597043268141e-01 3.640228674158432765e-01
-3.870035075401452862e-01 5.232533467914270986e-01
-8.171502881286592246e-02 6.214286030332681898e-01
-5.700908577882652928e-01 -1.373481518056939021e-01
-4.581231683336705052e-01 -2.607371020336002876e-01
-1.880445565829060306e-01 -4.311052063275793156e-01
-5.130911692162892779e-02 -3.728575662696628767e-01
-3.851805716840951965e-01 6.611979342972831852e-02
-7.958391787299384790e-02 4.594644605992634911e-01
1.958967032938387920e-01 -7.283303550561147366e-02
1.456148845565157501e-01 2.882975494209170653e-01
-7.131625125981912172e-02 1.888342299559901405e-01
3.351493166427541026e-02 -2.424721163514980196e-02
