-9.834941923070099623e-01 -1.408966109568338398e-01
-7.251572438601094905e-01 -6.027299552803719873e-01
-8.496304262241916039e-01 -3.902648682321689932e-01
-2.339962019258801651e-01 -9.350175403406137953e-01
-2.607493339700858170e-01 -8.495305588546543385e-01
-6.351952323646187226e-01 6.821393791757610625e-01
-4.439678037567447166e-01 8.292900656385601144e-01
-1.526139562637673641e-01 8.986714268846699438e-01
6.659244641812755994e-01 6.250937195372496813e-01
3.997701833280878359e-01 8.044368268622219542e-01
4.825769133208200334e-01 6.800104497825281147e-01
2.338037747894851082e-01 -8.042717472230124232e-01
-6.830498295219582516e-01 -1.666611812853073804e-01
-7.704502444530117455e-02 -7.100227870372957106e-01
6.537566796997956731e-01 -4.474427838687673464e-01
6.187275872262292253e-01 2.530746845208245444e-01
5.656365103329593635e-01 -3.902443038881192039e-01
1.812297683702115969e-01 -5.348741262912222183e-01
3.614548449676582287e-01 -3.662606403552304823e-01
4.627429925453691029e-01 -1.122148084755827946e-01
-4.847783691579521381e-02 -3.979315464411535830e-01
-2.213274104254144559e-01 -3.206261765792687846e-01
-5.473427513986478532e-01 1.863343769229507119e-01
-5.238865358506323844e-01 4.500796210301801770e-01
-1.408847104748548740e-01 6.551789071599258829e-01
-2.947670656947617984e-01 5.130116237305312188e-01
1.840907060518288119e-01 5.247789344993126770e-01
3.537971560531109616e-01 1.364055150166817443e-01
-2.896518156784853582e-01 5.527900025535990858e-02
1.699461260393994033e-01 2.277934971499458727e-01
-6.504606983675240151e-02 4.004013940831976925e-02
-1.110600998864176014e-01 3.208284687193159179e-01
