-9.225439520598224252e-01 -1.949237760931438190e-02
-8.178822178936737686e-01 4.214260997747156789e-01
-6.467142495416861037e-01 7.154015678701518555e-01
-4.431632499712029327e-01 8.319713098196894752e-01
3.583821770442434107e-01 8.185669044829885221e-01
8.778105797668990240e-01 3.784829052293907092e-01
-4.290791945137969465e-01 5.417537794340682167e-01
-4.104275174031819101e-02 6.866090314203101563e-01
-1.435346610740951823e-01 -8.760202687885010331e-01
-4.140112484321364361e-01 -6.849457018404992992e-01
7.684225920425792333e-01 -5.427404747959625464e-01
1.676590166861113562e-01 -7.448625781875597429e-01
4.733125457423299487e-01 6.094994139528920885e-01
7.513730357419955430e-01 -3.134816391380437217e-01
4.196828698373819555e-01 4.974125662609690246e-01
5.443085902007190890e-01 2.692767242365303737e-01
6.437716023821455913e-01 -1.173795938904664271e-01
4.558148282166938348e-01 -5.363157357009904480e-01
4.146875304924286798e-01 -4.259267001739233116e-01
-6.205863561418641927e-01 -1.911360917184201924e-01
-4.275319542696554009e-01 5.793164163033993203e-02
-4.708081291886572761e-01 -7.571250559702438765e-02
-2.540983507071084557e-01 -2.907959011239707459e-01
-1.650514347335727827e-01 -1.713941211438222423e-01
1.739634813185237938e-01 -2.677079876266564296e-01
1.859737070151704086e-01 -2.704709906495704475e-02
1.005768651183175516e-01 9.021180859720948075e-02
