9.056152210876998732e-01 -3.579748743383376341e-01
9.102531575812072839e-02 8.447024778650659149e-01
4.117192458531186983e-01 6.799321968656448778e-01
6.039346166948571515e-01 5.483319230401972888e-01
-5.159968724453800615e-01 6.957582270060737040e-01
-9.068898435479492148e-01 3.094919107024771687e-01
-7.752576292526136559e-01 4.392833903907048532e-01
-2.725690157512814515e-01 6.714346234342675190e-01
-6.125031558763359696e-01 4.344535529910932281e-01
-6.782087327019922229e-01 -4.880601587785118878e-01
-1.040900731680819702e-01 5.756623684217087034e-01
6.796254401542796142e-01 1.551196966637080343e-01
9.655736166027630019e-02 -8.888242430080051104e-01
5.613162918858680683e-01 -5.840697422855340992e-01
6.345758434393445890e-01 -5.906125749179142598e-02
2.286776821389603642e-01 -7.568177143329248846e-01
-4.179459480677087946e-01 -6.740457735654497018e-01
-1.822560740483913921e-01 -6.657018491426357487e-01
4.381120892666822697e-01 -3.482472475779663235e-02
3.415823561392244412e-01 -3.561592923696615953e-01
2.543230153932967696e-01 -4.208798470088227495e-01
-1.632564081185178262e-01 -4.933414024891544236e-01
-5.852347879696527810e-01 1.700616935988227274e-01
9.347419059931950935e-02 2.670128156917481177e-01
-4.518974167629558614e-01 -2.339683988462291572e-02
-3.037890742134418676e-01 -1.286915250530835941e-01
-2.513057176297304740e-01 4.549298917053413299e-02
1.459488349589644907e-01 -3.795178772114776028e-02
