8.206040042492198650e-01 -4.916115739174868882e-01
-3.311353425921538807e-01 9.417864907899418103e-01
5.588530078138495005e-01 -6.866233926549385469e-01
2.935751933881539100e-01 -8.402149071371235456e-01
-9.306534668514089281e-01 2.014800866934180479e-01
-9.408248943978847478e-01 -1.369951923344079892e-01
-6.145098455396960091e-01 -6.440006431611522419e-01
-7.200830404366008741e-01 -5.559688064430645671e-01
-1.738883408506664285e-01 -8.120400349333372070e-01
-8.167613824251798160e-01 3.074887552487441389e-01
-6.499486499370928927e-01 -4.499729164337638032e-01
-7.507588844362339531e-01 -6.117657015909069157e-02
-4.811202623101862308e-02 9.499775834161141574e-01
-2.640948984575094416e-01 -6.652189092566038742e-01
7.081486587582489500e-01 6.595752975361313108e-01
3.556857070319470182e-01 7.855740378561325565e-01
6.833189850481444783e-01 -5.059942320794930115e-02
6.559891404415607585e-01 2.933491376680684160e-01
6.341124961938066074e-01 4.726846952407310343e-01
5.730912394911344965e-01 4.319817814814819190e-01
2.539714012757350869e-01 6.737828262553849923e-01
-3.916603239850473539e-01 5.108923162599613432e-01
-4.349169077204684264e-01 2.170331906009236866e-01
-1.046825242891051971e-01 5.399773771614380102e-01
3.251367716812116337e-01 3.568331829260096844e-01
-1.351404041480317453e-01 4.167171984376255023e-01
4.516168241035058983e-01 -4.094680973208612018e-01
3.323613143995967079e-01 -4.721108529322912695e-01
2.846311163329273350e-02 1.351670098878246518e-01
2.580412926727437828e-01 -7.545236189798283644e-02
-2.457465690601723929e-01 -2.735650063631923645e-01
-1.083674550755309718e-01 -2.945618591380618767e-01
5.416640577571806697e-02 -2.467855567349709345e-01
