-4.418844552602141929e-01 7.768025379865276525e-01
-8.901354242616913437e-01 1.599967375270282821e-01
-8.675821392628133566e-01 7.487941433531908331e-02
9.491585612452144716e-01 -2.447203853000917972e-01
9.489968854740058468e-01 2.007989134814710808e-01
4.225326822955370321e-01 -8.493832781532005827e-01
3.180186312424214123e-01 -8.527484834703948913e-01
6.708348647144030119e-01 -5.515149139878919859e-01
-7.166074323115432243e-01 -4.168138473464567673e-01
-1.097300636925296058e-01 -8.735958431253008083e-01
-2.373847469006368227e-01 -7.957498485302001434e-01
-5.961675026154653750e-02 -7.761243982155812127e-01
-5.896403264342362505e-01 4.243431265812392383e-01
4.541656933776974658e-01 8.673308724895626431e-01
-4.880227827063067514e-02 8.418045747026468018e-01
1.772233722966828351e-01 8.205599008155687324e-01
-1.512680569430998323e-01 6.590754576810535781e-01
5.077600347270843084e-01 6.187439234683148603e-01
-5.960193325348964732e-01 -2.817123399280167528e-01
3.102141688504885808e-01 5.449607256030508662e-01
6.741487058680815103e-01 -4.160168593878599969e-02
6.686895932620176008e-01 6.230885313182469437e-02
5.615132419036869549e-02 -5.331355061243725491e-01
4.360173271895746994e-01 -2.707598420614319989e-01
4.583025486730587517e-01 8.633543499434086221e-02
-4.124957957124805730e-01 1.209485568327721972e-01
-4.071456427333695616e-01 -1.688278779661216422e-01
-2.818251217304839074e-01 -1.679817600895890661e-01
-1.939060179754467650e-01 -5.765137413301635576e-04
1.798474578059614526e-01 -3.669282617827996501e-02
-1.331318116719704603e-03 4.973768439778716854e-02
1.340814821978625060e-01 2.527976230269013969e-01
