6.551101080510756125e-01 7.072238488275468526e-01
7.615792648716849245e-01 5.284346627912211991e-01
6.292804544572333514e-01 -7.401986507406024263e-01
4.157591026589094740e-01 -8.671283853467324221e-01
2.955095077925175007e-01 7.493406860665372538e-01
6.705898007440541653e-01 3.945093179458890598e-01
-5.838430326548631200e-02 7.069750805155774476e-01
-2.262560588766709402e-01 6.878645938669392113e-01
-6.521744667990626576e-01 3.979767703062486728e-01
7.522398328083408359e-01 -2.630868657729925619e-01
3.811375015911914188e-01 4.272537335511046308e-01
9.966790852466719808e-02 4.890022704072438109e-01
5.885565870850164583e-01 -1.711560443714015833e-01
3.498468252533482037e-01 -6.403913381331921562e-01
5.394845050758683147e-01 2.426524384688156372e-02
1.538264727151765487e-01 -6.890016700584494780e-01
2.847437831488470739e-01 8.891627845203076141e-02
5.989688599419421000e-02 -6.142547035156942226e-01
2.034226722342279137e-01 -3.449480778976226070e-01
-4.179085134468525364e-01 -6.763723833027818211e-01
-3.570864632099399194e-01 -5.924314645535213586e-01
-3.152746918784322117e-01 -4.710439477130675678e-01
-6.736073819177963440e-01 -1.045864106975927382e-01
-6.481038203757795158e-01 -9.873668365377949452e-02
-3.331377152163774169e-01 3.688041093834472095e-01
-2.233085720188171253e-01 2.919593586053457757e-01
-1.365759507121844241e-01 2.396902121782444606e-02
-3.349545201157417273e-01 -1.539139262323063195e-01
