8.235712818885222442e-01 -3.894783321919985664e-01
-1.790724588460596567e-01 8.787761868707849588e-01
4.023338555169578279e-02 8.515717857090140397e-01
6.768695867098333263e-01 5.078124184609459357e-01
7.667895680481191523e-01 2.029186037108576812e-01
6.707933086511038701e-01 3.741220225975882552e-01
-4.356609697050743968e-01 -8.922079949029582124e-01
-9.578995985319477269e-01 -2.667244878158401278e-01
-7.177934091442143005e-01 5.223518197237786431e-01
-8.026589797156394868e-01 -4.651872712937829002e-01
-3.979617309142979842e-01 6.575704436614024928e-01
-1.253435439293175968e-01 6.736670087145281149e-01
-7.241839207625910824e-01 1.610813522523732166e-01
-3.090964067129093329e-01 -7.142777838400021784e-01
-5.689568489958385378e-01 -4.736949261441419923e-01
-6.851881450739615298e-01 -2.043615753044147332e-01
-5.102055938461269591e-01 2.789285375333385164e-01
6.561038549706392775e-01 -8.069061946867633894e-02
-2.452402753455082129e-01 4.119467837621544892e-01
-5.095738036058772291e-01 -2.558566160686567836e-01
-4.668606256296156110e-01 -8.585293391627568660e-02
6.707317154543419868e-02 4.075567523786555735e-01
2.565344699419526697e-01 3.103863631447983384e-01
5.319682788957469377e-01 -3.890116656189460120e-01
1.170144541159311574e-01 -5.766067792716980112e-01
2.423860356605517519e-01 -6.046327527633788002e-01
2.630458070278612337e-01 -5.062654667707670031e-01
2.246883791787305795e-01 9.272239610104940355e-02
5.417393491322600868e-02 -1.874880806865594218e-01
-1.028429541646384004e-01 -2.204168532811110193e-01
