-3.303012253045063962e-01 9.426449840234811806e-01
-9.035468532567179079e-01 4.273298508531989115e-01
-9.314535468713478483e-01 1.461852867437652692e-01
-7.643846641366626171e-01 -5.617981665198868990e-01
-7.796976388566303484e-01 4.563233474694476377e-01
2.049450071605223578e-01 9.148359195298197966e-01
-5.947163190670256006e-01 6.029608851202988840e-01
3.507125881825331332e-02 -8.922711282660049648e-01
6.315221767286299803e-01 5.804471241209575583e-01
4.676352311450268640e-01 6.227662562836322468e-01
7.249978919662626309e-01 -3.184371894162590921e-01
5.956188662394760192e-01 -5.036683422214973671e-01
4.094719093513090602e-01 -6.668162055171258373e-01
-8.747643119185470606e-02 7.493876576400866352e-01
1.162646658576437647e-01 6.734867326263400678e-01
-3.212638313327422779e-01 5.473546314867366869e-01
5.301377307654885351e-01 8.524986848125538919e-02
4.331050045635140289e-02 5.224577213415361188e-01
-1.849846456636445868e-01 -6.522165897604079721e-01
3.455153321162745539e-01 -3.548234855805215693e-01
1.737848812861859660e-01 -5.188108496104074652e-01
1.945839879165547626e-01 3.043070172620435110e-01
2.917207785051127433e-01 1.301072367277963070e-02
-3.520620153298316679e-01 -5.290990848714078876e-01
-5.096539475215497994e-01 -3.098975955901827617e-01
-3.834615988806991393e-01 -3.478107328652069730e-01
-4.858715566957592658e-01 -5.881588791443855685e-02
-2.516924004016362626e-01 1.607657657946182372e-01
-3.965022772708856613e-01 -3.787365562152500420e-02
-1.079337989890725574e-01 -1.230818365023390315e-01
-1.866796409794765355e-01 2.308382961101367384e-02
