7.060885057134850262e-01 6.485610141683215701e-01
-5.008387558510311866e-02 9.496006891586137311e-01
3.726200212051951621e-01 8.465839522978807485e-01
5.462069358307016786e-01 -7.795028124273063463e-01
1.793284855894327345e-01 -9.613815825306103457e-01
7.847037673037730032e-01 -1.806863017099994972e-01
-8.064246632379944435e-01 -5.051618819971812613e-01
-9.575845380308442012e-01 -2.846673041942370322e-02
5.627388871981694463e-01 4.928186459019116561e-01
5.927058531491356808e-02 -7.471596360408623294e-01
-8.679381584129212956e-02 -6.985458873561893878e-01
-3.946072242310332268e-01 -6.243070618094400670e-01
-2.855318431795015113e-02 6.249254651257992732e-01
-7.851467553759874374e-01 -4.498888385510997623e-02
-3.914370437858675777e-01 4.322477220255073194e-01
-4.834387394057496623e-01 3.824014310055111610e-01
-6.397761964437169713e-01 1.183874264960118050e-01
-4.502516514511801238e-01 -3.607404779861587696e-01
-5.512957062744208159e-01 -2.026273726059061031e-01
2.612058283394526614e-01 5.041353045615316608e-01
3.676320622993467513e-01 -4.367412484041599541e-01
4.999596635774872788e-01 -2.563095661957661142e-01
5.185418780390395055e-01 5.594112168635109045e-02
2.631690107986697780e-01 -2.934554592535961182e-01
-9.611369945275624604e-02 -3.327424178645280728e-01
3.200186527603559039e-01 1.103823225713943812e-01
-4.267677037695265518e-01 6.728555136066263764e-02
1.298981982474362862e-01 1.295292989983107268e-01
-3.356747868909815136e-02 2.087870384062757642e-02
-2.432142910952978243e-01 1.507386590312691232e-01
