9.690507586337617774e-01 2.454860424874265312e-01
-8.624021352545946373e-01 -4.373296477067353250e-01
-2.734113447964351407e-01 -8.314227359947736762e-01
-5.921307610557925427e-01 -6.164527273207880409e-01
-9.673401566355143144e-01 8.062601758360600501e-02
3.926948657576314478e-02 -7.643508252091297805e-01
7.474988759531866478e-01 -4.406673132326792697e-01
-3.223019917730286510e-01 -6.012113285413097641e-01
5.540653578320606787e-01 4.857049874558738711e-01
6.237733145835149262e-01 3.395017063908659649e-01
3.579388423413766840e-01 -4.472568466339082449e-01
3.554523212301986118e-02 -4.547832650423937473e-01
5.592428065033868689e-01 -2.083238010402558571e-01
3.153568997754450098e-01 -3.375448941520444723e-01
5.188588654917489773e-01 -1.021185710497257842e-01
-4.912372039318751438e-01 7.081148905721976750e-01
-6.317701642255368899e-01 4.901820294349949481e-01
2.049407139059682970e-01 6.170938169808457552e-01
1.312220915567573719e-02 6.574694669914374900e-01
-6.352469917050226345e-01 9.366182280173512842e-02
-3.935079275222125306e-01 4.458308281894899361e-01
-4.575536730906494265e-01 3.783724187962538704e-02
-2.259642234893335377e-01 -1.497455827915828153e-01
-2.139689895459830904e-01 9.606779505953763620e-02
4.865346899065076808e-02 4.692821049259928712e-01
3.450401926994141610e-01 2.032759346286152902e-01
7.602405637082303158e-02 2.566147748021951891e-01
