9.491996031091642916e-01 1.475816045855500580e-01
8.609974887469747928e-01 -8.205091164239303181e-02
7.819387746116212012e-01 -3.806251179738899815e-01
-4.630268497224734325e-01 -8.649105342119707274e-01
-7.372529232529333454e-01 -5.858223556567877521e-01
5.415966398384098879e-01 -5.174615384381310301e-01
4.482045011032230741e-01 -6.271008016887512637e-01
7.038460432433373271e-01 5.385764113698877642e-01
3.734401650894235702e-01 8.637814375910068954e-01
1.264791795429283557e-02 8.356947673783799990e-01
3.904423347431816849e-01 7.342659626967185105e-01
-7.575347703012410561e-01 1.799143773260364343e-01
4.919565134788675409e-01 5.452004779486526731e-01
-2.501733619808076403e-01 5.966981686362037296e-01
2.429613617380226021e-01 5.883342019226875941e-01
3.740010097631596420e-01 3.961553481225502105e-01
-7.660578918527738423e-01 -1.245771865902319531e-01
-6.686802844226491516e-01 -3.136201634706124453e-01
-9.249661263884471907e-02 -7.667269333043178481e-01
2.598109284028704558e-01 -5.241187627690597761e-01
-7.317900680678182668e-02 -6.057267268944033223e-01
-3.149654289442725408e-01 -4.576416595268679721e-01
6.348812491219571474e-02 4.179468537397718064e-01
-4.003106028057100696e-01 2.134444786716157838e-01
-5.079556544376148119e-01 -2.150027993304820528e-02
3.433874726944031175e-01 -6.206175280438384900e-02
2.022521154146865729e-01 -1.363830681768187503e-01
-2.064740372501276677e-01 9.123218405473949855e-02
-5.506200303400980017e-02 -2.278642815565962709e-01
