-2.833694251122225172e-01 -9.184581271705780647e-01
-4.181800539906316283e-01 8.581076977882673429e-01
-8.390083210058194574e-01 -2.953552888036415913e-01
-8.474309203666819945e-01 4.716068750417901079e-01
-8.261957845509233511e-01 3.895642968237045256e-01
6.475217638704515721e-01 7.562240466035282660e-01
4.478748131902489105e-01 7.758130702131758039e-01
8.740608988688008951e-01 -3.191500317840650913e-01
7.465554716963133108e-01 4.311257024280674699e-01
-6.034409060606135689e-02 7.824345068571468831e-01
-7.809403635546633415e-01 1.436192072363659811e-01
-5.020955124854561413e-01 -6.344543587012321240e-01
1.234187415862156995e-01 -7.775168760546646851e-01
7.669047309276085800e-01 6.573547038276633279e-04
6.569959049685952790e-01 -3.120206977731060927e-01
-8.275945103739072717e-02 -6.529280356435172017e-01
-3.829492289712284059e-01 -4.482757497183987305e-01
-8.444652459652562948e-02 -5.255513381611939261e-01
-4.785568177479259666e-01 -8.254220785269562877e-02
-3.681670552110980488e-01 4.720331252488925156e-01
-4.025308163993163713e-01 2.743418738691109637e-01
2.896648196458718183e-01 5.126865041360516573e-01
1.127749738804757762e-02 4.720193690163238531e-01
-2.589409833914926851e-01 -2.311681114699697809e-02
-1.061225942889093693e-01 1.844094672733357365e-01
5.092777068523606232e-01 1.370325304237968722e-01
3.061826849106221160e-01 -3.409248643603724482e-01
4.502243080389493612e-01 -1.839613912000646057e-01
1.461592930527978729e-01 -2.937244619531735254e-02
2.704439598197385108e-01 -1.385052026448267692e-01
