-1.340448712004140008e-01 9.754216605934705742e-01
9.094560918591841903e-01 2.452027127066758461e-01
3.920504817238520401e-01 8.158018855367171751e-01
6.154691330156497608e-01 6.644511294829515968e-01
7.994517768235881450e-01 -5.409370746325643520e-01
8.642310513634696711e-01 -1.927682115154131237e-01
-6.730800534741796515e-01 6.224507755062042014e-01
5.650312989739765257e-01 4.664487017287193282e-01
-8.695974859239444799e-01 2.247404139529269040e-01
-1.284044425570942394e-01 6.418839109748990523e-01
-8.513411203241919578e-01 9.051271099954459609e-02
3.631980342974433507e-01 -8.047260669674815015e-01
-8.148474738505044890e-01 -3.605935297475790779e-01
7.495508739440760737e-02 -8.892755199177588832e-01
-2.616012231913017461e-01 -8.354231667711603526e-01
-5.542293404672806734e-01 -5.982838182415741723e-01
5.884137637934112597e-01 -2.470435591176908530e-01
4.953754788732416259e-01 -1.521875067187341557e-01
4.333759591877319739e-01 9.382143058306642580e-02
2.321758232235168473e-01 3.686104701887353285e-01
-6.809155593890671154e-01 -1.381301268203914689e-01
5.973696460305632366e-02 -6.363995109765908653e-01
-1.337274655750597674e-01 -6.611796003576182468e-01
-2.028114165569853133e-01 -5.536745028190103168e-01
-3.494233558949356722e-01 4.069217156772834132e-01
-4.494746028286639716e-01 -7.214333191442180715e-02
-3.916174330288798022e-01 2.296052504710517084e-01
1.341581113105413392e-01 -2.815109814287151679e-01
-8.816981624462401357e-02 -3.131468553965117141e-01
-1.135290031233757713e-01 1.811934956757597082e-01
-5.434105498519736094e-02 -3.518457030947502728e-02
