9.390058376368096149e-03 -9.962936158706630074e-01
-8.967311546341858453e-01 -4.114931373092666766e-01
8.981637197046797860e-01 -3.929635722898183747e-01
5.898608226724342263e-01 -6.891162579660461418e-01
6.292057814834980389e-01 -6.338172428123407531e-01
-9.145923523648563647e-01 2.342875325410203879e-01
-5.610337010730013230e-01 7.381279216958327449e-01
2.016572780965892042e-01 8.828880471009586950e-01
2.661612366950799058e-01 -7.036503704860465058e-01
5.016811991892797806e-01 -5.101011139841151731e-01
-3.300061166937613422e-01 7.671507153830969816e-01
-6.109826160469734591e-01 -4.559463072778536796e-01
-6.368301573227187484e-01 -2.305532073267523019e-01
7.301607574226234160e-03 -5.822827908134113883e-01
-4.303627297181732425e-01 -3.960515698628534476e-01
-1.296928829777677095e-01 -4.904314648356478124e-01
3.678426330886531148e-01 6.817778275330887983e-01
6.559854191198024598e-01 1.760584692843474575e-01
-5.428062522329231143e-01 1.095283693488599205e-02
-2.775854270376948985e-01 -2.368081088845008231e-01
-1.906796255575580190e-01 5.917308894185795420e-01
-3.772785499989872449e-01 1.994110697439762381e-01
4.256079343246940150e-01 -6.220330295009292992e-02
4.578231353437205442e-01 3.403936491944725140e-01
-1.879684561388640651e-01 3.792761387147308150e-01
2.204425979744885633e-01 3.933754367584100797e-01
2.284575198334697355e-01 2.393003464131392422e-01
-3.708307267142111480e-02 1.708919748158862495e-01
1.572324042963872681e-01 1.689754086222237245e-02
