-6.284892482011210646e-01 -7.693557973482639811e-01
-2.695424146404863941e-01 9.172975573400035110e-01
2.944453765629573283e-01 9.284350274126461633e-01
-8.755045607226796811e-01 2.260993560021748450e-01
-4.881126019504320457e-01 7.102033995233392183e-01
-7.151514761725832336e-01 4.719465835235998608e-01
7.376447543672361995e-01 5.890153289520714264e-01
4.726999625111599213e-01 7.735355836462736168e-01
4.643842509551899811e-01 -8.783204488669406063e-01
-6.610965155230121848e-01 3.378875314747949443e-01
-7.390034687185890183e-01 1.095026645628804050e-02
1.825874896849182527e-01 7.248083110184346811e-01
-6.647177652766125266e-01 -1.705080961356818525e-01
-2.215628620956329176e-01 5.425222226933282821e-01
-3.695135799493864392e-01 -7.299312500023806827e-01
-2.246996537491039760e-03 -8.689823350629135579e-01
2.114126574672368641e-01 -8.013418612394905827e-01
-2.233606382559370496e-01 -6.049092197386993774e-01
2.028565707026919462e-01 -6.820223384910090170e-01
-3.157081236274498770e-01 -3.906855713238335248e-01
6.514234240866710879e-01 -4.484677184036101605e-01
6.126196344028683738e-01 -3.732922111883649197e-01
6.735305506985544977e-01 -1.859079089449930128e-03
3.271941295467715727e-01 4.094900985968157325e-01
4.554571571326742480e-02 3.586767886577614250e-01
4.350229112553933297e-01 2.469660612750798345e-01
4.230511895323133542e-01 -2.006481199998748910e-01
4.590319209360097519e-01 4.824497763147560930e-02
-2.746311301241987635e-01 -5.072882496626988577e-03
1.398879603003149730e-01 -2.452208795701626975e-03
-1.345300083313073465e-03 -1.723862540577877356e-01
