-1.570981301210153946e-01 9.381839786700426620e-01
9.465948669646334634e-01 3.379078745536307805e-03
8.678978581138561132e-01 -2.722413895416509466e-01
6.812814054588242074e-01 -6.130765090586057786e-01
6.549677585173915850e-02 8.335841307862386085e-01
4.191030292691542702e-01 7.218457973541437811e-01
1.448988858439755611e-01 -9.031816481424117526e-01
7.228599346226867173e-01 3.404661525610311323e-01
-3.922735679117002605e-01 -8.340914174935167846e-01
-8.834299250943661308e-01 -9.888950922602698923e-02
-7.291710406502450725e-01 -4.819181303860382015e-01
-7.821888438352989636e-01 -3.479766405822425912e-01
-4.564691701953401126e-01 -6.597571427464893334e-01
-4.090519213613693639e-01 5.719032486498893952e-01
-6.313397064798558223e-01 3.588987227829051330e-01
-6.697932562280840552e-01 1.819261708538389422e-01
-1.493228960252363235e-01 6.045900407075108784e-01
7.004018852743587598e-01 -1.413005334810236713e-01
4.504400785531730844e-01 -5.427374741114191492e-01
-1.680903522579551279e-01 -5.874382526436189300e-01
2.605353070073583854e-01 -5.554207152039624118e-01
5.790364247755677152e-01 -2.130124351420449244e-02
4.592016482581242065e-01 3.360402236619531302e-01
3.619268568555859544e-01 2.841895747292635943e-01
1.078244859993499061e-01 3.957429388765800193e-01
-5.528718145588618071e-01 -8.529586369771532950e-02
-3.878287909568116087e-01 1.229462095457408144e-01
-3.306522442164626097e-01 -2.056641012242394206e-01
6.470699701240342772e-02 -3.657952084932178383e-01
2.074264741086823960e-01 -1.154299944435183412e-01
-7.214388230147976422e-02 3.482012409858349644e-02
