5.258693117064023870e-01 -7.696746574296942089e-01
-5.992561385177327393e-01 -7.439809788982291172e-01
-9.255813037787806730e-01 -2.375379133452160396e-01
8.996617124673045307e-01 1.510829293789984207e-01
7.077786768051114175e-01 -4.300896674984383550e-01
1.007986054839480894e-01 -7.115753698536665395e-01
5.919151815965834063e-01 -3.854764723018858086e-01
2.035961904968579608e-02 9.865722984180312904e-01
2.578410545307925905e-01 8.869761764592039022e-01
5.920210037750122112e-01 4.646448081273938380e-01
-8.405271578971552637e-01 -1.771567123675204733e-02
-6.680530743744581557e-01 4.133447863922694032e-01
-4.086898644800933678e-01 6.466151803126363173e-01
6.521060488099682251e-02 7.547547975439415913e-01
-4.864802882156542552e-01 -4.679067991468616183e-01
-6.071203125140541834e-01 2.186228111115949557e-02
-4.667479579480411367e-01 -3.235222094592594133e-01
2.081869350076220593e-01 -4.262856464379667365e-01
3.544398655096609452e-01 3.450166422366811592e-01
3.417632509908440364e-01 1.989553245979847895e-01
3.098588017498662417e-01 -8.539846294728370424e-02
-2.895094622844168186e-01 -1.852566621708101879e-01
5.021602548540585187e-02 -1.764307645066401087e-01
9.146054048543707238e-02 5.179990407772847583e-01
-9.336101269048169282e-02 4.370164004927879486e-01
-2.266480768208828933e-01 1.601999130711477259e-01
-2.843860469091524096e-02 1.918518745629546329e-01
