-9.229071664025942923e-01 3.677837694021379167e-01
2.198034075879160554e-01 9.554929220671799506e-01
1.001360922279326132e-01 9.760122029119794318e-01
-3.482375267863392354e-01 -9.141440098001848424e-01
4.566142840396723024e-01 -8.392602911833423329e-01
-6.623036742209211791e-01 -5.637471661309074733e-01
-7.076367614259793104e-01 -3.965147393530146780e-01
-8.007195563884046408e-01 -2.267111786737901202e-01
-7.052303912606960878e-01 -1.309539946332828886e-01
-6.091084218224801505e-01 5.124018465592127258e-01
-1.772887791544268399e-01 7.512562590712990040e-01
9.146034714674960986e-01 1.624944307110932906e-01
9.019605249707389749e-01 -2.178961746437276803e-01
-2.242513405325093634e-01 -7.056722054304548353e-01
6.704799193192345630e-01 -5.013741234401676294e-01
-4.977819179540541317e-01 3.648681479611475265e-01
5.816243877363831416e-01 4.495509204212923549e-01
3.914288631929782603e-01 4.777001528213014048e-01
-1.814555943462149989e-01 4.769736420190058834e-01
2.341389036430401305e-01 4.391615172644858789e-01
-2.618534522179324364e-01 3.119617802643991356e-01
-3.286859930301676003e-01 6.715393674620606657e-02
1.702659563274438459e-01 -6.377020552184148316e-01
-1.159293939952234787e-01 -3.418906787469565001e-01
-3.528062466901926014e-02 -4.522727268205855022e-01
6.655794982406404436e-01 -2.788385831576973284e-01
6.291429058383526396e-01 -1.337173988615324161e-01
1.655847263428261440e-01 -1.161768809405235581e-01
5.136399117869498987e-01 -8.425181480210158780e-02
3.542476401882887482e-01 -1.198409403170007659e-01
