-6.058640861737166899e-02 9.968493796597159839e-01
-6.687827622821094220e-01 6.940051713626860241e-01
-3.786770825328914514e-01 8.796285208684644363e-01
-7.251183244969172659e-01 -5.359441874025112629e-01
-8.786769703295475020e-01 -1.965713298895801764e-01
-9.277735988635138487e-01 -3.822819864663139916e-02
-7.983872913634696422e-01 1.173735141176775326e-01
4.935115610379354756e-01 7.247398491981597024e-01
6.152794767431527534e-01 6.428236784167622453e-01
9.388289978953869852e-01 4.562168012040213050e-02
7.152891088759348870e-01 3.852503396467623076e-01
8.112729726550165221e-01 -3.565337037431825506e-01
5.463492712479307845e-02 -7.516756838055166368e-01
7.393699650682685753e-01 -1.430111776272263713e-01
7.033618778477256361e-01 -2.602098557497435349e-01
6.685292177627698285e-02 -6.378653421825768444e-01
3.724165674890004829e-01 -5.499561711681224541e-01
-2.322262301959163167e-01 7.002330445972092532e-01
-1.840469380724818471e-01 -4.478193012446199939e-01
2.568501345095104416e-01 -4.096604574357776141e-01
5.062592171283423204e-01 -1.377709091842571898e-01
4.435349478533694434e-01 2.566382122025838153e-01
1.779771249730270621e-02 5.981717709942727668e-01
-3.906324085639414356e-01 -2.844275445799718804e-01
-3.207255250860885920e-01 4.466209138308981919e-01
1.003194511294455277e-01 3.624017962602227305e-01
-4.296338331981344738e-01 -5.122431602573036813e-02
-3.608193254696437924e-01 9.832908200708992408e-02
-1.343783084972185460e-01 1.032949714080952791e-01
1.541300706986715452e-01 -9.573159740639405196e-03
