-9.845306703137862714e-02 9.949454484228467122e-01
4.035155670528613459e-01 8.926620720284309529e-01
9.316311146034040869e-01 -5.273932664523645064e-02
2.811791890311010067e-01 -8.986890845510455694e-01
3.647784668420600007e-01 -8.401507548349727017e-01
-4.543918222676527480e-02 -9.190278436709752308e-01
-6.024115158286499350e-01 -7.174861690032977579e-01
-8.436556404452434377e-01 4.067503326461601731e-01
-8.861168042162791414e-01 -5.302975431063913087e-02
6.479147843289450037e-01 6.567581101649058173e-01
6.882037624454414582e-01 -4.221396584379235040e-01
7.103783965655752208e-01 3.433029747775923068e-01
-6.371176821489170639e-01 4.026570750182137948e-01
4.250044089900960054e-01 5.381491157817829274e-01
6.198642111662641674e-03 6.639241570084153388e-01
-4.899278955905668753e-01 4.502766310539209615e-01
-1.368006853915737508e-01 5.712372975070203474e-01
-5.256784370946361307e-01 -5.078120436294299989e-01
-5.513618244666484980e-01 6.732267757150454945e-02
-5.219874576544313305e-01 1.499618786215690391e-01
5.437832698979515600e-01 3.125017474729821498e-01
-3.628710916625900729e-01 -5.773831485284910414e-01
-1.374445365652967321e-01 -6.008781384665637937e-01
4.554665678568508569e-01 2.241541988464719470e-01
4.780323187883233071e-01 -1.887950409815403463e-01
1.709348105561199482e-01 -5.065481872082739923e-01
3.364959767165195403e-01 -3.437798512476585855e-01
1.102424553533974394e-01 2.534286070138471736e-01
-5.996862362031127325e-02 2.145389285555196479e-01
-2.327129447059914646e-01 -3.423584120626478322e-01
-1.619894333779962614e-01 -1.459599262455745228e-01
1.797839292852531912e-01 -2.153449286196731094e-01
