-9.221545046345833163e-02 9.444589111584128505e-01
-2.324701075934956229e-01 8.849777887986342018e-01
-9.237362825859669613e-01 -3.255113486438304671e-01
8.326964795260622942e-01 4.462034988935845714e-01
3.301786319795418367e-01 7.693746970614209202e-01
9.245164778548753404e-01 1.505683543147263714e-01
-6.866085157716105281e-01 4.166961047891042380e-01
-7.208435419409330303e-01 -4.668536668278969182e-01
-5.268481813628027588e-01 -7.436670591872029945e-01
3.163762241362637617e-01 -9.331995733031895890e-01
5.527430911013052166e-03 -9.484415256569437291e-01
6.804831468746188605e-01 -5.563834689459370431e-01
-6.923685053908248399e-01 1.441789645783551066e-01
3.467076755888200967e-01 -7.210880182522508841e-01
-1.975828776143608856e-01 -7.295526095179066806e-01
-3.648666884933238763e-01 -5.465563782813346316e-01
7.516566482688799566e-02 -6.600708741941611057e-01
6.159745217598341371e-01 4.342815340234557064e-01
-1.882988892884600862e-01 5.504230218926540186e-01
6.416066151068208212e-01 8.182643269880496284e-02
3.393702593275211843e-01 -3.335030022748807776e-01
5.058444759063992491e-01 -2.044189265210775430e-01
4.722343875846534145e-01 -1.309257539058180653e-01
4.594479375875034077e-01 1.987032279197962770e-01
-5.057246738259160157e-01 7.109560453989938189e-02
-3.556408365499099111e-01 -6.230445743651530366e-02
-2.952425424167227641e-01 4.832539335518710316e-02
2.523132360317768483e-02 3.829223294023793023e-01
9.743798134564468638e-02 -1.356772299478153920e-01
-7.218467775693535038e-02 2.180170160116618183e-01
2.125094397908283139e-01 1.368857389502906030e-01
