-8.209031295053419441e-01 -4.075647089168470405e-01
-9.079949124682403783e-01 1.774273582308021624e-01
-6.610132778291666344e-01 5.304844310180621969e-01
-7.863735817881087886e-01 3.266779178107723225e-01
-8.097123037782921751e-01 1.017583232126309800e-01
-6.382692353799418461e-01 -4.632932393342957256e-01
-3.547104735168397638e-01 -7.237903903831419683e-01
-3.635669562786107700e-02 8.729687012338191998e-01
-1.448295012986246522e-01 7.729372666352208876e-01
9.535881505744435715e-01 1.889117737211564452e-01
-4.760182020890192656e-02 -7.993956004891727973e-01
8.626643211973988867e-01 2.887940793191741407e-02
7.102090919265953151e-01 -4.732523660047779912e-01
7.848377803108301798e-01 -2.885207502251587175e-01
8.781067989260780970e-02 -6.983612525480427102e-01
4.013342949032064344e-01 -5.617539891082367065e-01
-5.243689481064321978e-01 -1.441762155903091036e-01
-5.498329450236747462e-01 3.365267960692609056e-02
-3.820920560838287350e-01 4.085598775303532770e-01
5.881698396388696654e-02 -4.070339206342492577e-01
-2.020060663610265816e-01 -2.192001962446436802e-01
2.423071488538438567e-01 5.828005668024921482e-01
5.424271366264509231e-01 3.269886256543469982e-01
4.821549248546599942e-01 -2.219984925671461828e-01
1.903344335071311400e-01 3.812757517705914201e-01
-8.347606619223436886e-02 1.786459159222051063e-01
4.128470021140248081e-01 8.536093046334640444e-02
1.313496062791040253e-01 6.302203046287278843e-02
2.045700773595253985e-01 -6.029244664613977317e-02
