9.328491938078078416e-01 -3.434394333619514850e-01
5.344727165157575621e-01 -7.652831764519304469e-01
8.826967027498544560e-01 2.184807411133027344e-01
-1.937238216603124619e-01 -9.056148884495455187e-01
-7.539688456279777240e-01 -6.030358335984674634e-01
2.907275154840507359e-01 8.756336819979825270e-01
-4.263279351014227503e-01 8.923898724178140895e-01
-7.104050674556859901e-01 6.553229940291500633e-01
-9.229019840607547431e-01 9.170186278303196770e-02
6.685832632922716900e-01 4.086509169262840246e-01
-8.433019807489514075e-02 -7.072420497835688602e-01
-7.613553341303882505e-01 -1.052985852989936078e-01
-6.774607548200176632e-01 -2.962547710626949327e-01
3.660172161020859849e-01 -4.817440371933878751e-01
-2.600764690916460009e-01 -5.312028209701661341e-01
6.089187581294120966e-01 -2.039437231217426094e-01
4.672857838741809600e-01 4.962278999986827754e-01
5.551589505579788142e-01 -1.175569412257439217e-01
-2.183316216089372375e-01 -4.211487760935304081e-01
-6.304865303274339583e-01 2.601603805356835220e-01
-4.910784611233123820e-01 -4.092448954376390335e-02
-5.129927351839458360e-01 2.871747470926541701e-01
-1.315172042084286064e-01 5.714042479764012139e-01
-3.753487251985331841e-01 4.407813137401211945e-01
4.033748420347112451e-01 -8.430970199137113874e-02
-2.490691118137814408e-01 3.448114004183347459e-01
4.864139269652602293e-02 -1.747369887192489757e-01
-4.642465014663074013e-02 -6.656487018883190665e-02
1.010349226621511803e-01 4.363475637162468335e-01
2.517044250714232101e-01 2.584879092274645629e-01
1.053430264613982037e-01 2.436740802196477318e-01
