-2.949858605488069885e-01 -8.628693607040687219e-01
9.439249889174354813e-01 -2.817768504924254014e-01
5.769350748347510383e-01 -7.092375963042047982e-01
6.008175803369929513e-01 7.980798564199880207e-01
1.195428699544732742e-01 9.553929894441108850e-01
-9.378867000163733092e-01 3.313214323522534199e-01
-6.611196257486944283e-01 6.697661826934765417e-01
1.151676816007270454e-01 -7.259179362639883726e-01
-1.429767342215504111e-01 -6.430321327361477879e-01
-6.799072785097637350e-01 -2.494450323214088550e-01
-2.317684387213554686e-01 8.134947194105852653e-01
-7.331218771113164889e-01 3.296206398355083222e-01
7.597411088218258834e-01 5.518476246749268871e-02
6.572900389707122537e-01 4.715554860900882939e-01
5.154538246599286166e-01 4.957731560963616335e-01
-6.314882433011902441e-01 -3.721765213606262161e-03
-4.809726570089069980e-02 6.159583641173622670e-01
-5.000712055981877402e-01 2.968521740927141939e-01
-3.287148506976569906e-01 4.020744832206616937e-01
-3.997386235498342488e-01 -1.055769229970231204e-01
2.602237284921893878e-01 3.897348964012365968e-01
4.993883431957430452e-01 -3.349622540909391044e-01
5.032425598469394412e-01 -7.102126815410066130e-02
3.993743396948870039e-01 -2.732460738077354123e-01
-1.787457960902198717e-01 1.299081491493493390e-01
2.480594717875809208e-01 6.400852537391997499e-02
3.305229507473346484e-02 -1.363516082420038467e-01
4.437383052577090203e-02 -3.061141478122253110e-02
