-9.376812758846089224e-01 2.118489772385328818e-01
-7.863935264043140361e-01 4.436716626549677134e-01
4.298512227218181936e-02 9.092412266110705410e-01
-8.652598015871315607e-01 -1.275877504126160800e-01
-7.923147929087932528e-01 -4.702982921894557355e-01
-6.210557983625177858e-01 -6.406260101911860350e-01
-4.630352129095530178e-01 -7.274807240093977834e-01
6.114060891100825401e-01 -7.713671250309611649e-01
2.696862170649347856e-01 -8.857380431991519476e-01
2.921562421330659021e-02 -8.147351456420132143e-01
-4.539580231151019163e-01 6.048286043096247067e-01
8.193382749158245604e-01 -2.487634185274896770e-01
5.945468751633194993e-01 5.045551968052083280e-01
6.930550105306850783e-01 3.565756466980352091e-01
3.894937354426135090e-01 5.353692416463639026e-01
-2.284603115839594634e-01 6.637008815083871305e-01
-2.007462005158238416e-01 6.280686712938933214e-01
-5.518712306233988230e-01 -2.695646761569003291e-01
7.140533737902428069e-01 -1.710316294517544300e-01
4.237748504033480024e-01 -4.721275617681953696e-01
-1.222932715399414061e-01 -5.558532952307702057e-01
9.877893986202837540e-02 -5.440726320817992345e-01
4.851285458149641738e-01 -1.537713093823197541e-01
4.935502718105031494e-01 1.008090606007334966e-01
-3.529428057745034319e-01 3.735256725266030697e-01
-3.781273794206539418e-01 -1.812026982059046498e-01
4.500455975102573419e-02 3.743016058322704565e-01
1.161565599942560173e-01 -2.746137848240210455e-01
-8.089392502059870871e-02 1.977716346167519568e-01
6.968196957677907921e-02 9.331364949723391922e-02
