4.218869039080169192e-01 8.412682161762022881e-01
5.742215960345976589e-01 6.908937184273025167e-01
-7.042610913433382247e-02 9.849424556808376030e-01
-5.195985200884756239e-01 8.511051150411822475e-01
-7.925467300490702804e-01 5.994563751425406872e-01
-7.825671077520600649e-01 4.981911953142633687e-01
5.205797947742488718e-01 -8.365741928042615960e-01
-9.172659344529268122e-01 -7.825051204613188427e-02
1.169259117113497642e-01 7.366979552165290324e-01
8.025961809635382416e-01 -1.079295303201135009e-01
7.427757760758177952e-01 -3.871329078770891496e-01
6.203255617439084636e-03 6.968725463471933113e-01
1.971767820606853683e-01 -8.060622882142535195e-01
-1.981300917621406643e-01 -8.254859532786322784e-01
-4.437244356481919172e-01 -6.724659157545090915e-01
-7.341359689406822264e-01 -1.088764942376805739e-01
4.996088679100881835e-01 2.988776069683098946e-01
-5.753087503933944635e-01 2.235754212486968651e-01
-2.053861283507509294e-01 4.818665984830242111e-01
5.636361129977688345e-01 -3.914019720807597191e-01
4.991013685026120528e-01 -3.124988069442602261e-03
4.857651020719202517e-01 -1.400907141456748106e-01
3.618536631105710027e-02 3.726024585035470071e-01
-4.392141172109592095e-01 -3.697502059605108915e-01
-1.082826672100912074e-01 2.252611024039948562e-01
-3.889094387170617950e-01 1.164925787791208922e-01
-3.183149975479715454e-01 -1.558275756899458742e-01
-6.389458514849874482e-02 -5.292277698467535707e-01
3.228976705482284881e-01 -3.979676105927431595e-01
3.864304592579390768e-02 -1.743258624809995994e-01
8.394051020605847180e-02 -4.023534077781463769e-01
