-8.877665746637336541e-01 3.167875009425056843e-01
-8.530428105527080307e-01 4.327835368141397070e-03
-6.868736713100922486e-01 -5.051810042333301221e-01
-4.448100578231366231e-02 -9.188131111857359423e-01
-1.760495201164785917e-01 -8.896612994329676782e-01
5.688696790996782271e-01 -7.325166616753094884e-01
7.169309864196874438e-01 6.953257371005528986e-01
7.884152505537309619e-01 4.226463621883708166e-01
-4.062641839836924479e-02 9.246998446868203159e-01
-3.724924157440530625e-01 7.615563539904088852e-01
-5.979257715699124454e-01 4.395198086900781176e-01
7.717153153093499196e-02 7.339079263088522653e-01
-3.421724326123335991e-01 5.776306454030705195e-01
6.309839243318214885e-01 -4.583591467561563548e-01
-4.632993434724933524e-01 -2.149694097120704028e-01
3.794030790710634093e-01 4.503769342007709064e-01
-1.553921903842344632e-01 4.794052945947977484e-01
6.190593537345864261e-01 -2.279078595822602582e-01
4.497545798320148336e-01 -3.492454912275415047e-01
1.615924223574187512e-03 -5.402523476047709217e-01
-1.760543616329998118e-01 -3.388819956466929129e-01
1.443637541172514693e-01 -4.247163136607790546e-01
-7.212509818463044842e-02 -2.893387484407895505e-01
3.874750378322402433e-01 -1.850245222079958118e-01
2.615450040712478108e-01 -1.190191524087319819e-01
1.456600894270560220e-01 4.156846405454579507e-01
1.366400850925848509e-01 9.617801212262525046e-02
6.942105144625475288e-02 2.447544807683648127e-01
