-9.886190633872273814e-01 6.789340404767282844e-02
7.636322567613399448e-01 -6.167777242308255525e-01
-8.282820243329663823e-01 -5.531658466793490936e-01
-6.387921720144310589e-01 5.925875277733740898e-01
1.555861305236094505e-01 7.960496621360557690e-01
3.125991070213852141e-01 -8.783746451331205796e-01
8.393035240218477133e-01 -1.190498566578764711e-01
-3.024324438997107872e-02 -8.371578893868758531e-01
-4.039366064783589949e-01 -7.463546671161934709e-01
-7.402548968140353347e-01 -9.208781715328620554e-02
-6.497383515255251707e-01 -3.690906042489925931e-01
-4.463193469461106400e-01 -6.161496936862479457e-01
-1.600252375610433375e-01 -6.890099451698940003e-01
3.226881324141085416e-01 -6.520577722804082876e-01
-3.516154051737334085e-01 6.699557765748852534e-01
-5.294039241387825667e-01 2.605811384122234675e-01
-3.330845473670080992e-01 5.254893727991952757e-01
6.378933189819423477e-01 -2.002887522244780616e-01
5.065265728350961671e-01 3.834117421212565602e-01
-2.783088039955985971e-01 3.303987250926777586e-01
5.532686865073033200e-02 4.729361045794517882e-01
2.116971638480062978e-01 3.458653404932235942e-01
4.782138315605751755e-01 1.370023493286237348e-01
3.510987188997637398e-01 -3.845114672964266567e-01
3.604455751351186010e-01 -3.611793660964711383e-02
2.246236949542280426e-01 -1.156224468747961975e-01
-3.025336789937732584e-01 -2.631849820468710188e-01
-1.922348427288050610e-01 -2.034770569666913553e-01
-2.471370522396584835e-01 -5.677725368759865832e-02
