-5.396984867849110579e-01 -8.159260236691536772e-01
-6.428300478379965766e-01 6.811154352301718173e-01
-9.019640786596178073e-01 1.500026724649030085e-01
-4.932587006619193470e-01 6.514680363578071454e-01
-8.569715178886344598e-01 -2.866061430624001205e-01
-7.803590629012769897e-01 -2.795115604182508151e-01
-7.471030543695840187e-01 7.559115605913702129e-02
-6.359000925992380759e-01 -4.871329791523092978e-01
3.223557193067744797e-01 -7.757644514197551411e-01
8.280404846004104646e-01 -4.276636569309938962e-01
9.958431373344573956e-01 -2.610970479052747081e-02
7.634435165910463672e-01 5.598762521518154678e-01
8.493476676269073877e-01 -1.735171594644626392e-01
6.067600054696600242e-01 -5.422550693023238111e-01
4.299763021832966881e-01 7.129794852889796974e-01
7.810662798876774060e-01 -1.178719983623743688e-02
7.346284171298654853e-01 3.150611343759410765e-01
-4.765471007928799574e-02 6.521420670867779101e-01
1.954674507308598319e-01 6.438510063204940792e-01
3.950434471861575814e-01 4.897960006394918575e-01
2.767139602418003039e-02 -7.093648710637113775e-01
-7.792478001095062834e-02 -6.777037215948874538e-01
-3.587494063524799826e-01 2.731264695417970900e-01
-2.705289836003217929e-01 -3.785289272827056517e-01
4.545147617843127430e-02 -4.471569097777720048e-01
3.763616192619931855e-01 -2.449610214956833842e-01
8.428985455721034470e-02 2.753754141896793683e-01
2.692145579699014579e-01 4.928024375955532971e-02
1.552234035097526665e-01 -1.468479966384694108e-02
-3.853939207851492799e-01 -7.261275116341711633e-02
-1.619954709141752380e-01 -8.639614906529535787e-02
