-3.660883927422369788e-01 9.208352353188126171e-01
-6.698392507356418779e-01 6.487583465503329316e-01
-4.853915743483075418e-01 7.951248090994732509e-01
-9.122863253758687341e-01 1.776007918594068868e-01
5.592046685786346005e-01 8.287967791025993014e-01
1.632606394409059636e-01 8.351356851004726467e-01
-7.106072512647445549e-01 -4.901435304651569624e-01
8.906475550130431573e-01 -2.640025398922142275e-01
-2.131922580950864621e-01 -8.439966922502766256e-01
8.591882448145097273e-01 -6.039302843724576875e-02
2.803038011992375345e-01 -8.074544384850208534e-01
5.039569675252485448e-01 -6.714887656006695016e-01
6.865645479516550020e-01 4.676523541023657748e-01
-6.336312587601956592e-01 3.161811820960898634e-01
-4.728090003019314036e-01 -5.581584682980547107e-01
5.606260368034097219e-01 -3.457351254272210128e-01
6.620087976023905085e-01 8.404080301745320281e-02
3.358175970723989434e-01 5.264395171704244758e-01
-1.667352544846990303e-01 -5.940969652039801430e-01
2.153655823472922226e-01 -5.160283563918449667e-01
4.621580622064505595e-01 4.454885237371008361e-02
2.177655266396805456e-01 4.087045767565029020e-01
-3.903670964203299620e-01 -3.627369133715715455e-01
-4.211135476123816224e-01 -1.159260186109200147e-01
-4.376607872953521272e-01 9.705554119042462957e-02
-1.011391640487551147e-01 4.131315889082928794e-01
-2.368910157509086511e-01 1.899783169358666424e-01
1.830483855994432044e-02 1.594361499908524549e-01
6.010649172020064712e-02 -2.467409400380187190e-01
-2.568659445519420187e-02 -2.012758347299431205e-01
