7.816772981571227241e-01 -6.145533965390037601e-01
-7.481615675428366918e-01 6.432397864337058291e-01
-4.478908007608619068e-01 8.783075803045310437e-01
-6.045864209079205853e-01 7.451364993862620301e-01
-7.354136346495219285e-05 9.340806168403122944e-01
5.794252729651003797e-01 7.382416975488224065e-01
7.840244847856974175e-01 4.658865523831212108e-01
9.041659419225103189e-01 1.269783628413911070e-01
8.759456755179264587e-01 -1.816821403208810498e-02
4.899430596845961161e-01 -7.036304855885819887e-01
-5.445854649015313687e-01 -8.075634454969683462e-01
-7.951603799156093944e-01 3.214573986875333689e-01
-1.348078790586395431e-02 7.682725024085235166e-01
-8.514196280533030681e-01 5.541139761357263133e-02
-2.799040213957872947e-01 6.673773834988030451e-01
-6.049038339653720802e-04 -7.527248095167633490e-01
-2.520962666664079976e-01 -7.243552494247916806e-01
-7.431891294462141806e-01 -5.031603110539117907e-02
-4.811051086151498235e-01 -4.744385418267709209e-01
2.047209961932031363e-01 5.824539418733776230e-01
-1.627191624045550289e-01 4.448830505656303780e-01
-4.503825285200204198e-01 2.328460393321847843e-01
-4.790666359022130449e-01 5.386173026269328902e-03
-1.771153067904277512e-01 -4.874022913146256464e-01
-2.829183361663833995e-01 -2.789473752969593989e-01
4.269360705798626032e-01 -3.714209667709199025e-01
5.254848190057066493e-01 1.369782612941694011e-01
4.177963058474522540e-01 3.073097981982857441e-01
2.682908029167065944e-01 2.258749400633947857e-01
3.551594529957751711e-01 -6.697835895694405350e-02
1.596104390499902270e-01 -8.141787043534085000e-02
-5.405112079174829998e-03 -1.831968907051512996e-01
