-8.435899687448129569e-01 -5.131948061764319835e-01
-3.006866510556350791e-01 -8.944111819106778105e-01
-2.826295247770861385e-01 -7.800517147048886546e-01
-8.067359865103514993e-01 -2.674411758766409020e-01
-6.804708374415936456e-01 -3.452474631089654244e-01
4.838707915651253022e-01 -5.969013007534769155e-01
-6.423324469268545389e-01 7.100467131979022462e-01
7.448964278099572400e-01 -1.913393482587405492e-01
7.940598678924158937e-01 -5.249470783658879286e-02
7.448491427521628516e-01 1.487655952889287980e-01
5.392894627244944061e-01 -2.881894662293361664e-01
6.541795418525669925e-01 2.270256191018613368e-01
-1.232636363523733070e-01 9.249303352663817979e-01
-4.278981263450434280e-01 7.072053017626732663e-01
2.838397441758011008e-01 7.828033966424267076e-01
3.834797921837007628e-01 6.232896817248969601e-01
6.415582171193956462e-02 7.068343694431735713e-01
-2.256428063298393238e-01 6.478939788667129607e-01
1.393866168477632395e-01 -5.272605303362293272e-01
-2.320683068509906966e-01 -5.028724373825800287e-01
-4.336029521526508779e-01 3.250023814375991305e-01
-9.598180662409117048e-02 -3.992058038156800492e-01
-4.359631119388981957e-01 2.988918421455299262e-02
-3.449577516565934809e-01 -1.183781804031861645e-01
1.968093861691151969e-01 -2.057497575934454648e-01
-2.408649914156789085e-01 1.832280664430589179e-01
1.451916787396098085e-01 4.436259743124288391e-01
1.648249270630046115e-01 2.215112234499903299e-01
1.858686992427186491e-01 6.087593102325447592e-02
