-3.444185043826989423e-01 -9.243187235145986502e-01
6.732359026869712271e-02 -9.089483135312345086e-01
5.126214019922074039e-01 -6.802699141521094672e-01
8.517220483523597618e-01 4.498386315308021688e-01
5.969392538853273145e-01 7.090686110280954857e-01
1.071773048989586585e-01 9.900057421473835717e-01
8.456810440596553846e-01 -1.029004740545173130e-02
6.072964056794996068e-01 -4.228118983046879609e-01
-8.906734367417044052e-01 -4.416013146687183255e-01
-7.111972277866228653e-01 -4.896377246321394483e-01
-8.844705477629202228e-01 -2.552750338256795301e-03
-9.604293230282767713e-02 8.621677725481706744e-01
-2.821377270336939413e-01 8.019435458764445634e-01
-5.507574311781952003e-01 6.200984116906803623e-01
1.644442882006104389e-01 -6.009152325784965498e-01
-4.582564571199042036e-01 -5.374338206574611476e-01
-3.114778943507120479e-01 -5.857816064387999511e-01
-7.125109251268585409e-01 4.344986100334878587e-02
-6.487466662261189843e-01 2.464305566394597025e-01
6.164663862519302873e-01 2.907322198076603414e-01
5.707780794403175539e-01 -6.969700859266742508e-03
-2.621727484776633643e-01 5.583718612458690167e-01
3.714845624225703857e-01 -1.760855570343268228e-01
-2.856746097661154726e-01 -3.235280615969614582e-01
-4.744774092736018245e-01 -3.094699179235326988e-02
3.005460703974441872e-01 3.896049752683735101e-01
3.073121882936008520e-01 7.871318796593672340e-02
1.580803389242031176e-01 2.920402518669399927e-01
-2.157347918744288440e-01 2.648178529980547147e-01
-2.088640510217676105e-01 -5.178607274358767304e-02
-4.227320543326915786e-02 -1.470435311253334362e-02
