-5.300225839781076420e-01 8.162197638224575336e-01
-3.749166658982033273e-01 9.076000404647943665e-01
-1.918699708684700189e-01 -9.553438107510341393e-01
-6.963789282253696200e-01 -6.336077923702437831e-01
-5.343924757328080144e-01 -7.316143487019591829e-01
-9.128237884247031309e-01 -1.472369065708665492e-01
-2.177817651600575666e-01 8.592544952433479599e-01
2.014597949980218017e-01 8.493450225584663338e-01
8.219515532170078576e-01 3.410064388237898925e-01
8.378068428167296799e-01 -4.519653389246462982e-01
7.666634955881492797e-01 -5.384709757895667082e-01
8.305710486444838336e-01 3.739746641547816997e-03
2.065190653801380616e-01 -7.494830315252526409e-01
-8.920417196487721856e-02 -7.147124498651777902e-01
5.336091358460597345e-01 -5.050097321707067710e-01
6.921198650439692734e-01 -2.007346991191170937e-01
-7.723062849270000418e-01 -1.773474940216304141e-01
4.822725247545606719e-01 -3.195145293489128346e-01
-5.789868652126187731e-01 -2.852362675431550088e-01
-5.631665436739302644e-01 3.567824275765766884e-01
4.343366702770755650e-01 4.413466604904237034e-01
1.915112764652079635e-01 5.022337924653940133e-01
4.689285201548177295e-01 2.961616392289374566e-01
3.651661654501531795e-01 2.605426213486055076e-01
-2.417097963998545151e-01 4.921318601406816651e-01
-1.477923897719776170e-01 3.962861850474925784e-01
-4.987156098490188594e-01 1.409129619292038560e-01
1.731874569080193715e-01 -2.748578234904375250e-01
2.045652765308472454e-01 -1.000198628554246905e-01
-9.257869520932844598e-02 7.963262221406154640e-02
-3.399904376359036418e-01 -1.377994588300760458e-02
-2.536578232690653856e-01 -1.907521386920892348e-01
-1.904875777378857438e-01 -8.690045144623149975e-02
