5.390000270415222783e-01 8.408318993340427872e-01
7.887531970486950650e-01 -5.204125296569195314e-01
9.002670147088450703e-01 6.412298370596855590e-02
9.081946043187889561e-01 1.805257670350479404e-01
6.748508720733306099e-01 5.866872472803100758e-01
7.534056909320738793e-01 -2.827260467603259220e-01
3.202354433429935310e-01 7.633753298907786089e-01
3.090055861086147271e-01 -7.082933780377959065e-01
-8.135993761903878019e-01 3.523226934369474428e-01
-8.547984432128679089e-01 -4.375299720067540865e-01
-9.117771500979651167e-01 -5.297398097879821299e-02
-8.197272102038548613e-01 -2.967237321381208659e-01
-2.851063662698502532e-01 -6.617334681814582842e-01
-9.510561919680039777e-02 -6.844790483993016261e-01
-4.850348811902216450e-01 -5.071866765712768066e-01
-4.298941510693208845e-01 6.787199085521526953e-01
-7.592386235147149387e-01 3.073855813935142192e-02
3.753241070817917024e-01 -4.284784062773671076e-01
3.524576532299529275e-01 4.987508899981000776e-01
-5.666386970709100801e-01 1.420946868107073047e-01
-4.246485320939837327e-01 4.412225464168143541e-01
-2.140170976483906085e-01 4.398840211235556796e-01
5.693839612790070615e-02 4.424084281264107910e-01
2.512392162633924619e-01 2.487926284050213932e-01
-3.115422288811992013e-01 -2.825016003747384263e-01
-2.803047231424067864e-01 1.159504153663481751e-01
2.329035316973539493e-01 -2.488673972110153898e-01
-1.089901768693006395e-01 -2.288166262556770233e-02
1.109344487442848748e-01 -2.288958699778027295e-01
3.212098312141612594e-02 -1.054411087420692034e-01
