9.509363678762716710e-01 -5.690932454034596660e-02
4.390447681922284295e-01 -8.198475023386146976e-01
5.609219066006674304e-01 -6.666728715290421992e-01
8.160270987076088112e-01 -2.190724700105040612e-01
-2.003052569219530010e-01 -9.395268820102923302e-01
-9.069655807229894950e-01 -2.692896450471478076e-01
1.051164243921103025e-01 -8.399627312904608401e-01
-2.171805477843259391e-01 -8.050084460088188232e-01
-4.946148992289656765e-01 -7.067609781474021302e-01
6.262066967899083680e-01 -3.565948384494607715e-01
7.676347699443176742e-01 2.380288375770674703e-01
1.568889047615213972e-01 8.517087136860683749e-01
3.954549938708338264e-01 7.213977168251792804e-01
-7.179027311678586321e-01 5.271260780916918742e-01
-5.007846129294976079e-01 -5.280247300587834758e-01
-2.201766735299943711e-01 7.997474086318580033e-01
5.132897874836154228e-01 3.670135916451595648e-01
-6.890765207693814176e-01 -1.181519512244429831e-01
3.064791357666018512e-01 -2.734184401606367665e-01
2.050403121061225298e-01 -3.490931997466469872e-01
4.166985356466733348e-02 -3.479872178569980989e-01
-3.051636004167595506e-01 -3.170863178113488834e-01
-5.857382804039140689e-01 3.338496344768017432e-02
-3.286832756238171616e-01 6.283850747838203299e-01
-2.317100491528465145e-01 5.752139953574491038e-01
3.328851921318373708e-01 3.603843239046893854e-01
2.616340547389505722e-01 3.993347846612322893e-01
1.719246523358777257e-01 1.414269226809339586e-01
-3.739791706420851902e-01 2.697610170196573787e-01
-2.440684401071263332e-01 6.643566678844532725e-02
-1.551596609597770682e-01 2.495617912524858428e-01
