-1.476170003596830593e-01 9.752397413934500436e-01
-2.842499664373644430e-01 8.583515847413852873e-01
-4.920329414948715341e-01 8.128896189174152909e-01
-5.136500212427859147e-01 7.715939129064754987e-01
-3.107696780952904358e-01 -9.419687930489715200e-01
-4.396679239342800027e-01 -8.759596311424440174e-01
-8.300435317781994504e-01 2.094001401457514511e-01
-8.014649659839033768e-01 -3.481850941275923539e-01
-6.318862362190075244e-01 4.042270263920826889e-01
-4.368878082360284076e-01 -7.143187812501279321e-01
-7.345982205663228459e-01 -1.562400485428975805e-01
7.047318683580184873e-01 -5.396393534370820255e-01
9.848188710723757011e-02 -6.884210852664810476e-01
-8.135268730767158951e-02 -6.276032813450630465e-01
-3.405287414608816343e-01 -5.232285661141339306e-01
-5.378437128820238167e-01 -1.727383711271079370e-01
2.888578762825428914e-01 -5.545161513476186688e-01
5.035138134708467827e-01 -4.225279015119766668e-01
4.762939524459096630e-01 5.314456214492703223e-01
6.208913619010920648e-01 3.066240658264654528e-01
7.130319073687793052e-01 2.960204705744546444e-02
5.890195951233035965e-01 -1.416998860976569352e-01
5.969183666075678074e-01 8.953579728920670923e-04
3.693791986738497596e-02 5.892169756501586253e-01
2.072310435720139121e-01 5.318700252401974415e-01
-4.028691420384790667e-01 1.527220192211277694e-01
-2.390476494519735429e-01 -9.257999259051215291e-02
1.191970235865559558e-01 -1.040302822827746387e-01
-2.106123792773698378e-01 2.789435316738186899e-01
1.066737694616975152e-01 3.257315689769865741e-01
-2.881145494170121810e-03 1.512585911313987785e-01
