-2.872506266531050373e-02 9.786807465153101182e-01
-6.153788931544701413e-01 6.793566394269320297e-01
-7.391009653670076451e-01 -5.219705698079903922e-01
-5.184220658171582174e-01 -7.802882029143644038e-01
3.096474472955048629e-01 -9.469064274018482719e-01
-1.314628969155482163e-01 -8.962548258950856495e-01
5.774724490074653049e-01 -7.020588584528839604e-01
-8.397557192887217248e-01 2.039210006020718627e-02
-1.422771448585690435e-01 -7.213162600685508741e-01
1.432281583060653618e-01 -7.291549621203884390e-01
8.767167435386261642e-01 -4.984717451178202058e-02
7.387462547857035489e-01 -3.483811765976034813e-01
7.021284805411492913e-01 4.072935458095758299e-01
7.611373320895017391e-01 1.830191328296555398e-01
4.249674285615967495e-01 6.232482209131061657e-01
-9.548210794555099523e-02 7.263824998399847077e-01
-3.463387181143350868e-01 6.395311639304658291e-01
-6.205215378158851491e-01 2.910238540680829544e-01
-6.237078905789076311e-01 1.037597611305967997e-02
-1.803783975400343464e-01 -4.451712926907429591e-01
5.664966477094289798e-01 -1.428983076778552741e-01
4.344975349932225228e-01 -2.562258984990660737e-01
3.662868159124205714e-01 3.895616655983108467e-01
4.063103408391798843e-01 1.071141364050269551e-01
8.539143222520685639e-02 3.783313282384647147e-01
-2.964247437591106538e-01 2.205648805677641877e-01
1.456485775665381233e-01 8.218249883087022298e-03
-4.156686299232509318e-02 2.670022611761487807e-01
-2.744189850787113194e-01 -8.161606366604415297e-02
-1.263846568096460843e-01 -4.384240168172825330e-02
