9.409097490687258203e-01 2.207619878809795322e-01
6.774036682285864419e-01 5.869686696531487557e-01
4.476303104628857055e-01 7.010207211379602121e-01
-2.219451935099390205e-01 9.237553549924377716e-01
-9.484643526366653976e-01 2.145953914365657245e-01
7.143922471598610491e-01 2.500989257753055695e-01
5.669711315497488746e-01 -5.551299678107296520e-01
4.129592798322502811e-01 -6.663232804581266100e-01
-6.457012754831534806e-01 7.038962499455999611e-01
-8.021907748614244271e-01 -4.285349606682027912e-01
-6.757070173862986806e-01 5.411859036989294935e-01
-8.195330253096068107e-01 -2.256370111399332301e-01
2.404845337617660950e-01 5.758287793767967733e-01
-1.591562020707389460e-02 6.753604722797170723e-01
-3.972568709372762408e-01 6.024778638014660626e-01
-2.541493577129882442e-01 5.301277080397593933e-01
4.465494064754066406e-01 2.455223123502477955e-01
5.949384033435061170e-01 -7.347028566070333555e-02
-1.990955051708593049e-01 -7.173420012569674542e-01
4.938607684627990824e-01 -2.838688964249380109e-01
1.053269286491381740e-01 -5.864447815723214941e-01
-5.782874842200159682e-01 1.285011001859551194e-01
-6.030618603224523477e-01 -1.728077215685860091e-01
-3.667777240796816218e-01 -4.700298477016071064e-01
-9.764361436924490212e-02 3.341400786059447459e-01
-3.970527072161543769e-01 4.301488370641470826e-02
-2.818605526789029203e-01 -3.337879784978683428e-01
3.073671925130082583e-01 -2.746236605775638218e-01
2.266793191035317706e-02 -1.801359366961367489e-02
8.781013569207533898e-02 -1.884244607915394609e-01
