-9.319801010796813223e-01 3.330449799271791717e-02
1.321751367547812639e-01 -9.672161411247230944e-01
8.068779359379472105e-01 2.431994191414733331e-01
8.290929583714680140e-01 -8.295341960129400116e-02
4.691252770601178623e-01 6.601860564908665907e-01
1.908781739213359918e-01 7.848207547121144323e-01
-5.439383733761592871e-02 7.898786878922263721e-01
4.460865435442578075e-01 -7.237702777086180150e-01
6.761940799715547845e-01 1.822274133688221026e-02
5.236546898819185447e-01 3.786378984860370167e-01
-3.781874364791313337e-01 6.104154012966634957e-01
-6.620137048349044040e-01 2.116938402251831719e-01
-4.728737428595101155e-01 -6.001515445102252322e-01
-3.285073362041846523e-01 -6.851589850288504202e-01
-6.275248454673869603e-01 -1.949187638341600137e-01
2.349820003098326004e-01 3.917761398728963895e-01
-3.671325258766955368e-01 3.520164933534737917e-01
-6.653144441051422886e-02 3.988759807779049815e-01
3.125046875865863938e-01 -5.570503400843747066e-01
-4.647993244360072995e-01 -2.975888560497301216e-01
7.549482722871005136e-02 2.033049622587803917e-01
2.533164874195980871e-03 -6.536188892795590233e-01
-2.296362381775090278e-01 -5.539745415290412561e-02
-1.924388291276398488e-01 -3.348748399883356291e-02
6.355585334248987917e-02 -4.899390636209530192e-01
7.205131596862657251e-02 -3.924898312773964504e-01
-1.210580802401231733e-02 -2.366412626258881935e-01
