4.447723445470097570e-02 -9.951757995327680240e-01
2.239006164111146113e-01 -9.140916565473776734e-01
-2.713538298439544527e-01 -8.554653656768865799e-01
-6.441793545000636945e-01 -4.983815472145167735e-01
-7.960144396329265071e-01 -2.491466292258468773e-01
-7.506854640508845433e-01 6.147447469480640247e-01
-8.293746032476527752e-01 2.694649982819187217e-01
-1.112560720387532481e-01 -7.572887086096397047e-01
3.724732682094540337e-01 -6.652673877333632468e-01
9.382815041030022618e-01 -1.032745567503130651e-01
8.998891432959308379e-01 2.352010489983965558e-01
5.784801345431660469e-01 -4.359743718396315026e-01
7.338802088065654594e-01 -2.313362822693197929e-01
-6.137069817734904786e-01 4.693055419469397971e-01
-2.063282864096918634e-01 -3.800807593229622028e-01
-4.982191522311800735e-01 1.643541199619899251e-01
-3.711333162530134344e-01 -1.139427945935903158e-01
5.185132127136932167e-01 7.597179842625453317e-01
4.362358288014985819e-01 -3.066841166198908120e-01
5.135492937117294536e-03 7.027333371204227408e-01
2.831482587833606956e-01 7.041204267680947204e-01
5.773546002305046665e-01 4.347898300849749598e-01
-2.175494295512870047e-01 3.439749553587463926e-01
-1.261047983801177053e-01 2.630670111543284562e-01
2.463774789363586681e-01 -6.279864862676723392e-02
2.725070090920886923e-01 4.689413724020402574e-02
3.242957095822052160e-02 3.556047728265013808e-01
3.610798043840642846e-01 3.771408474860317717e-01
2.335688623654682827e-01 3.545321328784849513e-01
