-4.643003014193630151e-01 -8.185924893809187752e-01
-2.987861482932119284e-01 -8.670723743971985309e-01
7.134677016915691450e-01 -6.102453615662990494e-01
2.584621437981504677e-01 9.582379652760929512e-01
-5.475225147281311822e-01 7.345476128648311676e-01
-7.083985506513419406e-01 4.581037876037182821e-01
1.489716354886605650e-02 9.018107224286987522e-01
-7.489706611074952169e-01 1.556974506978134054e-01
2.331205228044082589e-01 -7.550384296057909284e-01
-4.487911697908141262e-01 -4.785069267143580163e-01
-4.874480241997600771e-01 3.571524087013420168e-01
-5.443137208866709598e-01 -3.536121028987324749e-02
-4.470168749020392851e-01 -2.950670521681162950e-01
8.560373855993245185e-01 1.674075742381648801e-01
7.356881534366140896e-01 -2.874120454439794137e-01
5.575190563875721123e-02 -5.557920402635696533e-01
3.479779905457509592e-01 -4.668547421274201747e-01
3.077130093461014626e-01 7.192714897700096532e-01
7.018955875654057097e-01 -2.637652757721640345e-02
4.619487585635285720e-01 4.295260674852486860e-01
2.647319709458741399e-01 5.642158510239134728e-01
5.345948461823069042e-01 -1.054509373043110571e-01
-9.952502062258544724e-02 4.561388569949162974e-01
1.931711865642371864e-02 -2.723079560522376208e-01
3.379391491011508042e-01 3.595984427428359186e-03
-1.625232250336187956e-01 5.004106824210825116e-02
9.017851312818457241e-03 1.591002774813446985e-01
2.843213974404930067e-01 2.242571305688595973e-01
