-6.609789829823005114e-01 7.150543943597355012e-01
-8.231765401311608166e-01 -3.258354636474697363e-02
-5.792473873002409457e-01 -6.971310975576977542e-01
-5.860612630079116148e-01 -5.788099779372480880e-01
7.844839926594452395e-01 5.817371656954769543e-01
9.547766320073177715e-01 -8.273457722499588662e-02
1.047716362214589081e-01 -9.077526381931172450e-01
4.276536162862787926e-01 -8.083695475326382329e-01
-4.544181283965395557e-01 6.856322293019335712e-01
6.512616620396836087e-01 -5.300274543435252728e-01
-6.697594494677122645e-01 1.067630611900141913e-01
-2.144599182401818738e-01 -6.302458859794387580e-01
2.247544522770174025e-01 -6.579733129691208715e-01
-5.676667865975973948e-01 2.843923248792116776e-01
7.066593194898687091e-01 3.104060041772607748e-01
6.005435443513797988e-01 4.401725781631810053e-01
1.744981161777926504e-01 6.647694933115378957e-01
4.845927515885483511e-02 6.864851625212106123e-01
-3.630897565542491323e-01 -2.596911281112554426e-01
-3.278346044279555338e-01 3.844849449447019785e-01
2.031832262657045918e-01 4.020192830997794120e-01
-4.956505685310467341e-02 3.103334680840395543e-01
-1.763000684099663151e-01 1.535868149248192649e-01
6.060566080481875062e-01 -1.672708393417473571e-01
5.723497580769806303e-01 8.686479551419368228e-02
-7.796077945679910463e-03 -3.648659584710056691e-01
2.797203429443622658e-01 -3.164418932540063456e-01
3.731946414230045694e-01 4.967607065180184439e-02
1.525632038178969530e-01 -2.540887978565293734e-02
4.079476499880232282e-02 -8.734435892177724869e-02
