-9.240226446841294239e-01 2.632299026667174746e-01
-6.965657380236282004e-01 -6.428836450041158779e-01
-2.416494372368817867e-01 -9.274654640886513812e-01
-8.019135841090815342e-01 -2.650811563874670984e-01
5.118844350906166518e-01 8.175535593545039115e-01
9.615366028140303056e-01 -5.367801036953826627e-02
8.075977487411819533e-01 -5.345156127762317189e-01
8.106643088156185728e-01 4.799732934792939054e-01
7.259467350194811486e-01 5.218658401355688037e-01
3.361607443759460079e-01 7.038175731309664895e-01
-6.488929807303788211e-01 -1.364328123491467815e-01
-6.106149258335485941e-01 2.314719800735955957e-01
-7.343355532494118265e-02 7.052414708462035886e-01
-2.318052219289603588e-01 6.396984497056066310e-01
-2.913671794004759619e-01 -6.611076759514896706e-01
7.815411460507390995e-01 -1.408112814439151650e-01
5.497107073057277971e-01 -5.789812376398409954e-01
1.694294093562616621e-01 -7.583607576956163943e-01
3.767486161682735424e-01 -5.908936812080025636e-01
1.239946050932693167e-01 -6.154619917605431700e-01
3.887624659634779101e-01 -4.121105544599444892e-01
5.855804512755258262e-01 -6.390845359384129953e-02
5.213570106771037160e-01 2.882483158383840061e-01
4.459600630493280038e-01 1.585714395322651016e-01
6.841080572695824868e-02 5.201413127137359815e-01
2.275461849326215202e-01 3.930796277139445016e-01
-1.094268082126907682e-01 -4.510435020738586820e-01
-3.165547562507608492e-01 -2.224361161369736717e-01
-3.666217608788953086e-01 2.346025113796167683e-01
-2.611878361105479107e-01 3.847195940587875285e-01
1.472468251946084696e-02 6.331515528968104101e-02
3.870173096959116099e-02 -2.242893396340208401e-01
