-9.494963818777362174e-01 -5.380301394558591882e-02
-8.261851987334515313e-01 1.210368578674363566e-01
-6.034415801519602551e-01 -5.166213497896124940e-01
6.340549128769455978e-01 -6.459893542285122248e-01
7.999148522256790406e-01 -4.709808346258466116e-01
1.386007320009481902e-01 -7.303700398881138867e-01
-2.779206344330583667e-01 -6.590972992350291326e-01
-2.426513096900526356e-01 8.077782091526479746e-01
-6.034054067740771687e-01 2.380444680854978089e-03
3.979994590402970434e-01 7.579117361397310626e-01
-3.294030127071039676e-02 7.448517375411057850e-01
-4.692766348700156964e-01 2.708151213854088080e-01
7.533042285862202869e-02 6.738795431377184730e-01
8.875285831531527503e-01 -1.128131437554553418e-01
6.795302019510189862e-01 4.442602080938173881e-01
4.745910497382951343e-01 5.433499333385173324e-01
-1.798396530776769087e-01 -4.850668699985728471e-01
-2.415114478309500212e-01 -4.230504749567803868e-01
6.328728234305643907e-01 2.297559236804864735e-01
6.502026869200254744e-01 -2.454560647844944432e-01
-4.163402160770281191e-02 3.418267414661709247e-01
-2.234155413067775431e-01 -1.070835976022326344e-02
1.391421294629746445e-02 -2.452028480561987689e-01
5.640265979313074940e-01 -1.361076399355236333e-01
1.315814768036958349e-01 1.773401834515394015e-01
3.335586243950199870e-01 5.854826639118081155e-02
3.718720940775310790e-01 2.172807228484363877e-04
