4.930089029619340035e-01 -8.616986270240518664e-01
8.582550850686619937e-01 -2.946816983664820588e-01
7.863373861203543091e-01 1.770034087792901889e-01
6.875582956173479365e-01 5.838647197141073608e-01
5.545668765063236361e-01 7.150757824336979596e-01
6.003400365707661779e-01 6.093611809930297163e-01
2.066895642656188178e-02 -8.252052086631138650e-01
-3.105256548407571704e-01 -8.128674820171997162e-01
-6.084977954331571848e-01 -6.662272684561002523e-01
4.272905146010607114e-01 -5.842614909140182444e-01
-3.537222789597085360e-01 8.958992177316854599e-01
-9.434730851099195625e-01 1.315939278952459879e-01
-9.378824181194701515e-01 3.026925843372061387e-01
-7.829496432643762160e-01 5.678887534071904719e-01
-5.901008816859965034e-01 -4.417671113128909810e-01
-7.046615015942284677e-01 4.881233208226717357e-01
-2.126003456564842797e-01 -5.488638725367367410e-01
4.579306257700889726e-01 -2.523484012414083377e-01
5.113880646128521335e-01 1.479563942824337064e-01
2.643297222881825781e-01 -1.997733843502218776e-01
2.720724595265610821e-02 -2.587107110829540702e-01
-4.446030098593390933e-01 -2.557079565280129807e-01
-6.235022197180808412e-01 1.518847565960285140e-02
-3.789775278916419909e-02 6.819619669464112022e-01
-1.359506212804100778e-01 6.145423830531562270e-01
-4.153824237853874224e-01 4.642037441515919349e-01
1.603060214857250643e-01 2.490001848100573956e-01
-3.157962169857066459e-01 -7.472707500362033017e-02
-2.875823095498930004e-01 2.550943354008996522e-01
-1.451991920936078206e-01 2.841884365258424694e-01
