9.883429663426930301e-01 2.646910104015930479e-02
8.867347788361245042e-01 -2.937128113930415063e-01
4.114375304934729805e-01 -8.725865956384606381e-01
6.196905351141496904e-02 -8.991317963397960078e-01
4.059827555165252400e-01 -6.574267379005134249e-01
-6.157090182796692845e-01 -7.095521922217039590e-01
-6.573355267799068091e-01 -5.906054214939457925e-01
-8.986325855041836785e-01 3.557995446895028113e-01
1.488472821611048491e-01 9.087304728007309373e-01
5.630926056961925719e-01 5.625415951420434935e-01
-2.318103834913923800e-01 -6.488605601417256619e-01
-8.277687224316619963e-01 8.829892026558502915e-02
-5.301586411423491185e-01 6.755039619654612526e-01
-3.063436321296453269e-01 7.630802320115929183e-01
-5.407012187686734972e-01 -3.235351385097302579e-01
-6.401142309329865832e-01 2.681107479466143806e-01
1.011091054598803503e-02 6.963929873123326786e-01
-3.617417480429136467e-01 4.639891230922922882e-01
5.255017401401702593e-01 -3.416172323714995462e-01
3.848001841323351879e-01 4.630578743718484769e-01
4.497765581672694135e-01 1.072637397507602980e-01
4.436313839454845143e-01 -1.362915769904196883e-01
-4.386431444176261407e-01 -5.069239243147758561e-02
2.503008162967233080e-02 3.058997923593529400e-01
-8.410844650166759973e-02 -4.372659140748626494e-01
1.378136306477660000e-01 -2.872592082716138862e-01
1.191816693345389838e-01 -6.527964050342485725e-02
-1.458940823450136648e-01 -6.967826793290030768e-03
