9.754269272992471818e-01 2.167206050489890734e-01
5.521169342140825886e-01 -8.165934631530665788e-01
4.852608570197209370e-01 7.089122241609423503e-01
-1.584096253004147609e-02 8.926715564631130251e-01
-9.058894302232676221e-01 -3.204237439639610052e-01
-9.595110719924633269e-01 2.332777289441270996e-01
-9.209999338961438742e-01 1.421582773445454473e-01
-7.970215482044111788e-01 4.187707963292859326e-01
-6.404311058922163014e-01 5.577197247445505601e-01
1.545447516003757293e-01 -8.143233080354504994e-01
6.740156161133368240e-01 -4.224411932398713931e-01
5.792545580711628839e-01 3.408749079930665227e-01
6.302858555838405374e-01 -1.042729096521367305e-01
-1.783602175927380684e-01 6.795890307385344942e-01
4.582500601093537074e-01 -4.516626466465428758e-01
-3.284311338040408201e-01 -6.630742458284779595e-01
-1.340683091223393575e-01 -6.302916553699409175e-01
-7.181695802833623077e-01 1.736009057311117820e-02
-4.454479422389668319e-01 -4.702730552090124139e-01
-5.921469760036760510e-01 -2.234333382223567810e-01
1.871319664496169932e-01 5.129410892692093382e-01
-3.843111526187509286e-01 3.730952979540085868e-01
-1.284763421587069854e-01 4.208101668521561645e-01
8.872397871045062390e-02 3.263678218985023860e-01
-3.372231450424122978e-01 -1.885631164385751513e-01
-2.241753177374959938e-01 2.389017605081696083e-02
1.062661768091602461e-02 6.683470925812828867e-02
1.593093752166031274e-01 -2.233047315582925574e-01
2.649827371976384849e-01 -2.649316980991328063e-01
