-7.059344385143382361e-01 -6.864892786414215076e-01
-6.084468617707979865e-01 -7.631767476333822797e-01
-6.644655996857369296e-01 6.866464902583871988e-01
-4.499368925704223532e-01 7.893132104219402478e-01
3.205363316913834026e-01 8.573276835431912213e-01
8.185183080815043866e-01 4.326740328761894960e-01
8.451753686333428606e-01 -5.160887176248422081e-01
6.465739957395715276e-01 -6.250196714743847526e-01
-1.771641290210400344e-01 -8.348174764796334468e-01
1.651061630140269465e-01 -8.174947768589629904e-01
6.765761780289770710e-01 3.863049197808167134e-01
7.182943003938079274e-01 1.671087914276876696e-01
7.065958763728673597e-01 -2.426270998405893609e-01
5.392393485408769616e-01 3.726017618085458172e-01
3.064623950033818281e-02 7.276179380388754225e-01
1.310647484835259224e-01 -7.159308456743613824e-01
-6.694077827816434512e-02 -6.693572504228929576e-01
-7.527203551256012037e-01 -2.603183085313572898e-01
-7.546260210142163860e-01 6.110372137971396833e-02
-5.809566876733707197e-01 3.079120016323697029e-01
-9.443497401658597357e-02 5.407375433512642271e-01
-1.599526331443426597e-01 5.354436749056821210e-01
-6.082838923384510377e-01 -7.893826939143638866e-02
-4.467729570253300420e-01 -3.409760411789917733e-01
3.519951881501682811e-01 1.334607651590535016e-01
3.747536896004831641e-01 -1.384662525467650063e-01
3.620199309272109645e-01 -3.159039104257807540e-01
9.045586151694073873e-02 -3.881056585111877233e-01
-2.955656930134130111e-01 2.467928864060464633e-01
-3.687276265534253361e-01 4.535620397533126485e-02
-1.774219052276766739e-01 -1.010126443045055444e-01
