9.143949916746249018e-01 3.124294993931124864e-01
8.324674935829506905e-01 -4.076875233289543043e-01
-9.858307046696633720e-04 -9.417811820197923289e-01
1.376265588502097736e-01 -9.083873390852097440e-01
6.199636177991648678e-01 -5.624404820025706853e-01
7.671765909049298449e-01 1.579379756501803622e-01
7.575457678074511980e-01 -1.296791800749991785e-01
6.185728531116232443e-01 4.739945883422687634e-01
-8.185432407079736850e-01 -5.708053710884967158e-01
5.656192671995813326e-02 8.792749702734194983e-01
-8.536792587599051352e-01 -3.832899462631298437e-01
-7.539054335193449141e-01 5.986025538065067320e-01
-9.097312387286522473e-01 3.714282204226201228e-02
-8.110431384902572205e-01 -1.652486184632638855e-01
-7.768144511654131446e-01 3.295200969869908625e-01
5.944693752151910537e-01 -2.291339057719752881e-01
3.130681908222859300e-01 -4.463560057258969538e-01
-1.426387730068337176e-02 -6.323585900464983034e-01
-1.977799340679460005e-01 -5.745024686895909838e-01
-3.391145847732426333e-01 -4.889577599155585097e-01
1.159040764708170052e-01 7.273438121861478534e-01
-3.861878779941517181e-01 6.155278132589223627e-01
-1.758538400024644011e-01 6.547066520423157066e-01
-5.065943297129358314e-01 2.438223035963870966e-01
-1.680327891223850900e-01 -2.484169393161209660e-01
1.865345637174387616e-01 -1.492663139685106166e-01
-3.063916189106283827e-01 3.240493023326005296e-03
-2.756979895822826432e-01 4.264787101062231245e-01
1.656213017909702878e-01 3.864766995054415566e-01
1.768898093943831185e-01 8.204599619447551506e-02
-7.967703620595799341e-02 4.303440487042698437e-01
1.434303157361561942e-02 2.315081606159196392e-01
