-9.821880983092730055e-01 -1.619868256607746027e-01
-8.394090773777659331e-01 4.659271603805799633e-01
-7.074538597616422120e-01 6.614313710281811698e-01
-5.152192376487761960e-01 7.589830993327563169e-01
1.161123574356740795e-01 9.293017032291156498e-01
-1.364745870879717771e-01 8.922119749724845006e-01
5.427027452036068400e-01 7.660964178316795881e-01
9.584221345892333099e-01 -4.222498927738020658e-02
7.355047718725594708e-01 -4.601535895350242766e-01
2.509006490082240637e-01 -8.160346097383306407e-01
-2.090051019416189482e-01 -8.515469000126278942e-01
-7.595291723819374008e-01 -3.606029939228886927e-01
-9.780682089372022547e-02 -7.858484516134049969e-01
-6.593952618669134402e-01 -2.044962483608851189e-01
-6.509999553876678613e-01 1.650855045594998294e-01
-4.078008088009003052e-01 -4.493355911813273762e-01
8.307867968389283098e-01 2.244442183974896532e-01
2.021692929338609473e-02 -6.121769429989732947e-01
7.512808289835236630e-01 2.367902998878000931e-01
1.415713003142911874e-01 -5.091373742673019898e-01
3.605588040196190946e-01 -3.467228463464145372e-01
-1.551305224833465779e-01 -2.335766238392917860e-01
2.949040375222528598e-01 -1.564479007536330180e-01
4.677771723727861541e-01 1.527993644032870912e-01
-3.559264593538113974e-01 2.489140636671968720e-01
-2.879160129498073983e-01 4.299306429416989705e-01
1.697171406730928478e-01 5.747521293182016322e-01
2.374337974670465423e-01 3.865122035542084555e-01
-5.676540785941537604e-02 3.571096501423645098e-01
1.574188728925488834e-01 1.366371488459831030e-01
-4.124505414438763007e-02 8.475789824675583617e-02
