-7.338852803897120136e-01 -6.200438920155071365e-01
-4.509630451519632821e-01 -8.606976945141382451e-01
-6.876550336804906904e-02 -9.487855979563275532e-01
-6.516988127710386935e-01 7.138955845246112153e-01
-7.870359499331681663e-01 3.941201518820893202e-01
2.784145885551366981e-02 9.364381151802109171e-01
-7.869618380038839733e-01 1.659334188594537712e-02
-6.141886310511522895e-01 -3.336382227971328440e-01
5.973518577503208471e-01 -6.904728292510510235e-01
3.586341279529257076e-01 -7.145857352072826352e-01
6.617974937211507092e-01 -4.397750019174876401e-01
-1.124295248944421066e-01 -6.314341665244316282e-01
3.520465141790912744e-01 -5.671069927909455632e-01
-3.200290547773479988e-01 -4.923370739951278274e-01
-3.652866043427235310e-01 6.719493749098723878e-01
4.861845895635091841e-01 6.395032862713011523e-01
7.346678367406644927e-01 2.580374916464239221e-01
-3.903705281308452180e-01 4.756782471630877640e-01
2.243111832038859332e-01 6.308218968269480031e-01
9.424785185196250803e-02 5.925250888204446342e-01
6.288021015255541579e-01 1.029687403509906424e-01
4.874539202158019169e-01 2.428155970190304658e-01
3.189968558724897152e-01 4.002997202087826278e-01
-2.931615951307628420e-01 -2.720228630993977159e-01
-3.290947907340971978e-01 2.933250189622562121e-01
-3.458376301942928110e-01 8.742829578453237271e-02
4.141599611237207768e-01 -1.452658709532058112e-01
-8.712944402592111282e-02 4.152670311354019622e-02
8.811530798554091659e-02 -1.710638846241015476e-01
2.463151397579002033e-01 -7.272648177007109971e-02
