7.558946925947920281e-01 6.412393153320412598e-01
8.448075034379479709e-01 -2.553504388897377964e-01
7.904851383446955815e-01 -2.179167001621795316e-02
7.306817653225231579e-01 2.996265567758638615e-01
-8.867598504894359523e-01 -3.687568531489446855e-01
6.227931633439307557e-01 -2.879876060284835559e-01
3.755456239666199458e-01 -5.561901966702414990e-01
-3.608288700384953973e-02 -8.235537021203668262e-01
-6.080055016074730201e-01 -6.339490391720686846e-01
-3.900335014128513689e-01 -7.498437349004479779e-01
-2.179432963276064783e-01 -7.559966231802799363e-01
-8.939712997367373903e-01 8.323208205228010970e-02
-8.305177072631587665e-01 3.283095018605627358e-01
-4.116809612373147909e-01 7.809340545006283607e-01
-6.143623926948382774e-01 5.332502114985437913e-01
4.185742326878071906e-01 4.938508218003218042e-01
-6.582836210945772204e-02 7.060028994827217685e-01
-1.576130397396254545e-01 6.829884177431456704e-01
-5.608287542831356109e-01 -4.011839117697852952e-01
2.512494075571137242e-01 4.819896736123967518e-01
-5.735749938144849569e-01 4.080022137768677531e-02
3.752342953238039791e-01 -1.499793606390504297e-01
2.472293252910598704e-01 6.979194495226125061e-02
-2.042960837294822418e-01 -4.439885625467907548e-01
-1.245243063428797120e-01 -3.325328829785303419e-01
-1.423493215406982162e-02 -2.789711718738574486e-01
-1.310349018305898561e-01 4.213883321841224716e-01
-3.446174316180415920e-01 1.549783096315163755e-01
-1.534386077831244866e-01 5.834114551612640254e-02
