5.315564675185167898e-02 -9.931284861419275023e-01
8.117381223696612524e-01 -4.758529513806672440e-01
8.072234794379249401e-01 5.004079638784179052e-01
5.886440585672976233e-01 -6.150622859555775479e-01
2.550977746328814133e-01 9.025266235148980964e-01
7.440255228418108935e-01 3.159650276678468983e-01
4.798055474141291743e-01 6.813993477931320486e-01
6.915557864397425814e-01 1.258191998482879326e-01
6.127583702607661831e-01 -4.757729936046951602e-01
5.940872209441296903e-01 -3.850776985367380112e-01
-6.058087941200536175e-01 7.373547558172027783e-01
-1.950656416774992352e-01 8.913394893685133713e-01
-4.730740714633452360e-01 -7.116417348363277551e-01
-2.833987635813831063e-01 -7.288421871407971819e-01
-7.836329836236641810e-01 -4.743517505658046973e-01
-8.500164435478577696e-01 -2.694499888532276288e-01
-1.475029504573609762e-01 7.665175322586592621e-01
1.972799743648770698e-01 6.223350741021010935e-01
1.152353931772815143e-01 6.628841756240891891e-01
1.342195002163692197e-01 -5.756337487849565449e-01
-5.714451697511031547e-01 4.924948368043314262e-01
-7.679485745064448254e-01 7.468606107253172519e-03
-6.521494003793772976e-01 -2.176728434813879065e-01
-6.123025809414710530e-01 2.505463434084251872e-01
-4.308336651451551980e-01 3.115044330175337772e-01
-4.655043105572344020e-01 1.517639181173382860e-02
-3.336913406158398265e-01 -3.424227021563271411e-01
-1.528488167585829172e-01 -3.833538733519972208e-01
1.166109652370908578e-01 -3.286174181960468954e-01
3.498622763586022311e-01 1.026546216538096190e-01
2.473391845936890876e-01 1.567742015237419406e-02
-9.312539685304854764e-02 4.273533245797348501e-01
-4.828023028292056235e-02 1.849467882492320248e-01
