3.795660744869990832e-01 8.343153829282150546e-01
-4.821742021221139124e-02 9.330315871338230593e-01
6.911462961241852110e-01 -6.790728555725306093e-01
7.296663775292515641e-01 -4.553561291451556081e-01
5.281321316866710580e-01 -7.437428720991511311e-01
9.769791214323983453e-02 -9.507449339615500206e-01
7.277897746718434702e-01 -7.931628999324952245e-02
4.035239549853561480e-02 7.941788445763378057e-01
6.051754992407433198e-01 4.156444694863676292e-01
-2.333835645928939440e-01 7.511039321839617644e-01
5.283071417606265419e-01 3.795761481541626292e-01
-4.933346452267337034e-01 5.944053542830003423e-01
-9.308414852444000243e-01 1.032565698304238437e-02
-7.682713515288919215e-01 2.185752950174426890e-01
4.044790631526686275e-01 2.699163732074656985e-01
2.350065135319861498e-01 -5.977685125123657350e-01
-4.034585901535383545e-01 -8.032310855527644566e-01
-5.950612686941639806e-01 -6.791972646656392332e-01
2.552336936452534802e-02 3.392987337788011537e-01
2.354968173309507085e-01 -3.988560016351391790e-01
2.649359086667662511e-01 2.606136001775441122e-03
2.533162743103786196e-01 -2.135371468101136816e-01
-4.111534644888854007e-01 -5.659226832371665461e-01
-5.603691861422559484e-01 -2.687114701799342420e-01
-4.914643383874729432e-01 -3.505710809010555984e-01
-4.129624922975895229e-01 2.378524730338850146e-01
-3.133657823326879144e-01 -2.364210551172453156e-01
-3.899406250339131907e-01 -1.244117631403180574e-02
-2.029539615064218649e-01 -9.555027933924813144e-02
