9.991076968420563587e-01 2.586742043640577818e-02
8.602630720175425960e-01 -2.861443951758214088e-01
6.727882727255321549e-02 -9.413032287246417829e-01
-2.493564384576866244e-01 -8.939283312148590399e-01
1.681271453074470734e-01 9.794807054786358602e-01
5.931166047963352117e-01 -5.410273599239614484e-01
8.080010086681085335e-01 2.129451882512056748e-01
-8.467809705547405530e-01 -1.673763256732296034e-01
4.248693454360353838e-01 -4.569262539877200768e-01
-4.142454142025462915e-01 -5.816367538882357691e-01
-5.833423622560914845e-01 -3.804002771858234766e-01
-2.121619409635604886e-02 -5.883587278776721829e-01
-1.765480469690445253e-01 -5.470948785348537236e-01
-8.129908240493566307e-01 1.939844448586516557e-01
-7.267573425997573278e-01 2.567134248945687203e-01
-2.448399073753475264e-01 7.884076752178704739e-01
5.458015746421687187e-01 5.884695288835040117e-01
4.990756024778298938e-01 5.252098882399246493e-01
3.864413648057972162e-01 -2.506792108030755362e-01
4.443080230034167077e-01 6.421184214085499942e-02
4.140188754289101936e-01 2.837887911162694232e-01
-4.697449942333760120e-01 2.504982360818196543e-02
-4.786606005569047362e-01 2.464907992355896138e-01
-9.918185626656732257e-02 5.182860303220583331e-01
-9.568340288724461185e-02 -1.128124400324804905e-01
-2.709926386192648140e-01 4.147315547368692901e-01
-2.138874275274452730e-01 2.913874671683507334e-01
-4.946950977467500649e-02 2.096364923705385519e-01
2.186671028482879420e-01 5.117313534942953546e-02
