5.985924731936209664e-01 -7.262127148897077333e-01
7.051928772672461099e-02 -9.944149882559892850e-01
-1.679177861890526480e-01 -8.972410997057487236e-01
9.713759598665884509e-02 -9.228458687749127032e-01
9.166730616764525719e-01 -3.531938947653723848e-01
-6.283347151234548456e-01 -6.035894248960105291e-01
8.591168789024632435e-01 3.881349746491733615e-02
6.299047599804298292e-01 7.163012234356614938e-01
7.189542125236233483e-01 5.567541463707224025e-01
-8.559448297734206790e-01 -1.802104143522713364e-01
-6.838679157332618885e-01 5.561924592849279980e-01
5.892266078995364587e-02 8.802683355512537222e-01
6.900324380282591985e-01 2.860521304122087272e-01
2.301034355579055501e-01 7.295889119815296420e-01
-7.389365523597457575e-01 2.112347312029920210e-01
-6.597221711288172585e-01 3.613981813170694113e-01
-6.323202635400173577e-01 -1.210204490743729683e-01
-4.765577653790113027e-02 6.586675831352365451e-01
-3.849460014988113077e-01 4.743100468670946590e-01
-2.593250223749530847e-01 -5.107278361247064025e-01
5.913461914426689781e-01 6.583408463477727346e-02
1.842422198546410095e-01 -4.605043498298483362e-01
-2.762284313994134988e-01 -3.106638323072514751e-01
4.667478960482243089e-01 -6.534965370335596435e-02
2.116896490576367917e-01 -2.381650268371124368e-01
1.681226990537792731e-01 4.198368754345924159e-01
-2.622383054996957896e-01 6.382945315177884771e-02
-1.281153208796438070e-01 2.878052990760889274e-01
-5.298912935274694563e-02 -4.641917500536726394e-03
1.020089213027201985e-01 2.812660175480831692e-01
