4.946659037845400064e-01 7.911850478919805196e-01
7.930027936967505298e-01 5.107495817481076950e-01
9.185102533173655770e-01 -2.481284162083033373e-01
3.260670936085757754e-01 -9.282503547902518637e-01
5.743035569834742393e-01 -7.230478526169975551e-01
-3.855936911073501450e-01 -8.836099540530097940e-01
-3.045678253394847323e-01 6.954566404879798380e-01
-7.326132845024853069e-01 -4.770021292317314088e-01
1.999978917700962200e-01 -7.312279101232695977e-01
-1.661464930037961640e-01 -7.661752146244609207e-01
-6.084716171351343128e-01 3.770113558039679402e-01
-7.951199906617166802e-01 2.370397753333461366e-02
-7.649332898341656417e-01 -1.323835108768988550e-02
-4.469051745707518508e-01 -5.693132588241212044e-01
5.535906850394226586e-01 4.675735267566949460e-01
6.933048803482911859e-01 -1.249847285453445540e-02
2.377097636919568019e-02 5.896594401721525491e-01
1.019848714121208560e-01 5.752265152833566653e-01
-5.509424995601440722e-01 1.423520796071328642e-01
-5.247228896271041165e-01 -2.874487625219407372e-01
5.465886679146835236e-01 -3.082758619661467026e-01
3.875057322278373517e-01 -3.188481079336314972e-01
4.521949955113366282e-01 -1.102783126651468298e-01
2.682899733051544167e-01 2.651643495661704653e-01
1.144669178707414109e-01 -3.839777674509765037e-01
-1.750255856134738386e-01 2.546270150257766707e-01
-1.799312062687001210e-02 2.228538175431912238e-01
1.257776175425097398e-01 -1.638333609208027508e-01
-3.384870590140592328e-01 -2.816029444576350627e-01
-3.144205212576790531e-01 -1.085212015575014732e-01
