-9.681314176540130045e-01 1.253145019912911551e-01
-8.666307889751654336e-01 4.585632739603453523e-01
-8.878652803435368446e-01 3.833493795410962135e-01
-1.664522845495151199e-02 -9.694625194008088531e-01
9.390255174550397044e-01 -2.541797423788262345e-01
4.117714534087693057e-01 -8.584476281960120581e-01
9.089778779710028234e-01 2.698831040125017067e-01
6.385263336794845257e-01 6.163569964966352233e-01
1.602149046379554020e-01 -8.239875632837360131e-01
6.821796107706008527e-01 -4.531892123556401364e-01
7.940262841917574699e-01 1.482124986969708402e-01
-5.975564902872063655e-01 -6.447771125268256798e-01
-2.149054615241739463e-01 8.206853876173966222e-01
-1.997767476598206193e-01 7.377092111262262275e-01
-6.907540781968276589e-01 -3.203991664109803739e-01
5.596911475950199222e-01 2.878465162770080243e-01
3.321076796787839625e-01 4.508451537240759088e-01
3.473597849021281547e-01 -4.959096467443909195e-01
-5.835814463422870357e-01 1.365640221601134852e-01
-3.080093079834416159e-01 -5.412630886083115156e-01
-3.349907750483718805e-01 3.265153872789285927e-01
-4.078734779613243933e-01 8.028520403967681629e-02
3.679821544661178723e-01 -1.467768263935654571e-01
1.362895904396549951e-01 -3.300879715678577964e-01
-3.088071035821566834e-01 -2.245973045737897633e-01
-1.400044009086295338e-01 -3.424172501484278319e-01
3.840695972805856229e-02 -1.378578148273461590e-01
9.799648904694234497e-02 2.052481737125926298e-01
1.508647982741163629e-01 1.850931739908779072e-01
