9.909252328914041064e-01 1.026382850669449037e-01
5.844188055061741993e-01 -5.299712588862038887e-01
7.720792922966015492e-01 4.744282468023230948e-01
6.541149976353205497e-01 6.140532263186733175e-01
8.000809439311702409e-01 4.756717838541911839e-03
1.805866025867771951e-01 9.130659072328376480e-01
-9.852759371546431222e-01 1.300702318423537229e-01
-2.229993297181727674e-01 -7.718669876151691422e-01
-5.882145719083136104e-01 -5.921537388319451090e-01
-8.147418822071340605e-01 -2.460728298772701106e-01
1.108702548303745761e-01 -6.347604159710108496e-01
-3.239175635874692039e-01 -5.767662760823700774e-01
4.006929882725271952e-01 6.790062663247204977e-01
3.338617356199308772e-01 6.548793625609413693e-01
-7.118906663373048005e-01 5.391738785743477314e-01
-7.913625239517030341e-01 2.403642583459720816e-01
-2.722771124860857150e-01 7.629650597778024901e-01
-4.948579846535120508e-01 6.235362619395262707e-01
5.731169813931558110e-01 -1.928372517689898591e-01
-6.658832531112571784e-01 -4.371254896669317380e-02
-2.740042417099119998e-01 5.461429394043522123e-01
-5.100861822249832533e-01 2.530457499029219459e-01
2.413100623210239631e-02 -3.635563762659549392e-01
-2.363712915210064991e-01 -2.756244036687767740e-01
-3.396391710429258470e-01 -2.800765256170914194e-02
-1.326496606387490285e-01 3.195810845924048071e-01
3.140865320238065417e-01 2.128789605297464471e-01
4.293865823232609902e-01 1.109707998583775307e-01
3.140020446564733558e-01 -2.683981206452481366e-02
-2.022309086237004602e-02 -9.760304533998115373e-02
