4.578445442240259844e-01 8.527606597308475811e-01
-7.329221068366091885e-01 -6.400318231234801702e-01
-6.719459103397554256e-02 -8.420813844001584503e-01
1.403691067998692199e-01 -7.636328071153603014e-01
7.407124572926668815e-01 -9.770212791458633694e-02
5.627351456992946144e-01 -4.834565444258829836e-01
6.230767750666448279e-01 -3.169203808126666577e-01
4.266840077881440263e-01 -5.127312899714844274e-01
6.705174168323623229e-01 3.885548078850613596e-01
5.406829205507100999e-01 5.842661099729137275e-01
-9.274807135046297946e-01 2.027306556659805026e-01
-9.076327803747473721e-01 -1.980935353129447407e-01
5.558845511606885781e-02 7.434379627397492696e-01
-3.415862606712152250e-01 7.234430099170290340e-01
-1.877916939720853384e-01 -6.411333723322792943e-01
-5.507594335831306198e-01 -3.819369711500856246e-01
-7.111678054916412695e-01 -1.751625090665843154e-01
4.968126769776393670e-01 1.970231641892013774e-01
2.124489081177807215e-01 -2.789846665662401581e-01
-1.044520794602172425e-01 -3.192080622508112198e-01
-5.854111128871573033e-01 1.516314992630474201e-01
-4.994763597826240575e-01 -9.056725628417403029e-03
-4.343692264054731522e-01 2.561361073393708665e-01
-2.311223464188028043e-01 1.826949015333961535e-01
-4.895872542986878101e-02 3.823707452459538247e-01
2.164284240515038926e-01 2.406367379981089460e-01
1.155594707162407725e-01 2.151076564419164006e-01
