-2.424058919525576283e-01 9.645063377968012830e-01
4.179220550634968889e-01 -9.029692308982983917e-01
-8.608408052404433741e-01 -3.081356868217392450e-03
-4.413038296492398649e-01 -8.250194839005465797e-01
7.147107370723863040e-01 -6.433952564109244321e-01
-7.621119916329288646e-01 -1.970516620326475885e-02
-5.511712504000376711e-01 -5.635346213128138437e-01
7.897831063570126542e-01 -4.727269265745069338e-01
-1.411457168927623407e-01 -7.991814994754061763e-01
-6.477226451997361578e-02 -7.611531457139166790e-01
7.723257749803273953e-01 -3.178674715439392950e-01
8.231435852151003374e-01 3.030966185511964617e-01
8.166751377534384737e-01 -1.406873259510166285e-02
-4.890877133808439470e-01 4.369734741871688088e-01
5.046985763345437359e-01 6.061856194702396339e-01
-2.436766355041991919e-02 7.445228211626507830e-01
-2.005523553454059693e-01 5.843523175304800032e-01
2.153859930433854042e-01 -5.135598243669579066e-01
-2.811693876118907531e-01 -4.221991084536501626e-01
6.156492515104615704e-01 2.598327679801225587e-01
5.397038947405127240e-01 -1.171647196747874486e-01
3.876102674101536971e-01 3.243995631405446889e-01
1.966475629890366561e-01 4.259102047383885314e-01
-1.961997267527927635e-01 3.274862884522276030e-01
3.925303539539528597e-01 -3.712091284702916799e-02
-2.962225689108497484e-01 -1.902825824471422178e-01
-1.801959271684607233e-01 5.944301091303687279e-02
-5.183474037229500453e-02 -1.496188256568793673e-01
1.454198440639044021e-01 -1.290464669135470421e-01
