6.698781059361552659e-01 7.364402924918456161e-01
9.210769050212577191e-01 1.794982174947160336e-01
8.607114011276884025e-01 4.024658611666139252e-01
2.210102102616765263e-01 -9.583251100660746813e-01
-2.823806159060115450e-01 9.130142673448774504e-01
-6.669503663927296433e-01 6.194960278476916438e-01
4.321957972308660967e-01 -8.250738783846172097e-01
-1.667397039973629591e-01 7.961370924749184841e-01
2.118370784830490017e-01 7.980962619137574876e-01
-7.890644345169789409e-01 -5.257978703897170369e-01
-2.635000483285809825e-02 -7.474668654081767505e-01
-7.369889019022325405e-01 7.946228826467854889e-02
-7.444155289517381258e-01 -2.473536856817222795e-01
-5.291619024308574781e-01 -4.904366838574308884e-01
-4.129355564256245725e-01 -4.625515057211736503e-01
-5.667133425746480047e-01 -2.883794090319756753e-01
-3.585077179745832510e-01 4.281513909659366290e-01
-5.299249029098431762e-01 1.301705223621084095e-01
-4.571306032547868825e-01 -5.692556018085354053e-02
-1.583084704247121888e-01 -4.457087877249703012e-01
3.934313613957299283e-01 -5.324053417961877033e-01
3.056051030540973268e-01 -5.536291079276528526e-01
1.212632245920925028e-01 6.210347621795186956e-01
4.486846623079538965e-01 5.338460048814130943e-01
4.953576881923444919e-01 -2.682398540666111053e-01
2.826114349184566943e-01 4.629132414813051377e-01
7.103339028447168413e-02 -2.072499266565140941e-01
-9.789815927555614236e-03 2.053276810831900501e-01
3.379613419802784402e-01 2.395149640320851092e-01
3.663081180632625222e-01 -2.804191888425940082e-02
3.723305896142408145e-01 6.925735238769413493e-02
