8.615870605340083532e-01 -4.516859417019050138e-01
-7.766780216887210209e-01 -6.205566183973113548e-01
-8.567517059488733988e-01 -3.611295114532312445e-01
4.427484639226976770e-01 -8.327481920793112780e-01
-8.292058208865719093e-01 1.944277954759453253e-01
-7.386690785820029248e-01 5.688033081023661230e-01
-5.386078480738644148e-01 7.079992931254158739e-01
-7.387029744300974698e-01 4.270022078692549683e-01
-4.326216678579111741e-02 9.151473252998416630e-01
6.962479423052413408e-01 5.482569415843512317e-01
7.243795002327007015e-01 3.674467949864484440e-01
7.662659961725678537e-01 9.276680726801078691e-02
-2.860208894645295263e-01 7.677552530669193853e-01
2.561305895429126234e-01 7.343965611564914342e-01
1.269731263164701751e-01 -9.135792204887911439e-01
1.056921191852780301e-01 -8.432675132938534102e-01
-5.688882178447675075e-01 -4.230861687434169793e-01
-3.771544496209647268e-01 -6.123677705756994660e-01
-9.972191719588058278e-02 -6.747833265401084191e-01
2.616534049785100846e-01 -5.854375662032654803e-01
4.548895819231087434e-01 -3.262378628666137009e-02
3.003826423345230534e-01 4.714216412364233832e-01
3.861513914132210235e-01 2.663200188074070218e-01
2.425018398002478925e-01 -2.909916323472146460e-01
-4.968648958949788974e-01 -4.786130740505777081e-02
3.298279836119438757e-02 -2.895160313551042863e-01
-2.640040744479912327e-01 -2.420246387603232630e-01
-1.146288960523708655e-01 -1.381606573168656094e-01
-5.797805274811865250e-02 4.530336227567932639e-01
-1.854365597045639080e-01 3.194439997449729507e-01
-1.298702530721514148e-01 1.388452253698692351e-01
1.193110005260312884e-01 1.821509404295047485e-01
