3.664330200000673887e-01 9.165735541319814939e-01
7.546806054081789394e-01 4.765250459158490992e-01
5.446852050077495289e-01 -5.675819689382780586e-01
7.593162343142412229e-01 -3.553471124999760256e-01
7.331937116365966345e-01 -2.924035324967159677e-01
7.821454156454689111e-01 -6.482174481041186320e-02
7.448822340341205717e-01 -5.161241262975225369e-02
-2.599645107664033672e-01 -7.909228733026445468e-01
-4.307693897617991263e-01 -7.086146026437812884e-01
-1.062803993151911590e-03 -7.339594642460205431e-01
-7.976370002872161802e-01 -2.241372982461801999e-01
-8.300774665012646825e-01 4.567360496469228814e-01
-5.008848257974299889e-01 8.254898913266631721e-01
-7.644957729340916552e-01 -6.259524067912582146e-02
-7.530986008487476902e-01 1.851921260788046142e-01
-4.172968572524732300e-01 -4.614197255632950245e-01
-6.239546215034409427e-01 5.261271281270936129e-01
1.425808536401016735e-01 -5.378724427607270986e-01
1.092094568093823909e-01 -4.299825859630718727e-01
3.085652153156132615e-01 -1.710733024286409665e-01
8.193778993864891946e-02 -1.872908828579863683e-01
1.468664101208968457e-03 7.684177524957980232e-01
3.397897699967022955e-01 4.220413991817149046e-01
-3.854064013817646295e-01 5.668193647185658379e-02
-3.724788070956385200e-01 2.300416025640223128e-01
-2.185649387835516821e-01 6.261730246708602232e-01
-2.747411194645953958e-01 4.406516826245614471e-01
4.458037749863206882e-03 5.556296299558860508e-01
1.439786146275094103e-01 2.179856175395362139e-01
