3.399143425402500474e-01 -8.330439885325114924e-01
-9.682126528053336401e-01 5.940475919770074956e-03
-9.578324184361920457e-01 2.162803488220038095e-01
-8.904679227776933770e-01 1.281924915756518790e-01
9.313425166952005174e-02 9.645212197074838345e-01
-3.801107821788670127e-01 7.581937664229481122e-01
-1.192483968136029970e-01 8.191936565583363139e-01
7.596259932363323975e-01 4.956946693996829301e-01
5.960873584336218167e-01 6.234467994848366112e-01
4.842071594020679881e-01 7.131273163615623467e-01
-3.685869349058599198e-01 -6.580242691843746217e-01
6.817863875751485336e-01 -3.608524986734330531e-01
2.036051370972650765e-01 6.241358932489858846e-01
5.182597033905326223e-01 3.726765041451168270e-01
-5.050539011522019450e-01 4.836601456480429939e-01
-5.556406912714466628e-01 -2.453846154386169209e-01
-5.492650090928954398e-01 1.041337990042345424e-01
-3.447772064720208696e-01 3.739643489732498716e-01
-1.095511005337590910e-01 4.194638654042372461e-01
5.668376970907044177e-01 -1.681085187641399303e-01
-3.652472034432561188e-01 1.342580934188305486e-01
3.205569355737703657e-02 -5.367865300177238064e-01
-2.341723517695594170e-01 -3.178372265259520879e-01
2.472608342040801543e-01 -4.373473310692130300e-01
3.399876696503609796e-01 -1.040718592331681125e-01
3.049234941963771539e-01 3.180400274290252904e-02
5.749709845052777824e-02 -2.100023200321963213e-01
6.687493308201994391e-03 -2.951355060152528048e-02
