9.703794502062859095e-01 -1.179147502736975078e-01
8.308193251205091556e-01 4.852346417316057980e-01
-7.934707848016046838e-02 9.814780998604607509e-01
6.674453306347677417e-01 5.418074421992042922e-01
3.435144047621391805e-01 7.856148764384286443e-01
1.140098489092803702e-01 8.101334605848932169e-01
3.600624442282478466e-01 6.379087309049477073e-01
8.117015564422380702e-01 -3.730866096842151269e-03
-6.840688377874046822e-01 6.305730714496774469e-01
-8.989547950520083708e-01 2.969622742880222432e-01
-8.638745857047317456e-01 3.041359878859630772e-01
-5.689881543958974497e-01 4.988989591852973082e-01
-1.623763764799916465e-01 6.130638774010830350e-01
-8.921121953038706476e-01 1.104690472951919272e-01
-8.201516372209988193e-01 4.723340300436338485e-02
-7.914664414388087321e-01 -3.301781578116738669e-01
-7.219211588399502277e-01 -5.761867925823539460e-01
-5.897528573030845767e-01 -7.509764430553951264e-01
6.879114480480704730e-01 -8.290843637272383992e-02
-2.095658630389856947e-01 -8.732905761995072291e-01
4.908887061269515684e-01 -5.293812470907496293e-01
4.947364753089649736e-01 8.406252314697104655e-02
5.579938729354279314e-02 -7.776216865185566762e-01
-4.226205633150970781e-02 -7.005289718844506242e-01
-4.924630592647034066e-01 -5.539762907956544691e-01
3.848316621638616652e-01 -3.405837122043312570e-01
3.204098985496135477e-01 -2.996457676453435082e-01
-2.885954773627133832e-02 -4.558467433989876749e-01
-5.093262210692347525e-01 -2.482853125454188847e-01
-4.915959658934639931e-01 1.961084970398135063e-01
-2.702379455345442216e-01 -3.231915889149979404e-01
-5.825557025291020624e-02 -5.482447961087800158e-03
-9.698502855242990828e-02 3.678597763992194070e-01
-8.403982587349147215e-02 2.156459089957781239e-01
