-4.121291767966648312e-01 -9.090221897784906968e-01
-6.550570841305942693e-01 -6.438942685236749286e-01
4.130141864746895708e-01 -8.675010974534208552e-01
7.316958385644890539e-01 -6.086681142875847161e-01
8.111884145845655869e-01 -4.407736387379741494e-01
-5.152490039517124698e-01 -5.748210729766477511e-01
2.642397905261088462e-02 -7.484178012287452386e-01
7.922875137441915960e-01 -2.019694884295129833e-01
-8.593272725090383979e-01 1.401866327016974001e-01
-6.058675655712257857e-01 7.479003649619102578e-01
-4.485327215227942199e-01 7.933501189751183125e-01
-2.776215294522740851e-01 8.674652155862178082e-01
-3.432306521260215793e-02 8.813121999706960974e-01
-1.795695769345738158e-01 -5.582360078044894536e-01
4.500246310196462374e-01 -5.514632206019943750e-01
3.195240978752568739e-01 -5.315113216738120983e-01
-6.811577390475813676e-01 2.576370224986104240e-01
3.973845450005677460e-01 7.027228483652931956e-01
4.638485108109515198e-01 -2.845322447361858798e-01
-2.795093630296130102e-02 6.390777025189251503e-01
1.359442755351274457e-01 6.376487892400051205e-01
4.200326929204534765e-01 4.022189487615965842e-01
4.960862082389853600e-01 -2.135894479045925484e-02
-4.308016068390224662e-01 3.978604179779537953e-01
-4.622682996021326152e-01 3.277699469004552446e-01
-4.676304154831784077e-01 1.551104001599512561e-02
3.132650157297593996e-01 2.819507864519767426e-01
3.396952640438918314e-01 1.098408948318006922e-01
-2.432549384971014958e-02 -2.288156055972450365e-01
-1.930881572203255736e-01 -1.435054623288379017e-01
1.904566955181893548e-02 2.042380237830069833e-01
-1.036106761797336434e-01 1.348411555363287218e-01
