8.549293099070558455e-01 4.158747474158848156e-01
4.509146442558925050e-01 8.846787702209057969e-01
5.848634035491208083e-01 7.409271135540455022e-01
8.962348507836495060e-01 -2.248076421094167276e-01
5.249706723834404176e-01 -8.216143825981970794e-01
-3.094404651551249108e-01 -9.293167047273133141e-01
-7.638222204053470854e-01 -6.358616655454388811e-01
-3.906829396777839469e-01 8.282238863708432097e-01
-7.348992895468314801e-01 6.032973025601199302e-01
-9.139432109296695694e-01 -2.126892214051079588e-01
-9.087231818266540140e-01 1.527436559075287248e-01
3.495770276313901470e-01 -8.241725968560984494e-01
1.286139867816470661e-01 -8.608572925640164408e-01
2.017816621295580037e-01 -7.918528583064559090e-01
7.177092652862029354e-01 -2.255773382127725657e-01
4.623518880446841339e-01 4.718126123180999554e-01
5.859067647899557363e-01 1.905493479711217186e-01
5.636132194869887257e-01 -3.103402208160157549e-01
-4.055269081156565592e-01 -6.647726092241288409e-01
-7.705213281157031746e-01 1.266417091014941099e-01
-2.332520675168512914e-01 7.220423715959839450e-01
-5.912430978351410626e-01 3.741384150072583625e-01
-1.770843412576905418e-01 6.133775517867403604e-01
3.594211603406335942e-02 4.846091238460001893e-01
1.182534820302510725e-01 3.854600417774450283e-01
1.000957781361048876e-01 -5.469517665375235316e-01
-4.177839882314281494e-01 -2.866017435115963963e-01
-4.665388902812943051e-01 -1.145731916484610535e-01
2.066423798414511181e-01 -3.272021763236518388e-01
-1.106082134374706399e-01 -2.310100682284504381e-01
-2.194879484382670498e-01 2.102420306946308978e-02
1.831899222349750445e-01 6.024051400886500096e-02
