-3.987302728901550436e-02 -9.510036825092433865e-01
3.342330939549864599e-01 -9.032291843457852520e-01
5.358923401006111531e-01 -7.942276937438932372e-01
7.391537476764511450e-01 -5.916181797691818511e-01
-9.732522098532492283e-01 1.481626584444598049e-01
-8.044664235051243173e-01 -1.812498152854151445e-01
-7.169150872558646137e-01 -4.062249743320786033e-01
-8.257682944528861313e-01 2.333636907815987704e-01
-3.579427748542214349e-01 -7.157686911738957436e-01
-4.864195071948702043e-01 -4.920953824422550915e-01
7.776037425353159449e-01 3.709275278554490796e-01
-2.937523964160562162e-01 9.004400494270157207e-01
2.619727694183321964e-01 8.982947230539800598e-01
-4.212670766515786425e-01 7.026057919758162962e-01
-1.693018212127891386e-01 8.262087689199985041e-01
7.843958827882800966e-01 1.330237326074208970e-01
-5.165914285050814403e-01 3.771049044165501463e-01
2.992674777039061040e-01 7.617221222802288416e-01
3.359622867851676520e-01 6.776284714105476059e-01
-2.539323096493220633e-01 5.848662229401812018e-01
-6.271879553450894484e-02 6.013085506542410474e-01
-4.589470607528804980e-01 1.408309859090940697e-01
-2.737411980063211847e-01 -3.656032284352850881e-01
-8.658723881512093989e-02 -5.025122466202461835e-01
3.869584787307271401e-01 -5.343150328526378168e-01
5.390211401873237218e-01 -3.407686914147522450e-01
6.085360249308594538e-01 -4.217036228714593493e-02
2.770018513586168241e-01 4.410239442701949786e-01
-4.488580696401067716e-02 2.826207014414210961e-01
4.110555143816672641e-01 -4.417277577659056015e-02
3.237962416546334432e-01 8.909876744145822647e-02
-7.566749053531138247e-02 -1.004815748376996498e-01
8.665748582231662389e-02 -7.539261158400073493e-02
