7.844023192369051767e-01 5.834213573866774416e-01
8.628897600007663371e-01 4.083304765006451342e-01
4.620835763926927631e-01 6.662377932263727764e-01
1.205387192870812502e-01 -9.149361403075616517e-01
7.509854038567175261e-01 -4.568631765093956187e-01
8.358140365462646271e-01 -1.799652140801555333e-01
6.806217664381585264e-01 3.197807141514273366e-01
7.630222854827171108e-01 -8.607596467061183476e-02
-1.682179411258203361e-01 7.847295889407119862e-01
-6.544652590559331129e-01 5.527803958623844771e-01
-9.475748376106553073e-01 -1.695170837408400966e-01
-7.856745983321296034e-01 2.122206965325982575e-01
7.283913471366657011e-02 5.380474081640659323e-01
-5.213055095111837067e-01 -6.327821357757685838e-01
3.255297200166045596e-02 -6.721358450484490321e-01
3.675478725618873121e-01 -5.163934889711687681e-01
-5.590316201370976179e-01 -4.115153064312078723e-01
-6.683286163367504473e-01 3.309262373321390088e-02
-5.902604882211766046e-01 -1.263462922827819912e-01
-2.250429835822082836e-01 3.139364691588323319e-01
-2.082042047744997182e-01 -3.971501406495215880e-01
-3.675155814241286567e-01 -8.458435483958166856e-02
2.763130717345952392e-01 -3.563841934102657261e-01
2.791648991730422136e-01 -2.894858557837989843e-01
3.467628147649103876e-01 1.281779684663522101e-01
2.065311185942313998e-01 1.572484007633543901e-01
4.867324620334421981e-02 -8.657794944519395242e-02
-9.772965026867637406e-02 -9.544527712437535227e-02
