9.283473069015748536e-01 3.682423830675581877e-01
-2.220547493234704961e-01 9.111376551328858042e-01
-9.262085227024280387e-01 -3.669903442928080239e-01
-4.936048379653428242e-01 -8.544006719509364967e-01
-8.770520853529499838e-01 2.641749356656385439e-01
-4.812787190101707191e-01 6.535617238717202904e-01
-8.323555801396472775e-01 -2.372697611616384969e-02
-1.604714172420917406e-01 7.193516816687284265e-01
2.757389383224568835e-01 6.828633018689331813e-01
-6.380864318140750946e-01 3.253185272509095394e-01
4.703611578924946079e-01 -8.775323006084921884e-01
-6.371389704298507928e-01 -1.916763572528269177e-01
-5.781483187317931760e-01 -3.039446591302170098e-01
-4.372591837202507992e-01 2.930327090346184216e-01
5.799455596043769923e-01 2.574381625081216263e-01
1.131696449518093395e-01 4.257902889339875152e-01
6.598566022858496360e-01 5.451103016715377197e-02
-3.691408802924965871e-01 -4.976746704910697261e-01
2.375493133815647084e-01 -7.977342568735451556e-01
1.393685943254353021e-01 -7.877310517892226471e-01
2.339698560122143237e-02 -6.229162332933703139e-01
5.610274148479003076e-01 -3.402853382929073578e-01
2.536606215207300452e-01 -5.127594672342258297e-01
-2.720072126047475836e-01 -2.643041337281875069e-01
4.469064782136309422e-01 -1.601114228428448527e-01
3.497889039047669124e-01 -2.239783768120010565e-01
3.184170933949941884e-01 6.510647077366193969e-02
-1.731846044610891033e-01 2.152242575164996785e-01
-4.815569243793377946e-02 6.420901676753656973e-02
1.019743117622832693e-02 -1.574506922566695777e-01
