-8.205762777294486887e-02 -9.684954829693652734e-01
1.562104739806151887e-01 -9.010719093123873424e-01
4.571540929906939832e-01 -7.641373488098642808e-01
8.084348302632579086e-01 -3.421162769469768272e-01
7.855417137550025908e-01 3.513794251447155959e-01
8.119796977671711602e-01 1.168858509410934943e-01
-5.771632471454666291e-01 -7.033201845573040512e-01
-8.233667885577471424e-01 3.257067969727270862e-01
-7.397938309006565349e-01 4.761037038854465386e-01
-6.072952989301766413e-01 -5.456642076671380792e-01
-7.641885054261832178e-01 -3.769043874385798187e-02
-6.688698119842846346e-01 -7.117336536567493710e-02
-4.101578996153558143e-01 5.862460067203981717e-01
-5.707193467523056229e-01 2.683005032515795030e-01
3.493190844933379002e-02 8.508965708806198736e-01
4.024700017112140538e-01 6.496490080869262718e-01
3.266366218002061256e-02 6.945591920426372745e-01
1.566104817435516605e-01 -6.618753498517497835e-01
-3.089584446529191619e-01 -5.840513257797648183e-01
-1.093009264586749379e-01 -5.664907905680148792e-01
5.474050237891928683e-01 -1.097115702524966985e-01
3.961648013306388605e-01 -2.880002629758718902e-01
4.335765340369211462e-01 3.502104563745648269e-01
1.870926250961665316e-01 4.777509230305571619e-01
1.354023596436133570e-01 3.128986988554796622e-01
2.380232553288481323e-01 5.331169465744572261e-02
-2.187715462142496570e-01 -2.585238074859173563e-01
-1.047009347789982364e-01 3.228675315752926184e-02
5.213983875430425186e-02 -3.372173819211450596e-02
