-9.598463908546566170e-01 4.646056754256721461e-02
-5.240119480143473618e-01 -7.840749516059359880e-01
-6.804149769177652018e-01 6.367084410148553530e-01
-7.807152576683697998e-01 4.044417094197860219e-01
-2.959182143605066928e-01 8.228049872031989453e-01
-4.316937996975037661e-01 7.334487170430512570e-01
2.868472204688199967e-01 8.300937961095854467e-01
6.058714466010153288e-01 5.842371581375889189e-01
8.039423743954156043e-01 -2.093340748174198629e-01
4.106280549336890906e-01 -7.345722456296277514e-01
7.107309272878011841e-01 5.011550390991268561e-02
5.873929832151066899e-01 3.532173979692830867e-01
-4.165177698984519339e-02 -7.834473449195656913e-01
3.708656495344846982e-01 -5.791206100053820638e-01
1.367813421329066859e-01 -6.511955450873612161e-01
-3.460788642367833012e-01 -5.856212275314661708e-01
-5.288328307430933961e-01 -4.334904792438123988e-01
-6.512285384678239142e-01 -1.661095961332185178e-01
-6.414321311918727009e-01 1.123811106896533130e-01
4.686487524677933059e-01 -1.526126754537584784e-01
2.861145380862745724e-01 5.858812409985617586e-01
-1.684166991224931298e-01 6.635284797237852583e-01
-3.641848215116023635e-01 5.085932960208078280e-01
1.896631225596404347e-01 4.079746482237031069e-01
6.738648585153500514e-02 -4.409176662163210580e-01
8.098128126699047358e-02 -2.142845695815527030e-01
-2.232462479322831483e-01 -3.709622837662755052e-02
-1.787825147628297751e-01 3.360066234423757514e-01
-7.935070664195946477e-02 1.713025364936298645e-01
