3.396758924260124823e-01 -8.414644162557022300e-01
9.547036615557451533e-01 -2.530193779249625963e-02
4.932030775256949773e-01 7.628747640140862707e-01
-6.883104202214261891e-01 -5.283603658337467923e-01
-3.086606978914099852e-01 -8.110927461144468165e-01
7.127700212904242161e-01 -4.420531386521262540e-01
-7.911452892462563780e-01 1.607470760676032451e-01
-4.278491358107190390e-01 7.110884270907259497e-01
7.456563087128640355e-01 2.848638039049220527e-01
-2.396735359164297308e-01 -6.424637525055253429e-01
-1.292497542471392202e-01 -6.316004280853408925e-01
7.041730592348368623e-01 -1.118455635674056037e-01
5.627655892075670296e-01 -2.719097188349183791e-01
1.239114595216815606e-01 6.643376334629769175e-01
4.529392340927155813e-01 4.224757836298821956e-01
2.283302884265550614e-01 -4.283653632681315160e-01
5.026657479681363450e-01 9.445482435649638076e-02
-2.376240526806003839e-01 6.097374952013570049e-01
-5.898424112913686068e-01 4.549080560913665305e-02
-2.858350081067476678e-01 -3.873739290782237665e-01
-4.883322989557991600e-01 -1.281722467850971436e-01
-2.661211764879938338e-02 4.627662087663957924e-01
-1.078078645137511560e-01 -2.813163641032742635e-01
-1.916412708939759790e-01 2.985755745006286044e-01
-2.731966887323686310e-01 1.787139253793007532e-01
-1.894815508255276726e-01 6.590844969589604307e-02
2.494842500953635689e-01 2.844130344579267125e-02
1.817268075743803113e-01 1.160667166366589204e-01
