8.142082150203675539e-01 -4.934290884645689546e-01
9.274424925752461357e-01 -1.833729688833627969e-01
2.216817762737104680e-01 -9.146882918804766227e-01
-6.005837723667066808e-01 -7.843534910328249232e-01
-1.883306183022357694e-01 -8.491193795216394058e-01
-7.093638075821213640e-01 -6.202027717608168400e-01
-6.839559138174756692e-01 6.670798809351340397e-01
-5.959580947001523743e-01 7.177364416624860688e-01
-8.214123357309957019e-01 2.764412885884180437e-01
7.962067799829624093e-01 3.969662626624809731e-01
3.920397264253528413e-01 7.821681992449328602e-01
7.520089075192158967e-01 -8.083814486388933573e-02
6.056617603443575915e-01 5.127317014167086517e-01
-7.330475814093138087e-01 -1.520406232861015172e-01
-5.850168165443340174e-01 -3.823015757430945905e-01
-4.404580780936463436e-01 -4.872942526343233549e-01
-5.934451529274560322e-01 -1.948635782417551809e-01
-5.642816064767934847e-01 2.551967467780250631e-01
4.911497226252763415e-01 -2.467483708010624888e-01
-1.319985799319919328e-01 6.219493136584903770e-01
4.569051407617870653e-01 1.011921782524718288e-01
2.987058604877992907e-01 4.281981363517037842e-01
1.387423179956599195e-01 5.070574585664235912e-01
1.930366806823522186e-01 -6.184010953797396820e-02
1.041181839966700828e-01 -3.719224177951842014e-01
-5.078438163645430242e-02 -2.949891361523530042e-01
-3.288541876729820235e-01 1.935345031204613667e-02
-2.347566414367802945e-01 3.110048408387570684e-01
-1.707134064601372181e-01 2.155059546195266240e-01
