-8.981220104387480641e-01 4.186268704810791608e-01
-6.863219456984388511e-01 6.053337005859886766e-01
-9.405411364514012496e-01 -2.941356514612454287e-01
-8.615332774691842888e-01 -2.989859378527127687e-01
-8.179342060109300316e-01 2.000842250599666472e-01
5.158772939039961702e-01 8.281217779432772375e-01
1.975358877868622631e-01 8.881857439291483969e-01
9.527407279494269632e-02 8.530421765175877358e-01
-4.721365587495939264e-01 5.240955255959572900e-01
7.628096935252564048e-01 2.467382472694726048e-01
5.795516189483781444e-01 -8.072964371797104466e-01
7.848175829958015104e-01 -2.379694590001160247e-03
7.408005032978631776e-01 -5.025194149814271594e-01
2.008334945419724404e-01 6.345232740067427990e-01
1.624822700730032821e-01 5.142349434572699440e-01
3.716523819341426838e-01 3.242628989884753232e-01
-3.990317517225805410e-02 4.113248340474999765e-01
-4.662420601192646119e-01 1.578727717711254641e-01
5.830463136238541733e-01 -1.181889118313609183e-01
5.760594960565442735e-01 -3.820539101015709149e-01
3.887104000523464858e-02 -8.401627372405902072e-01
3.838343057616051546e-01 -6.724635575653740149e-01
-5.365962114517663917e-01 -3.889535589214818123e-01
-4.920545877836643434e-02 -6.961319066025954960e-01
2.514663234131841452e-01 -5.033572815694077329e-01
-1.458448741915227553e-01 2.987005876411605657e-02
2.019058653506688172e-01 -1.112156243791743160e-01
6.425670543892454678e-02 -3.229469239481816412e-02
-2.996883737770378309e-01 -4.397304734109694357e-01
-2.281347579990990471e-01 -3.601686817004228214e-01
