-8.812594498251034025e-01 4.580832529886937898e-01
-7.186168959394447775e-01 -6.790039896503790029e-01
-2.979079598937139223e-02 -9.752000001302317811e-01
-5.260284174930356382e-01 7.914319158963287748e-01
8.417585911527235565e-01 -3.229177579003126297e-01
4.315226042575803223e-01 -7.188103848636820947e-01
6.223078158799795201e-01 5.649859868135906904e-01
6.140149979019261517e-01 -4.402089971969371240e-01
7.198545067196955305e-01 -1.475624961679701252e-01
-8.616339535072489175e-01 -2.970968243088848437e-01
4.711388331089907955e-02 8.546226335187226963e-01
-2.141937542374615366e-01 8.044892153086564690e-01
-8.070076080282247988e-01 -2.080527567556084145e-01
-3.517170614475540469e-01 -7.379320180481758751e-01
-5.041976448604659211e-01 -4.986864400937249253e-01
-1.867709379414461968e-01 -6.951430774804270296e-01
7.063288455932457965e-02 -6.678363987745679076e-01
-1.004344087008627283e-02 -6.205227681892810931e-01
5.510903368853919959e-01 1.183900419415799404e-01
4.550020603872185765e-01 3.504596744966456678e-01
3.886003371086696467e-01 -5.928354970467485108e-02
2.126932103193099055e-01 4.908456279945244138e-01
-7.446982245755787155e-02 6.539600182932256978e-01
-6.824525612323487644e-01 8.834903799510182565e-02
-4.452071555474124698e-01 4.557777478455526943e-01
-3.604585233642246950e-02 -4.232550342211736094e-01
-4.756656888209877532e-01 2.647456116566916928e-01
-4.667056369743096539e-02 3.746988145034257367e-01
-4.030304859189875466e-01 -1.595229325540973089e-02
-7.532179278877161599e-02 -1.103348203240782921e-01
-2.183262079409175327e-01 -8.806382173353846654e-02
-1.957429084974397215e-01 9.058746540322495933e-02
