6.506555845268535698e-01 -6.998200857979773870e-01
2.448721126387534142e-01 -9.173297274812011182e-01
3.916122478952978603e-01 -8.418405651834682812e-01
8.928638620505607859e-01 -3.256488645591713166e-02
7.288436758470155930e-01 -3.638650976329919629e-01
5.196991766839446081e-01 8.065231290486745142e-01
7.527605391626620568e-01 3.538562778456093016e-01
-5.857805917820068098e-01 7.963791676135552056e-01
2.136572993283328836e-01 9.156925275533407405e-01
2.187278207133337427e-01 8.329996911110971736e-01
-1.609300545482113820e-01 8.375663296578117478e-01
-7.659735109157177479e-01 5.286612093855185268e-01
-9.407226400173185343e-01 8.302288550271659517e-02
-7.364685429622588320e-01 4.387929033361488984e-01
7.602161310354418021e-04 -8.072426793597834438e-01
-2.201882098000377819e-01 -8.457140170496569853e-01
-7.637087346194260107e-01 1.732152957622841993e-01
-8.016361438040068288e-01 -1.263339349907978693e-01
5.375439019840414501e-01 4.644754775957892212e-01
5.828111699767207776e-01 -7.763223826943167760e-02
5.019844283868029056e-01 2.466664817478079197e-01
-3.507182998020941800e-01 4.983471218166897754e-01
1.154760685096279799e-01 4.980418584415375882e-01
3.824437269584336496e-01 -2.463158376251362858e-01
-5.945239726950450887e-01 -4.710725732981179137e-01
-3.534539234624904935e-01 -5.965132705092714982e-01
-4.149306063035942960e-01 -4.922203687903972669e-01
6.223977702924637229e-02 -4.403111749410778542e-01
2.040715526565400340e-01 1.945117436106245656e-01
-7.998002452334805612e-02 1.932138514255040129e-01
-3.650791375799957716e-01 8.058828234376559652e-02
-2.109070054145112671e-01 -1.987701497521938698e-01
-2.362281856742160790e-01 -8.225109966617684398e-02
