-4.666183067827561204e-01 8.472255916691858735e-01
-8.390325653065533462e-01 -4.763384314568750999e-01
-5.672158617275948611e-01 6.135671309296860665e-01
-1.096375998755255154e-01 8.122512875243836916e-01
-7.298088539241770478e-01 2.466630587559993648e-01
-8.081409110119182060e-01 -1.860003909172780467e-01
-5.324825912456271348e-01 -6.139191836822016635e-01
-6.985815244672287649e-01 -2.755453114066253595e-01
8.501962341069598805e-01 1.923690236137401977e-01
8.167370774053853699e-01 -4.860769512620995852e-02
6.768973299249375630e-01 -3.985605069323674976e-01
-2.026062926025453126e-01 -7.054349973616779179e-01
4.327544742318995552e-01 -5.187646218096588768e-01
5.820391010496901441e-01 3.837387263694924111e-01
3.163760047597962699e-01 5.565001638839960352e-01
-2.278182311532592763e-01 5.009118512144324908e-01
1.086715655891919707e-01 -5.558694210530237267e-01
-1.171400264395482671e-01 -5.036861663167735426e-01
-4.211796620357632914e-01 -3.324626585250740028e-03
-1.203513868965852551e-01 3.195791312650601568e-01
1.178542397741588754e-01 3.793983313027863291e-01
3.549320774966739367e-01 1.609005396942420896e-01
4.385316117767399380e-01 -1.277380448761292198e-01
-2.257755719286689555e-01 1.722219466722192888e-03
-8.967264733426588696e-02 -1.567263284852743743e-01
2.217580820122571628e-01 -2.756993114766148056e-01
1.647968694798391254e-01 -1.116041529778733638e-01
