7.559454479302253338e-01 -6.318313518527387540e-01
5.846998654947257457e-01 -7.464332761231566860e-01
-6.388339435549749146e-01 6.563563719024504417e-01
-3.146040960971709377e-01 8.557862352894808344e-01
-7.917755276643606566e-01 -2.707696852174220625e-01
-7.384227224209408691e-01 1.871542834822452761e-01
8.073966226976704297e-01 4.670662545924353370e-01
2.488869862212140516e-01 8.182317084782351202e-01
5.364368648113482241e-01 6.159068341354242415e-01
8.134195599717926051e-01 -2.607171718202895838e-01
-2.652549743364865931e-01 6.644967516139512753e-01
-1.291814485114348154e-01 6.448490810851259525e-01
-5.874426307525258961e-01 -4.304202527384312083e-01
-4.044242362400047863e-01 -4.913023854450819239e-01
7.018310915063237510e-02 -6.545060443074049994e-01
7.126992150805832038e-01 -4.482743609744883895e-02
5.310875416511706693e-01 1.417208678057818305e-01
1.983230732336220825e-01 4.990057271306979625e-01
2.513500553371647017e-01 3.177863324400255762e-01
-2.577783423824936415e-01 1.798188760096949834e-01
-3.866601580451889397e-01 -7.135848583862594574e-02
-5.677311224827904373e-02 2.030672024418941346e-01
-2.869115387475923429e-01 -1.142875209204423786e-01
2.571846001166528395e-01 -3.973007144589303929e-01
-8.349146988233199784e-02 -2.824555557243234594e-01
3.019093577213251001e-01 -1.632475499857551082e-01
8.837564829063351834e-02 -9.295036653326052556e-02
