3.487826251989940007e-01 -9.296763660826670161e-01
-5.284680498545426541e-01 7.713546789777240287e-01
-6.207107936934032066e-01 6.774017307307758085e-01
5.173929259357010757e-01 8.174324063925400008e-01
3.695136127076463217e-01 8.615700405788477845e-01
-2.779127403147142461e-01 -8.903039997316239962e-01
-8.607389968551693027e-01 -1.672999353044998250e-01
4.993614459008726553e-02 8.235499062981146423e-01
-2.617271281964843599e-01 7.140469598905422322e-01
9.016632771966494042e-01 4.172346715801585060e-02
8.205791685326313534e-01 1.681262636872555005e-01
6.569195638660868530e-01 -4.504073323070605928e-01
1.270433356457074947e-01 -7.704548330573033343e-01
-5.357121307280551248e-01 -4.131366298160773498e-01
-2.915093627291689971e-01 -5.756200321191941027e-01
-6.454899336484077876e-01 -8.375873423222633674e-02
-5.801846929946309350e-01 1.236537073741618559e-01
1.721400113285208311e-01 -5.790684351821299147e-01
1.213935285735115027e-01 -5.144395157948905561e-01
6.460647565473027765e-01 7.902670643306998477e-02
5.787226486255908631e-01 -1.241894241944719868e-01
2.307849793265601412e-01 5.808124647531095475e-01
4.252697195337896696e-01 -1.574752556994043207e-01
3.043748179549228827e-01 3.899132380265653008e-01
-2.111706489977760726e-01 3.417067568841751779e-01
7.120972873500278078e-02 3.705950082580472538e-01
2.154586526449195349e-01 1.926232179597400784e-01
-2.955692441666334380e-01 1.896037775085098603e-02
-1.476380571862447866e-01 -1.138151092823359439e-01
-4.200375984188615963e-02 -1.004304723496148855e-01
