6.838295425056448718e-01 7.269277478637324874e-01
8.243540576576000589e-01 4.932920282491080055e-01
9.329136572100651392e-01 -1.125931155493309355e-01
5.107553407707521309e-01 7.301406541072114065e-01
-8.931437717043536617e-01 3.906821813430494394e-01
-2.523858445967838149e-01 8.052319467249224871e-01
7.256646151367978081e-01 -2.654715865556813159e-01
5.726895216710484737e-01 -5.563961932290694135e-01
9.525098059584251320e-02 -7.692879333938780206e-01
-3.202137963609789639e-01 -7.444869763395101092e-01
-6.800622619115034295e-01 -5.035667888589515639e-01
-8.755452099843197278e-01 -2.570338813634562847e-01
-8.516045169707842089e-01 -1.849092360355878151e-01
-5.328284633800220993e-01 5.766790658605832620e-01
-5.884333442783957757e-01 4.087826051407662531e-01
5.524609184795929995e-01 3.052052280240173388e-01
5.257157042302383898e-01 -2.237311570972334573e-01
2.836430118698129998e-01 3.789022020135614510e-01
4.303215267514438058e-01 -3.488450716468225604e-02
-8.482474109451541844e-02 4.410485655255941273e-01
-4.347270320299397861e-01 1.952594636795750849e-01
-5.166128063241710588e-01 -1.349660770346584882e-01
-3.542702730065460104e-01 -4.262744040292200109e-01
1.776704286434573621e-01 -3.967680009295708188e-01
2.051918769448174071e-02 -4.122633676741837561e-01
-2.118274734131915249e-01 -2.628143321077374139e-01
1.223401152251896162e-01 2.510624449844218176e-01
-4.291588086440033256e-02 1.117332346453891317e-01
