8.680516337690814543e-01 4.484392206997755426e-01
-9.599450603479381394e-01 -2.008656774322912786e-01
-6.848255187311056424e-01 7.084373741342918640e-01
7.070705462344226699e-01 6.644516925419596820e-01
-4.906539443447820691e-03 9.291867196205028101e-01
-1.921967651830608914e-01 8.834973648396116097e-01
1.029108561563606555e-01 8.729027862074467681e-01
-4.785368509070030418e-01 6.949401475003547102e-01
-7.877912498629575655e-01 2.836697109334597178e-01
5.255902053418060049e-01 6.650266943715718027e-01
-2.192852556019740384e-01 -9.214252121212741509e-01
-4.002798511874274268e-01 -8.506846947181719854e-01
2.970608314320333232e-01 -7.595025868387271784e-01
4.332565877515328658e-03 -7.994377832023195074e-01
7.151807519323138962e-01 -1.255198572921243372e-01
6.290523129490688259e-01 -3.464927206797274173e-01
-4.468180872614669341e-01 4.613226759793240817e-01
4.140119227478624153e-01 4.601040897828410636e-01
9.457514583580083067e-02 5.235485295595411204e-01
4.217283927540090294e-01 3.215503659317602292e-01
-4.863732191567564644e-01 -6.130257465431226960e-01
-4.194046303847441259e-01 2.368487371710381040e-01
2.855359616997438232e-01 9.720761755616852406e-02
3.096103947764511366e-01 -3.559888480545149170e-01
3.365791887629314694e-01 -2.019258418351496109e-01
1.573137667695815312e-01 -4.050166415544070309e-01
-3.782444867858982263e-01 -4.409599921224038876e-01
-4.311949432788173553e-01 -3.710710876825353832e-01
-3.331526374074232910e-01 3.047427493681009042e-02
-1.975639633372143836e-02 -2.536984818681448095e-03
-1.762272277384490105e-01 -2.399770371180857675e-01
