-9.467454492252201925e-01 2.363015352421285742e-01
-8.696104367654484690e-01 -3.528193256497164088e-01
8.958119519031727540e-01 4.395232395814851478e-01
-6.598053714086352661e-01 5.207868251521163838e-01
2.821476577837276900e-01 -9.202077682094741418e-01
-1.017998173049006749e-01 -8.255811125285585916e-01
8.321229275424016913e-01 -2.334104331824600476e-01
-2.352004408801305901e-01 6.294038801733776722e-01
1.331199421729731269e-01 6.740069380001239008e-01
7.313394507264193711e-01 8.752874173505856281e-02
6.049715503316565046e-01 2.017687277694576176e-01
4.360551412443377517e-01 4.429838154025969588e-01
2.569600529951311940e-01 5.359143496053462297e-01
-2.623287779685467003e-01 4.638754760992561677e-01
5.113395790507525157e-02 -7.572553660200095349e-01
5.668258908228142046e-01 -4.189320513866895968e-01
-5.549371347823243150e-01 -3.216259834995140454e-01
-4.956558277298271364e-01 1.203677150112969219e-01
4.487102073626669796e-01 -1.678325964567468631e-01
3.443671256536151026e-01 -4.162092849001478023e-01
-4.389122758593539397e-01 -7.016610700370894127e-02
-3.634922102301333391e-01 -2.343795895256099160e-01
4.599000942571865314e-02 -4.349247580804795343e-01
1.355309203992401679e-01 2.740502628695064002e-01
-1.215144055440101206e-01 -2.182827761767769659e-01
3.119070233412401735e-02 -1.505662494889073999e-01
1.064032062055951383e-01 4.163340555889525479e-02
