-4.989419229353553309e-01 -8.503429092137091416e-01
-6.338597193594417423e-01 -5.664885354801054707e-01
-9.062647329905424431e-01 1.046691400797239574e-01
-8.134362639960696084e-01 -1.945019336139135191e-01
-8.223807231553740271e-01 2.931258392600398222e-01
-7.666472945969632358e-01 4.326115694505693887e-01
-2.724108757201709752e-01 8.778558025070137827e-01
3.925601660482840871e-01 8.991494089411929957e-01
6.664810756195155284e-01 6.945332173853981939e-01
-4.019370297395950808e-02 -7.905722674973979514e-01
8.314501971130932034e-01 3.460954827858359062e-01
-1.370349945894620558e-01 7.176067920858745230e-01
1.423918546608551050e-01 7.207896376272600047e-01
-1.036840151146938005e-01 -6.393302163205948352e-01
8.143303342407285372e-01 -1.100589051779605615e-01
7.622856553359147469e-01 -3.018886525599407955e-01
6.262760391122401682e-01 -3.719959068390025769e-01
5.655954837473143870e-01 -4.043937654849598107e-01
2.943243387401047739e-01 5.242394031351442774e-01
4.648075013257064736e-01 2.959351598895632596e-01
5.273278464904055385e-01 -1.992510549286939658e-01
3.518725220412742272e-01 -3.076434320628524954e-01
1.266995867397677222e-01 -4.133449892873256037e-01
-3.439697136319525561e-01 -3.818603672602869925e-01
-4.129934734242501349e-01 3.738726072168478409e-01
-3.192723690606134035e-01 -2.158546893964267133e-01
2.688125842876568083e-01 6.028645779151253770e-02
-1.535455823432035072e-01 4.171227733783569036e-01
-8.870080334738196515e-02 -5.059237743426295980e-02
-1.346974124305035381e-01 1.947316571775302985e-01
