7.761600821894167890e-01 -5.601819259889199154e-01
2.129787821542239723e-01 9.668637148026455463e-01
8.843366166037387455e-01 3.793689812649711501e-01
6.783265382509043873e-01 6.608438483018155285e-01
-5.305820993468435276e-01 7.254591113343242803e-01
-7.428487902283195110e-01 4.389015709895193740e-01
-5.601524724685289502e-01 -5.850572465063794692e-01
-6.730326050140835736e-01 -4.041072705640950113e-01
-7.820485372733134710e-01 -5.029330949423184427e-02
1.086053946665728985e-02 -8.423903449305495394e-01
-3.843293740673314751e-02 -7.838996799659784243e-01
7.438173552262240529e-01 7.529278056546236109e-02
-3.562029972372084408e-01 6.187887578108277609e-01
2.264684952276668495e-01 6.826353234958695282e-01
1.031288310228951899e-02 6.646553140590061304e-01
6.176709421595206750e-01 2.727804243668949247e-01
3.742135217273871439e-01 4.752522031942467140e-01
-6.556032810753522622e-01 1.271545267346556318e-01
3.966519922040109836e-01 -4.915517444424534199e-01
1.654413961786946885e-01 -5.927846464643959923e-01
-3.218048886568353195e-02 -4.719096970728611784e-01
-1.974139977176698757e-01 -3.866558850136028735e-01
1.324390449515650270e-01 3.607478729778275106e-01
2.504687241209564985e-01 -2.053641727820478269e-01
2.620915186555839438e-01 3.092987580615775764e-02
-3.338282338135110106e-01 3.564088807928001423e-01
-3.900597132543929257e-01 2.197864723637417139e-01
-9.883510882873931813e-03 -1.008055204287483797e-01
-2.900810113080259378e-01 3.570109752039772599e-02
