-4.064675397663955470e-01 -8.630940065470000810e-01
-1.514708435020927502e-01 -9.305979675942621654e-01
-5.740795629475246020e-01 7.861083359657018432e-01
-3.436787196812762790e-01 8.666494795386198158e-01
-5.357030751096261145e-01 -5.373658611373308691e-01
-7.897433171429888432e-01 -2.024873558456407319e-01
-7.298763580617726454e-01 1.290439929544082154e-01
-6.203066475787876177e-01 -2.696411232937552804e-01
-6.026631809738912660e-01 -1.067252782749427975e-01
-4.869448471105096432e-02 -7.300666963418561695e-01
-5.070343663844519844e-01 4.952127578346615100e-01
-3.504937228866015220e-01 6.645198221259973614e-01
5.449990977408247783e-01 -7.026405780408891966e-01
-3.841435454129113469e-01 4.300875526608842758e-01
3.708579189235405305e-01 7.730028384144111975e-01
8.078743223828542541e-02 6.863423515375005612e-01
9.114099794843570912e-01 -1.963492412216102101e-01
9.659462641573069996e-01 2.242077272365433360e-01
7.428593954669382438e-01 5.155414423558504211e-01
-1.931412035889055745e-01 -1.974372057295281646e-01
1.493016981447517766e-01 -5.470200437409177274e-01
2.675766184101956990e-01 -5.208994833215404574e-01
4.687560767614291080e-01 -3.799868466704457437e-01
5.298688440759483642e-01 -1.517763444423337049e-01
7.098687929728952906e-01 2.207513006340326711e-01
6.020117099076632838e-01 1.234691395379212825e-01
5.066951642279388102e-01 4.499209989829042189e-01
3.078483822652365309e-01 3.656172521785134299e-01
-4.935390505155042365e-03 2.328310513102912482e-01
2.801945373792009142e-01 -3.175372665073126349e-02
