-9.342811312055755435e-01 3.308206602684319875e-01
-9.335438788997494353e-01 -2.663178498737501787e-01
-7.786697099424148005e-01 -5.292852825239833248e-01
5.756070775663871819e-01 7.840512264509316154e-01
-4.971281928350367030e-02 8.989222256804173528e-01
3.063734781058497503e-01 8.068732404498024646e-01
4.893760165002705165e-01 7.338563073812437443e-01
6.891776555243429581e-01 -6.386206851140507901e-01
-5.606403747620111178e-01 -6.126297610575032193e-01
6.657201282637704651e-03 -8.766342127069837176e-01
3.145099973426090378e-01 -7.415829848612967012e-01
9.156442630450412068e-01 -5.670166195371767470e-02
8.499313143861789710e-01 -1.902248723688318155e-01
-5.721731484909318988e-02 -7.378064257449002961e-01
-6.801009965110669242e-01 -2.207055696568898939e-01
6.818514806417180774e-02 6.908352538756867833e-01
-4.451849996566689671e-01 6.384475561682821931e-01
-5.724536927516508111e-01 4.854760736477001792e-01
-6.268079994331869909e-01 2.579362025590498653e-01
5.939194089086125006e-01 3.660089024316025008e-01
-2.356096554977580859e-01 5.288536715122451604e-01
-1.739515161578400748e-01 -5.764306705950562604e-01
4.767105384971650484e-01 -3.903245113412862621e-01
5.740748340217456391e-01 1.513511276098223057e-01
5.587909625335452102e-01 9.145324241687227337e-03
4.638297966533010408e-01 -1.574432107298649186e-01
-5.043075617660519594e-01 1.259487876002923223e-01
-4.569827340336748284e-02 -3.438839658067542882e-01
3.099474803943176593e-02 1.816800943343414299e-01
-2.364954805671971028e-01 -1.016240720578916734e-01
3.755416048789041866e-02 -8.274699328092947892e-02
-5.963031643825304068e-02 -7.767836084457123424e-02
