1.754809173501922226e-01 -9.417572707166976809e-01
7.625496696924779494e-01 -6.199669326730485874e-01
7.205803957196647014e-01 5.970492023578052310e-01
8.532289377817170450e-01 2.412966872072800362e-01
-7.278346278119572910e-01 -6.623108849422664202e-01
-8.000290691379691177e-01 -2.880870136103569901e-01
-6.112697194530876121e-01 -5.812154512496047198e-01
-1.250910113177297889e-01 -7.282735648361975400e-01
2.460641242172459109e-01 8.823412778408322721e-01
-3.791453553388670072e-01 7.742705862534727812e-01
-7.960244074928428670e-01 8.835383973425280091e-02
-7.161487260056534909e-01 3.303582881804221216e-01
-5.571841871315273975e-01 5.210329707102229202e-01
5.632763032939837045e-01 6.101308615395993895e-01
3.757391353417033897e-01 6.191299218075269062e-01
7.758701991190036784e-01 -1.486849179186232328e-01
5.026772710137201727e-01 -4.363528040584306877e-01
6.656686404101221921e-01 -1.537468618163241874e-01
5.586981558304696671e-01 -3.163904782944030464e-02
1.539064376994467576e-01 -4.677981267846638147e-01
3.539452933912984878e-01 4.238439362411809408e-01
3.549514559189336782e-01 -9.409561849494740837e-02
1.254398991500312033e-01 -2.245844658391414617e-01
-5.474783114267263162e-01 8.624306720456485775e-02
-3.455063744034839734e-01 -2.808606875319807350e-01
7.378771809903998669e-02 5.158204659077256782e-01
1.090133297811934354e-01 3.276914663291704000e-01
-2.953805866921220269e-01 -4.499763104553763243e-02
-2.026387621813371676e-01 3.181343306855409780e-01
-1.646251570029886591e-01 1.373329502773683874e-01
