9.721851717880374277e-01 1.222509679099974822e-01
9.267423035329381831e-01 -5.372209664124727446e-02
-3.449958493976735263e-01 8.945745249095050644e-01
4.525835836521096001e-01 8.242577450477370782e-01
3.432777638876097770e-01 8.828984804858337476e-01
7.108317709393022765e-01 4.496576170581272902e-01
6.070127308824014856e-01 -6.660400868286938669e-01
5.625328914175002915e-01 5.104748925025035522e-01
1.450954123070512802e-01 7.388697678293055793e-01
2.512762848854125375e-01 -8.401583739535866124e-01
-7.209716679516599003e-01 -6.906052662167510015e-01
-4.792002209703780657e-01 -7.723337195859913962e-01
-9.874015251776006030e-01 -1.452486136627366142e-01
-8.637829362375446518e-01 -2.797288259074679484e-01
-8.705396955188032804e-01 -3.931276020912929242e-02
-3.978767360327582769e-02 -8.024194155832761188e-01
-2.149642027736024807e-01 6.340242492450219869e-01
-4.276678389131308156e-01 4.960837239116295816e-01
-6.452012730932208395e-01 2.148311695442672031e-01
-3.821774143386377776e-01 3.573831332921164061e-01
1.475737560038258012e-01 -6.818684356458053486e-01
-3.541703982749297430e-01 -4.810920877561392084e-01
-4.516064652365642806e-01 -3.248661904760329899e-01
-4.461561580445470576e-01 -1.058314085080729328e-01
3.930729217773538120e-01 -4.413869906569953816e-01
5.737017913919710832e-01 -2.028590371942330106e-01
8.023688947467590149e-02 -3.981366460057719769e-01
8.974509623947808656e-02 3.754356095552160988e-01
4.765499758989636403e-01 1.699252877378369664e-02
3.092994627054462820e-01 8.641106412356466815e-02
-1.287191805778021836e-01 -7.198278613008841920e-02
1.395049713230218369e-01 -1.425724428970750850e-02
