8.301703930483316229e-01 -5.509885732557958660e-01
3.537338433141912208e-01 -8.142327329875163056e-01
5.486680462082617060e-01 -6.637372202566428347e-01
7.645800072493316168e-01 5.700398051406901923e-01
7.223363538147287155e-01 -1.970744942968736535e-01
-3.211065803929815665e-01 -7.616701592776461416e-01
-8.411273834983198361e-01 -2.743069995321217314e-01
-7.479928318962304479e-01 -3.700089992495591562e-01
-3.472053751064988480e-01 -6.406936496722372976e-01
-1.750449425070262632e-01 -6.461841015526014198e-01
-8.548219963396295196e-01 3.979959064226626930e-01
-6.979779461624698866e-01 6.976441726322031300e-01
-5.690654409173924178e-01 7.175216008544857971e-01
3.942377168555344924e-01 8.038578906217970221e-01
1.797058122130368030e-01 9.027917517333019504e-01
1.946888929049723702e-02 9.058653180547696637e-01
-7.863281792728108455e-01 1.716318135800085076e-01
-7.045380880366454435e-02 7.949740277634123053e-01
-4.073694507879132010e-01 5.425584294844429945e-01
-5.833114846644872342e-01 -4.652093931814592007e-03
-5.616088924250788317e-01 1.491229460783445315e-01
-4.970134110772696512e-01 3.055166116552721634e-01
4.118274467424006824e-01 -2.956874161745446372e-01
-1.983157343028193464e-01 -3.704654256587950889e-01
-2.047383209868737508e-02 -3.601284646227695951e-01
4.698582347155738637e-01 4.645153005467585472e-01
3.709659262951960912e-01 -1.124054711568114456e-01
1.940682401831825832e-01 5.200866418913406841e-01
3.512700826899843864e-01 2.757512502582905034e-01
-1.180793124896060420e-01 -9.508509330728207032e-02
9.344451404694824673e-03 1.231510922508100708e-01
6.456474859643765440e-02 2.459175955655757695e-01
