8.685089710708447930e-01 -3.383567061956703204e-01
3.302603103854812594e-01 -7.458697621076288975e-01
-6.513259721609089281e-01 -6.072736003839536156e-01
-5.174287625219103209e-02 -7.529570716271870578e-01
-3.514094384330728738e-01 -6.439562660056221688e-01
-8.478578356071946320e-01 8.916544186943320405e-03
-7.937761217474853526e-01 5.686788338826267442e-01
-7.603296098334793029e-01 4.004503256206471962e-01
5.639148147584071014e-01 -4.000458013475240993e-01
-5.837977842235683168e-01 -4.082679325536673481e-02
-5.659642020037370935e-01 3.747204587573794154e-01
-3.041614618054273578e-01 -3.143153047791002463e-01
2.279130401813777018e-01 -4.122682326264930364e-01
2.409371039468929249e-02 -3.751857658615440072e-01
6.757342086862265784e-01 1.540713293047896171e-02
5.550051286176116427e-01 7.116389861506283721e-01
6.388538478889883576e-01 3.279759550892876740e-01
-3.373216106630274047e-01 6.020820386647346423e-01
-8.870023822385257606e-02 8.197117618952090012e-01
8.463362129793480793e-02 8.089210737083640801e-01
3.090305336326758523e-01 6.562830632650463736e-01
1.335534664157837781e-01 6.368437760305607487e-01
-1.097681281671098463e-01 5.036533549046761093e-01
-3.222836458076155930e-01 2.094378343796007014e-01
4.643295220653528843e-01 1.764157633677154724e-01
3.234328555751804779e-01 2.402456666242419880e-01
2.509660694864369532e-02 -1.085867561747119181e-01
8.894367745940429115e-02 6.639126661053029732e-02
