9.172366555821913625e-01 2.442555885918843983e-01
8.603120735294441657e-01 -4.828949441167665890e-01
-6.861521585123091516e-01 -7.150978565384713548e-01
-2.279325116311207711e-01 8.692643785665621348e-01
3.621840573045954081e-01 -8.209402919752594174e-01
4.790189903036893293e-01 -6.918552217299117624e-01
7.405015257434145459e-01 2.613160656550711503e-01
-7.959421360091734066e-01 2.511123998868270424e-01
-7.046862037349894692e-01 3.353987538838117954e-01
2.625113349089889803e-01 7.035533352618098535e-01
6.535099983949120839e-01 -1.143271021655644926e-01
5.094438628722097739e-01 2.996865883650176032e-01
-2.053454617913732239e-01 5.624203606878546147e-01
-2.494727161196734141e-02 5.923078363328904139e-01
-5.466415337224143078e-01 1.664432857352404482e-01
4.856192661931962307e-01 -1.710470358883034170e-01
3.048062255431798206e-01 -4.058140610769191414e-01
-9.487318919813023110e-02 -6.781001301810773985e-01
-5.344743090289909571e-01 -2.470334808821841865e-01
-4.688104406689418968e-01 -3.852225549375120073e-01
-2.793348361228853993e-01 -5.044992381743059751e-01
-1.222128382632312604e-01 -5.044352549916417683e-01
2.932944245103302205e-01 3.865327227376508940e-02
8.720528654521121636e-02 3.524681283611426630e-01
-8.757141241418106570e-02 2.482595717978648975e-01
-6.078345845481675225e-02 -3.062127838788199496e-01
-8.424202855317231009e-02 3.791325819028735361e-02
-1.706317131514939467e-01 -1.154442522396321724e-01
