8.282088435417245265e-01 5.463302316896255784e-01
5.002277135966194388e-01 -8.434462738067476373e-01
1.843397278002401052e-01 -9.414272348008528857e-01
7.757282274850979542e-01 -3.095494668726188614e-01
6.989934537694723060e-01 3.851229308827727738e-01
2.656881067331802182e-01 8.405378841111684762e-01
-2.673423083841180992e-01 9.416625946627713573e-01
4.645830925440712078e-01 -5.061095410915238402e-01
6.433159740831104756e-01 -9.821821101675332066e-02
1.078240089909041077e-01 -6.393551542976988467e-01
-3.471931458536439696e-01 -6.870772037454722092e-01
4.412318807109182894e-01 -2.659523435521911616e-01
-8.068294144420298242e-01 -3.852837537722471062e-01
-3.185948438810572991e-01 8.306463629032607709e-01
-7.331349580734949356e-01 5.145235644749240889e-01
3.650106537605824486e-01 2.179256034205867276e-01
2.285704061274297649e-01 5.316969330449081710e-01
-1.232697614441413125e-01 6.459459419691966353e-01
4.826502802009723786e-02 5.308043541791894748e-01
-4.096833270306796115e-01 4.735086752978993618e-01
-4.948663331042909563e-01 -4.464863913789126060e-01
-7.386524808598757819e-01 -1.243599201671334413e-02
-6.137402914739993331e-01 1.386213205454791542e-01
-2.844141322101951252e-01 2.483938588445713247e-01
1.411364748317676943e-01 5.471664304558577357e-02
-4.986502845463608447e-02 -4.147138662408546977e-02
-2.638143630619012581e-01 -2.193655562415839366e-01
-3.695313000338320553e-01 -2.053815765245693981e-01
