-9.577683037866961957e-01 -1.142285980155832159e-01
1.409473557426466350e-01 -8.947414104376425481e-01
-2.090365497562932107e-01 -8.841497705941162577e-01
-4.449662143415115123e-01 -7.709056641945861710e-01
7.113660228943241570e-01 6.692003204607522848e-01
8.862082014553934739e-01 -3.105208827421595541e-01
6.862271659812232416e-01 -5.418192022975804045e-01
8.187358397136029753e-01 -8.924048610618096067e-02
-7.892731219615999327e-01 3.676705927869912127e-01
-5.068026128306625244e-01 6.377454283515437972e-01
-5.804520770361132342e-01 -4.276678165878768922e-01
-4.414677462552629161e-01 -5.239917244101713889e-01
4.477669749516040576e-01 -4.881400045997124626e-01
6.032542930072539722e-01 -2.333713690244671457e-01
5.693070230483868732e-01 4.654762634468123661e-01
-5.759617604788797030e-01 -1.743848813337486314e-01
-5.595366137404473861e-01 7.246444688355942187e-02
-3.560207445681902727e-01 4.404250438613102059e-01
4.148354981997087049e-02 6.557168955007147693e-01
2.236017619629012965e-01 5.670052259912058412e-01
3.775708915734247162e-01 3.664213977494088503e-01
1.538168307579176330e-01 4.681853153902377773e-01
4.529066262747971638e-01 -1.637544029119966105e-01
-3.739519931498896943e-01 1.181876574117448897e-01
1.617417985493214416e-01 -2.277661763618386015e-01
3.000205442263196784e-02 -3.142114217549014654e-01
2.853299608011516247e-02 8.959811224603927982e-02
-1.058611415249696153e-01 7.467365049883843697e-03
