-9.416507536509102216e-01 2.692502988981946843e-01
5.211416505738666327e-01 7.179331399562502991e-01
-6.905423128663071841e-01 6.005392135309290946e-01
-1.917145978496685998e-01 8.331928741459060372e-01
-8.544066268069008263e-01 -4.767726337918201107e-01
-7.169043911240843281e-01 3.536423382848236097e-01
-5.096200407076925121e-01 5.025899230362906867e-01
1.240076865907758924e-01 6.786878245488057182e-01
8.872195009666496157e-03 6.558020457136173320e-01
-7.403346727859563270e-01 -1.956188249961021697e-02
-2.734543390120222628e-01 -9.577381083105976911e-01
8.295931180229922930e-01 -2.586928459126459079e-01
1.466534443347646266e-01 -9.714572537592356394e-01
-6.114562005728214622e-01 -4.269119533699209379e-01
-1.880736896916795631e-01 -7.718847904432849516e-01
3.366451905500086328e-01 -7.721168114213742273e-01
6.102489057478788226e-01 -4.813678368681146291e-01
-2.871624745029428549e-01 -4.919288643750773238e-01
4.698146780687157964e-01 2.885670858817006579e-01
5.319169008621884576e-01 -1.260604873357872580e-01
6.841903271082107330e-02 -5.506532732191444790e-01
3.284322255854187911e-01 -3.082170164735925089e-01
1.088034391501361137e-01 -4.170586512296831083e-01
3.255369219337130304e-01 1.294887485036138874e-01
2.177740504234391417e-01 1.734319011338614214e-01
-3.459933049222985169e-01 -9.138477267113531699e-02
-1.399060187130895250e-01 -6.392082072373563018e-02
-2.361549306525902170e-01 2.557628984938336569e-01
-1.233091121573377247e-01 1.886165624028251220e-01
