5.328847101790762375e-01 8.089360705222494730e-01
-5.555891943114954490e-01 -7.759378740797117091e-01
-4.129593201548991122e-01 7.712689388083329156e-01
7.400087682528603272e-01 5.406263675551042924e-01
-8.793635241522628210e-01 -7.395405552201975152e-02
-6.481240986795724357e-01 4.657086452441501767e-01
-2.228029625574318995e-01 -8.674621579884896905e-01
4.407010521037444534e-02 -9.062831953397398888e-01
-6.313448920690719612e-01 3.188603641906871955e-01
-6.849061270192393636e-01 2.574975661438356350e-02
-6.351645355055900444e-01 -2.250364862353379236e-01
8.262972398630692439e-01 -2.730756261688170317e-01
5.752890709652497270e-01 -5.242884195294601479e-01
3.716480062389535544e-01 -6.988605101533986730e-01
2.219480623604950520e-01 -6.608480926318253124e-01
-1.749320547328940822e-01 -5.783552342921772782e-01
-3.924593539177538282e-01 -4.512676970736956839e-01
-4.164347804479047732e-01 -2.580359321182857379e-01
7.806506796835770423e-01 2.983872779159260635e-01
-1.122164910984933817e-01 6.068329419798317304e-01
-3.242096312292204185e-01 8.898331845819802688e-02
-7.593482362700490484e-02 4.029602981311267706e-01
1.370255752672281391e-01 5.090656980086055716e-01
4.150881891001261259e-01 4.303098536149684850e-01
6.714487550735974697e-01 -1.869189850175603795e-01
6.749549560018464067e-01 7.580159036965477930e-03
4.745915732354050176e-01 2.012398310098727772e-01
2.690433019847363050e-01 -3.715989134763992285e-01
1.299984434225632812e-01 -1.067407209853091787e-01
