6.400162442841631494e-01 -7.047687462387977053e-01
-8.392955205947540132e-02 -9.687927729012533185e-01
2.502996983471013070e-01 -9.200361682398079388e-01
7.417536757829499283e-01 5.436760286228353722e-01
-8.082666449269642062e-01 -5.279529606107022932e-01
-8.060073831841081393e-01 2.704809891688625401e-01
-7.931701021914048244e-01 -3.194560234967376844e-01
-3.946254447402808840e-01 -7.405528172855652125e-01
7.478846926639707293e-01 3.424725235803113832e-01
3.990347893905227816e-01 7.394218749376856303e-01
-6.020584562384914129e-01 4.914388971518421911e-01
-2.629885135075152869e-01 6.656274092858119884e-01
-7.064087447821488785e-01 -9.526545425058946526e-02
-1.110216850191849819e-01 -7.324596781329723028e-01
6.998064440581852619e-01 -2.906997791147588051e-01
2.132240877576280225e-01 6.395092668551065618e-01
4.499622071801257506e-01 -5.309720410515210709e-01
5.071361187666776349e-01 2.045198756764913806e-01
5.251162503813192606e-01 -2.072231443339393742e-01
3.770788017067150388e-01 3.647973646552102323e-01
2.070072677173414588e-01 4.164140979892532735e-01
3.687266643709163905e-01 -3.238197697860892288e-01
2.867625973030505926e-01 -2.902172598719910401e-01
-5.188855303907068395e-01 -2.554960047358170727e-01
-6.091814424727291094e-02 -4.478808203763507412e-01
-3.133931279742552811e-01 3.784549817352755308e-01
-1.987141207593664041e-02 1.557751228697502044e-01
-2.792636512388111947e-01 2.349193113382315734e-01
-2.687069450918004865e-01 -3.147943606144048417e-03
-1.934374912873443042e-01 -2.725800448552224697e-01
