7.194363924365176910e-01 6.557646200803025627e-01
-1.552067820108272156e-01 9.554539068776299882e-01
-3.030958531480942852e-01 8.652752228493949538e-01
6.577429970068686682e-01 -5.460366591487534338e-01
4.702712393760050125e-01 -7.231797261864030268e-01
7.794477046426446787e-01 2.111372220703987279e-01
7.679260185876445322e-01 -1.100996682600216547e-02
-8.605442883455787229e-01 -4.453533649625291413e-01
2.304539642876232419e-01 -7.743342339042884603e-01
-5.540161771183483852e-01 -6.720052029069100152e-01
-8.716424039525939582e-01 -1.124154745476361739e-01
-7.527328418048359060e-01 3.881798319674839570e-01
-7.561960175452816513e-01 1.722903435484772205e-01
-6.035454783012716984e-01 -4.068336432662498225e-01
-3.664634553678781104e-01 -5.767926475334576031e-01
2.463437814806944959e-01 -6.002902727295834628e-01
-3.210288856400891205e-02 -5.551151132558942436e-01
4.489933104397034747e-01 -3.226628865964818460e-01
5.530735659174691454e-01 8.916124485732893068e-02
4.560316152033350168e-01 5.189911465739962537e-01
-1.620869169627993656e-01 6.619044137309080256e-01
1.570631498538980209e-01 5.858122870581210506e-01
-3.522577049809823557e-01 4.610866092540253369e-01
2.940800766562520208e-01 2.818635649162755108e-01
7.718040597528497138e-02 3.977431722097720668e-01
-5.022725570166711728e-01 2.013409481592534633e-01
1.733704523525394781e-01 -1.370983136689086224e-01
-1.728347347658053812e-01 -2.653504346339495279e-01
-3.825141225102219322e-01 -2.924389002586317773e-02
-1.545362060428284168e-01 -2.336552616247822636e-02
