8.118824079574941954e-02 -9.734687545258982055e-01
2.802925160230992363e-01 -8.979699241970683365e-01
6.628508459728620350e-01 -6.450977536504486354e-01
-9.841114213188006943e-01 4.611325946491635908e-02
-7.574670485337589021e-01 -4.146669976654345224e-01
-8.463235124699747258e-01 -1.641190419941656042e-01
-8.319489445762714430e-01 4.260998034061698747e-01
4.221645753571923732e-01 9.007060390373810010e-01
2.234582639464430809e-01 8.890601560699598060e-01
6.427353714412981089e-01 6.770653028227677783e-01
-6.419390663712954970e-01 5.393821620001573169e-01
-3.049901502678961096e-01 7.242057661002418989e-01
-1.359267438424896224e-01 -7.329278080150277708e-01
-5.627315352130372039e-01 -3.946568265842607115e-01
-3.929957015964410938e-02 7.050730405941988410e-01
3.160856739923066372e-01 6.467409149252318912e-01
-6.096729882399850586e-01 2.327725691350185089e-01
-2.313199447434112210e-01 4.355831411567104849e-01
-4.462202674673576008e-01 1.312452294378738393e-01
7.562778278472090943e-01 2.264025500504492083e-01
4.920943699326930099e-01 3.849932613852382612e-01
3.808557704948190570e-01 -5.929878189289665702e-01
6.125616254704220331e-01 -1.362363497682638792e-02
5.730238314689518608e-01 -1.504600466226545530e-01
-2.066064946580390416e-01 -3.760093028996046027e-01
1.438577420180818800e-01 1.272120355488377264e-01
3.099474816973353253e-01 -1.204799245409182880e-02
2.907406518867770018e-01 -3.628736529464539617e-01
-3.132722442081748576e-02 -3.361600840386858580e-01
9.511109370263706730e-02 -2.787001562850299208e-01
