4.631798236483964937e-01 -8.494866092754235209e-01
-5.271453371624651441e-01 -6.644110645157510486e-01
-2.370089688895750668e-01 -7.715848235461366666e-01
7.789788588599413366e-01 4.471358216483748427e-01
7.957161294039253319e-01 2.999421699290550358e-01
7.870154715136729040e-01 -8.301747764433052568e-02
4.733057924826385987e-01 -5.557511458175572461e-01
6.124912125718138256e-01 -2.983008623287997652e-01
1.359094693971058809e-01 -6.773096170538405181e-01
-3.304235563880067623e-03 9.686432888337179747e-01
5.409321191526791361e-01 5.805812971822718049e-01
-6.695549293613345387e-01 6.091767792602583720e-01
-4.130801411328060002e-01 7.080017064382670977e-01
-3.182501893940825610e-01 7.475298504433067759e-01
2.888130670598641481e-01 6.403754886291510573e-01
1.067599163896496700e-01 6.968663801000533065e-01
-1.014953774615574428e-01 5.826116212052007137e-01
-7.607137805539656572e-01 1.796018303117793979e-01
-6.603436008410847879e-01 -3.179799774820403768e-01
-6.689778623656131851e-01 5.182154034062808751e-02
1.156708361624086412e-01 -4.694411698363100682e-01
3.884328151804014029e-01 2.043237898313233214e-01
-4.435188855140400621e-01 2.145577320885906636e-01
-4.660696281336445534e-01 -3.078372819860465404e-01
-1.270719494915719394e-01 -3.320864899342669263e-01
2.322021414950673768e-01 8.389453484337398848e-02
-7.382437367492182545e-02 1.494736493802323873e-01
-1.844041362979373100e-01 5.875503619632174712e-02
-1.432171364879968045e-01 -2.403771823901978966e-02
