7.436510226675746571e-01 -5.575054783451728335e-01
8.930476582918522865e-01 4.418056871611689695e-01
-3.242716066756088922e-01 -8.568209287268017116e-01
-4.294764475133312498e-01 8.455767481599236746e-01
-8.385247756713379852e-01 1.717682630673961486e-01
-8.182288997390190222e-01 -1.479870304007813997e-01
-6.749444711733728619e-01 5.166489714845734493e-01
-7.532281005256422635e-01 -2.471886759992204807e-01
8.215749160747650714e-01 -7.847563833759410579e-02
-2.335835916620306318e-01 -6.603923133392127776e-01
1.162345030141206104e-01 -7.109358571254871251e-01
7.152439389678222348e-01 4.299853709132060997e-01
-5.290417404673963819e-01 -2.600055059471274022e-01
-5.848446280512007434e-01 1.242956938802056155e-01
6.632888042044566834e-01 2.515562824500978678e-01
-4.899905448089222904e-02 -4.987192629604467187e-01
2.752681939527498178e-01 -4.434628236316607297e-01
7.580412783979659230e-02 -3.745117166416877530e-01
3.269448752767073474e-01 -2.381756915737312519e-01
-3.737163555067467557e-01 -9.025936809836612729e-02
-3.800712782267310907e-01 6.162710171282814731e-01
-2.495133621815703029e-01 5.823629852016639630e-01
-3.136802381840234633e-01 3.534887721513297332e-01
1.458811471385223768e-01 6.144010544397108253e-01
3.406291642028281830e-01 4.835136071813411207e-01
3.746072669812866018e-01 2.576526696285825688e-02
-1.765208801479756576e-02 1.228434876364091488e-01
2.611275302535399634e-01 3.002653282227308873e-01
9.014107605692132930e-02 2.591516488772019344e-01
