4.911168292574885075e-01 8.477131822801610150e-01
9.580754682842119729e-01 -2.543226895015432976e-01
7.566912118490766170e-01 4.133492243133928268e-01
8.792777330936782931e-01 1.454203343580805496e-01
8.583544697051168626e-01 -5.087046247853005410e-02
-2.686758547985572676e-01 8.447603367486398174e-01
6.400543268046245959e-01 2.899814629575068747e-01
3.694035573732577515e-01 5.737494396435359745e-01
-1.521923753998829544e-02 7.089013207648998671e-01
5.566552741271477700e-01 -4.303611611666144920e-01
1.137948591612642502e-01 -8.342124476835700575e-01
-7.861805778726282945e-01 -3.947432360246549421e-01
-7.124201413124010562e-01 4.130116644745322474e-01
3.580200610636412040e-01 -4.903977090723063426e-01
-9.736456448054423007e-02 -7.131474121619901796e-01
4.640770589994548390e-01 1.501501770758747155e-02
-7.171773495713681390e-01 -1.389307463286840461e-01
-4.872898878886071095e-01 3.207456267376819214e-01
-5.402056941839543658e-01 2.527048247192108521e-01
-2.357961765633332929e-01 3.982776562181840063e-01
-5.427106021976352279e-01 6.793590134834520677e-02
-5.772736464539501844e-01 -2.957474281510671932e-01
-4.170905967778049672e-01 -4.268204802593932312e-01
-2.067611569128678661e-01 -5.270163204271963719e-01
-2.875682855643534874e-01 -3.641123463306181196e-01
-3.133419198055276134e-01 5.186967084382427401e-02
4.275975287283675236e-02 -3.302292272550089169e-01
2.492756263267275896e-01 1.643211756904165155e-01
1.027557250507630526e-01 -1.884087767356446702e-02
