9.295864259738632063e-01 2.382590669086352975e-01
3.253845396223141728e-01 8.748955302079114427e-01
-2.017082686755173326e-01 9.372733641110141400e-01
8.214489544590809489e-01 -4.789665462191304846e-01
4.706509602089063993e-01 -8.340577380330624901e-01
7.507546829691659207e-01 3.588161665654791554e-01
-8.965597554415283277e-03 8.347114783586564446e-01
-9.728596379090449497e-01 1.499583692066064474e-03
-8.186924736056809815e-01 3.209414326338596024e-01
-7.513052721374828824e-01 -6.028770876834346204e-01
-2.503992088696230800e-01 -9.062112683255720835e-01
-2.879621156099645973e-01 6.424689716718385846e-01
-4.077539557733272368e-01 5.405330014205887990e-01
-7.747885970067431849e-01 -1.326232374328766006e-01
7.355538477677056042e-01 -9.047158929608312139e-02
1.460922624515001711e-01 5.515894831343273186e-01
-1.325263853056896091e-01 4.637139309746906024e-01
-2.345848062871137008e-01 -7.656845479188352233e-01
5.239520042618115436e-01 1.014398244038151320e-01
3.080336179634556859e-01 -5.657556849394106413e-01
4.335105353701103059e-01 -3.196031164134759406e-01
5.866809045044472232e-02 -6.324792415167703741e-01
-3.907628780375707600e-01 2.515076685428969117e-01
-5.529720749086168841e-01 -2.686857950491141622e-01
-3.339049905470916624e-01 -5.518153743738013484e-01
1.781692354000851131e-01 2.891566545123478438e-01
3.068179154038399581e-01 -3.174864740164102389e-02
2.428437597864508413e-01 -2.058382058335132825e-01
-2.871011616019525925e-01 -3.855016835563062072e-01
-3.028405245769887899e-01 -2.476487097535925996e-01
-2.030620157716061525e-01 -5.604548532904417985e-02
8.396378053153204235e-02 7.049406067599084391e-02
