-9.314369664479327238e-01 2.950285770132953789e-01
-8.738322778949808578e-01 -2.696829696707291890e-01
4.493065544425138280e-01 -8.829770031764193616e-01
-4.569485092002109616e-01 -7.121492959800392875e-01
-3.460610201444683232e-01 -7.736851099941022269e-01
1.286895965697299610e-02 -8.775449331161006006e-01
5.277609999498730220e-01 -7.555032768340949056e-01
6.430799897528485243e-01 -6.924515742487368231e-01
7.859027178444386585e-01 -3.473367820392508354e-01
1.135826839903206070e-01 -7.810686179462749124e-01
5.661529456346636735e-01 -5.870772042056312534e-01
5.697228665669133996e-01 7.185701931869216130e-01
-5.463733624217089746e-01 7.249284670100517580e-01
-3.734500588648721753e-02 8.349778297913401648e-01
9.627089866908891680e-02 8.239738041112887323e-01
3.357655850274369191e-01 7.282721873910902310e-01
-7.069491069170407149e-01 3.635953361740466017e-01
-3.146823532107984600e-01 -6.179956383156982591e-01
2.056094951993701625e-01 -5.396153103076487545e-01
-5.025997150374654776e-01 -3.105040541800145326e-01
-6.149091275885951724e-01 5.620294171477973472e-02
-2.792727499540036962e-01 -3.790367144633674523e-01
-4.954914947496715794e-01 2.197922512569631392e-01
5.553040922257812539e-01 4.468883608619448888e-01
6.434141508144841648e-01 4.268069960000032970e-02
-1.176927356553906651e-01 5.121041498161039707e-01
-1.902278089169258668e-01 4.045729660034158015e-01
-1.269935106893483601e-01 2.109263206570499358e-02
4.053669448353018900e-01 -1.365574471769602227e-01
3.738099572244126256e-01 2.099701772083211737e-01
2.557100560511505472e-01 7.419643444811295074e-04
1.596514684909514925e-01 3.459700355898059909e-01
