6.517114739796182610e-01 6.657159580225504580e-01
7.915176783574324748e-01 4.537024426692290446e-01
5.798082895991997221e-01 -7.967625989836941702e-01
4.422353714978738415e-01 -8.478001783559180327e-01
-9.795403478533050157e-01 1.481757857402000167e-01
-8.155237031020156069e-01 -5.251196618861185827e-01
4.283898636616114558e-02 -9.135275473991215645e-01
-2.210084611138122823e-01 -8.908131159785386277e-01
6.210643534929721765e-01 -4.800097422796776869e-01
7.335088395620753543e-01 1.414028215209052475e-01
-2.362751074961315645e-01 8.399603744686869877e-01
2.449197798035297469e-01 7.081486972362033283e-01
1.211529483149399213e-02 7.664053932762119326e-01
-7.557019725411758815e-01 -3.565074192894900906e-01
-6.863912790442687761e-01 2.965468226688703357e-01
-5.682058225153761022e-01 4.256832168257303484e-01
5.915346377721453219e-01 -1.595365480716845474e-01
-2.092936796572093805e-01 -5.837484860869772696e-01
-3.947465873405510139e-01 -4.639492339229610574e-01
3.005981380185663854e-01 -4.018094708414826077e-01
4.337024554654714814e-01 -8.985485628985656614e-02
-5.180063288692182688e-01 -2.026248308763015094e-01
-5.019464424880463183e-01 7.008308719819002219e-02
-2.053905645763410837e-01 -2.793075577659220321e-01
-3.380602838265053811e-01 4.110699792826343346e-01
-2.589508214260881624e-01 3.690784378953107514e-01
2.376441946471893191e-02 -2.284275979564669157e-01
1.675593665354793427e-01 1.463159287265552722e-01
6.130880475649286288e-02 2.396701028276387955e-03
-1.561740454220020002e-01 1.771861342917961102e-01
