-9.199118291625422161e-01 3.812813087723561645e-01
-4.225567533128751774e-01 -8.981976668506379546e-01
-8.056357332854020559e-01 -4.097131913099720246e-01
-7.167545534764178106e-01 -5.141883156169990698e-01
-6.416594230703441815e-01 4.503032837928677146e-01
-7.625404841378470300e-01 2.990671451166738298e-02
-6.610936562763924940e-02 9.710725210523334372e-01
-2.831908858621616232e-01 7.057230635398540342e-01
3.359695452778677094e-02 8.423073809787288146e-01
2.688457160274362878e-01 8.593076979113342118e-01
6.333370935418720649e-01 6.989904303301891497e-01
9.026774190034048129e-01 3.035130860380820250e-01
-4.177253664488239648e-01 -6.659502257728261432e-01
1.037422272487201758e-01 -7.988738556544769942e-01
4.726052603067589786e-01 -6.854835442922787569e-01
8.176195618010816402e-01 -2.643221311397354611e-01
7.236403576543201099e-01 -3.925602015956450308e-01
7.211512523213212678e-01 1.884906407525861471e-01
-4.107335877404394986e-01 1.802076203659710163e-01
-4.574799663361955315e-01 -2.814223696184622869e-01
6.269731167959676776e-01 -7.987510131808350788e-02
-3.302371041121647255e-01 -3.240587179682979380e-01
3.956889321108181812e-01 -3.796865093746503717e-01
-1.065724156648276688e-01 -4.626521145880012620e-01
6.864728434664955914e-02 -4.406728241046940497e-01
1.310914944018528872e-01 -3.437192045986764977e-01
8.581833687970212348e-05 4.831663963007890583e-01
5.149240552750803529e-02 1.392459718715509109e-01
7.812673990817339820e-02 3.064342779214813128e-01
4.536099717498440764e-01 3.076130730942184255e-01
3.384348222538427486e-01 2.880679429746970110e-01
