8.252538415090854285e-01 5.045714485914136738e-01
-2.451555387238192329e-01 -9.015204580488409558e-01
-7.849026663326157394e-01 6.031621259193771512e-02
-7.220760497292784130e-01 -3.018172145121421068e-01
-5.907479615312792864e-01 -4.393385549585547833e-01
1.967380087530865018e-01 -8.246736571124942961e-01
7.261019913982315055e-01 -4.312224642296076937e-01
8.900282636334805320e-01 5.875734801168124022e-02
7.729623355075430080e-01 1.925094975174991840e-01
7.534371853096640814e-01 -8.557947357918362086e-02
-3.908915493635460418e-03 -6.980032605489636666e-01
1.564618523676802875e-01 -6.092191805148128303e-01
-2.458549682865356356e-01 -4.836596111204687909e-01
-5.159803462657946982e-01 -2.046653597947857561e-01
-3.527705914497178408e-01 6.959420879652660208e-01
-1.925137306378299773e-01 6.812070596327990391e-01
2.938979653258926295e-01 5.969220961636670930e-01
-4.531251681257459363e-01 3.519891098831121612e-01
4.001904298218160183e-01 3.708794109478353307e-01
-3.466975859774692331e-02 4.947433745703309627e-01
-2.834497449179060324e-01 3.662758448239524234e-01
1.632012145354639343e-01 3.223553703756816824e-01
-2.104260606760991748e-01 3.026227299578716778e-02
-1.049603372534982371e-01 -8.297702667054415726e-02
3.298938960586598190e-01 -2.610542472443888595e-01
2.173737919281164555e-01 -2.540142286289473472e-01
1.515698896379953364e-01 -6.214159053498732183e-02
