6.445725109810286624e-02 -9.418524811214319392e-01
6.716395349171354612e-01 -7.022410984139041412e-01
-6.033180206002284329e-01 7.155817594278329752e-01
-6.048119009927894751e-01 -4.567905116208408889e-01
-4.154229978446958849e-01 -6.368276025996377765e-01
-6.659975842975415228e-01 4.692635668841959040e-01
-7.127573553404862317e-01 8.075116876873242311e-02
-2.461774825519948418e-01 8.520412046725707178e-01
-3.709517276917556061e-01 6.341249013704234327e-01
-2.156151012494855468e-01 7.022673315066925159e-01
2.250959621598488947e-01 7.461505550257051533e-01
2.881651458306693780e-01 7.199644707708784397e-01
5.515009078162167455e-01 5.540415619136255243e-01
7.900188423014037342e-01 1.816349202215327419e-01
8.196495369540330866e-01 -2.320069338320811941e-02
5.971552183215143028e-01 -4.653431264118934596e-01
4.519195372088845135e-03 -6.169035423074393787e-01
2.274994525540627310e-01 -5.835536613445551080e-01
-4.202342387969580373e-01 3.010864166179891832e-01
-4.349991373762103763e-01 -2.159336012204355892e-01
-3.012653825290724785e-01 -1.657376190252947412e-01
6.693583462559704600e-01 5.360677125467992049e-02
-1.493819126279307963e-01 2.473615625399022688e-01
2.274994389254996266e-02 4.106835717322744883e-01
3.265938613357260989e-01 2.938256709340462125e-01
2.127285935832465558e-01 2.673647278222897605e-01
3.879929643497375125e-01 -2.706184889020619710e-01
2.534026680274052978e-01 -1.205034646838269857e-01
3.462955540241539065e-01 -1.301152988012217182e-01
