-7.621882928302883276e-01 6.349208053539999730e-01
-9.647548245721305760e-01 -2.482470263104752384e-01
-6.909710389102868833e-01 -6.852234292970539320e-01
-3.851704764903532419e-01 -7.643036736185658819e-01
-7.391398551873572531e-01 -6.950779665892931058e-02
-4.567348909400542611e-01 -6.097034405865977558e-01
-6.179040678222534888e-01 -2.585052078859549907e-01
5.286617053365013641e-01 -7.264024881853721194e-01
3.138830572594985407e-02 -7.470898368128395806e-01
9.340548467648619457e-01 2.221452156163470359e-01
6.927781177506154853e-01 -4.681362045739854150e-01
1.768984525932895679e-01 8.166253698354190016e-01
4.400015882921003985e-01 6.774956127436567721e-01
6.801724154037633863e-01 -2.403705505227286265e-01
6.468337238101405928e-01 2.148666372012174031e-01
6.610056220350364331e-01 -7.262778497019545254e-02
5.937134231431052261e-02 -5.660987820151874850e-01
3.459711457558531378e-01 -4.270411910032577141e-01
-4.144828056866002308e-01 5.987319915902908907e-01
-2.001639135232891331e-01 5.800868027384891157e-01
4.818476478903153948e-02 5.839975469581465406e-01
2.284137059595581498e-01 4.172730406331186526e-01
-9.134903759398740886e-02 -2.693047925714072699e-01
-2.774192885600143543e-01 -4.395555299585811315e-02
-2.053954295051199086e-01 2.591558755536196301e-01
-1.942449548357532947e-03 3.243578322469863884e-01
-9.915896596127492246e-02 8.188910107323732132e-03
2.206134456697934898e-01 6.557077881899128768e-02
