-7.650321810201698991e-01 6.249148543350602214e-01
-1.849522224760364875e-01 -9.307899367700167570e-01
4.414825065320397979e-01 -8.201626897973927077e-01
9.335023911221025372e-01 1.676465054745714667e-01
8.748913343063077219e-01 -1.822334190693258513e-02
5.546439802172501432e-01 6.867664747541299963e-01
1.024609418148961643e-01 9.274720283264644705e-01
1.330733651303080871e-03 9.282543402539545907e-01
-9.140175570673636507e-01 -8.882514811862310400e-02
3.989763293872464756e-01 6.458565443861495892e-01
-2.713881785214782849e-01 7.552227532403867905e-01
-4.343307540565868874e-01 6.016218079132296115e-01
-7.808975362793610930e-01 -1.780402806975488195e-02
2.768831618932013905e-01 -7.412984263202466728e-01
6.323240813981266806e-01 -2.880164277124347971e-01
-6.259479491402449858e-01 -3.917855542192428819e-01
4.632336849118836031e-01 -3.514253909343983406e-01
2.824226315719408631e-01 -5.517560567312128628e-01
-2.487630481089349310e-01 -5.141765372776564424e-01
-4.568096445548888718e-01 -3.457610063348084406e-01
-5.555392323084928918e-01 2.470716141951858832e-02
-3.647422919373825845e-02 -4.308660780735051876e-01
8.848955882018103014e-03 5.739363914429095326e-01
3.231185361200918371e-01 5.440371769733542279e-02
4.302740510214256298e-02 -1.818951207212865240e-01
2.019060732307336181e-01 3.055877316090723772e-01
-1.815999158076788550e-02 3.464961490872276451e-01
-6.547884424068306508e-02 2.119611732427943360e-02
-1.284835452767822961e-01 1.533714682812843400e-01
