7.911266118828487182e-01 4.928733402912081618e-01
9.117269666453239330e-01 2.276554721225376443e-01
-3.204106998273380524e-01 -9.472673072545675366e-01
5.316674659060831587e-01 -7.604491908014613388e-01
3.554668218736011798e-01 -8.325855288603242199e-01
1.999271484110055619e-01 -8.520007319096336573e-01
-5.501181923495639392e-01 -7.442472359715073260e-01
-7.679949117032126571e-01 -5.859647273165501380e-01
-9.117916655906369572e-01 -2.716308588577999172e-01
-9.622933452524909947e-01 2.714296953267033574e-01
-6.786328883432291015e-01 7.043690731694755014e-01
-3.382487224724713137e-02 -7.923881042662790364e-01
8.063452736874601179e-01 -1.286649608562105140e-01
1.542354038480369879e-02 8.612931216901505982e-01
-6.486298004937455230e-01 4.758438891154393446e-01
-7.344771720670228987e-01 -1.677585084245356295e-01
-5.006114065105461419e-01 -3.748911247876204889e-01
-6.912165771776187517e-01 6.098808215939440641e-02
5.940426539514832571e-01 -4.316876637546573359e-01
5.290048286256906485e-01 -3.162083548273011968e-01
-5.298002320418471189e-02 -3.769988986104906847e-01
4.367506686573854324e-01 -2.341755793281171949e-01
-9.637334388380988659e-02 7.167627646254082219e-01
4.399533955895270632e-01 3.147329207400665352e-01
7.151356071487575961e-02 5.325619130754557506e-01
3.250816765297441235e-01 1.830633445925992919e-01
-3.525336861892793827e-01 3.765748073948691974e-03
-3.049326490565404946e-01 3.537170687111314549e-01
4.187014666562437898e-02 1.740248932768993506e-01
-2.031590286410696056e-01 2.002636613607618465e-01
