7.980564706562501831e-01 4.107515317591091675e-01
3.988312164864510900e-01 8.450891110832909892e-01
8.352186182099204936e-01 -2.926959376336890628e-01
4.352452245091750771e-01 6.678233766398578020e-01
3.247529441905911418e-01 6.625835393813873653e-01
-7.363778807414350647e-01 5.992391296074729423e-01
-8.533985935437921055e-01 3.882997909124361047e-01
1.909722604013840697e-01 -9.287942305127672160e-01
-4.775692031453316888e-01 -7.006228385288533200e-01
-6.520795533234781116e-01 -5.602817241850872598e-01
4.366982696084066862e-01 -7.040349056976610287e-01
1.182301711229238050e-01 -8.004661883172700110e-01
5.265322798052183284e-01 2.326928657880604490e-01
5.288670579082742629e-01 -3.385602487726236398e-01
4.612261342000714692e-01 -4.453419680931928748e-01
3.069132716239407754e-01 -5.082475554995493638e-01
-7.853951682934404710e-01 -1.251264618072229773e-01
-8.117176306811710873e-01 2.012397774220693047e-01
-8.404717234087584476e-02 5.751540478564870496e-01
-6.922323326276101918e-01 8.418728807931918912e-02
-5.751510648976242424e-01 2.484108741071018589e-01
2.153411642968777739e-01 3.919153365930278521e-01
-3.714283939728504347e-01 2.500451767894852351e-01
-8.260114750681402107e-02 3.290986011754632456e-01
-3.007486359511181706e-01 -4.467822484868063104e-01
-4.107783073544875596e-01 -1.945243516933335415e-01
-9.285000333048459842e-02 -3.985741585025167066e-01
2.563500731125979981e-01 -5.376184517438761801e-02
-1.043463076222524155e-01 -9.379950967484543267e-02
