-7.249940235234073604e-01 6.459265806904449514e-01
-7.590160217260050191e-02 9.942681502218424505e-01
4.287248863342509875e-01 8.277661368168297562e-01
7.586968374861837727e-01 -6.388155120020893030e-01
9.735928702484548669e-01 6.206292771664526087e-03
6.695377143849950974e-01 5.556702639574716551e-01
-7.608491406249254796e-01 -6.388808974795484596e-01
-7.891250935726040749e-01 3.572938121781605858e-01
-8.503860281938635524e-01 3.001306598194239394e-02
-5.513824097108821487e-01 -7.309200789867614789e-01
8.352947599168092374e-01 -6.702406894025697559e-02
-4.359747755108868694e-01 -6.977066629542156839e-01
6.723451637590812657e-01 1.020609258878996395e-01
6.698942278061653655e-01 -4.893476108993138202e-02
-4.401224744019994334e-02 -7.412353951562227206e-01
1.374922822298882963e-01 -6.974971462681200940e-01
3.224651925546248576e-01 -5.970696813294806837e-01
4.590131651857496942e-01 -3.591121700541556327e-01
-1.293722524901328441e-01 -6.394217466696285879e-01
1.978704503390156522e-01 -5.387290376839416473e-01
5.159848971388600880e-01 2.730189999672278933e-01
3.202781417630763960e-01 4.265976502262039949e-01
-1.980826142696031078e-01 6.547841607790139129e-01
-5.004127197014882761e-02 5.347503856048761994e-01
-3.167243517084113447e-01 4.811637402398708518e-01
-5.404714584756874496e-01 -2.863378205789930964e-01
-4.139774240620999191e-01 2.841669852386007888e-01
-4.517435121752166327e-01 -8.766729473265386097e-02
-3.325981617951346836e-01 -1.704490620212126550e-01
-1.546743269192323300e-01 -3.235234530427010813e-01
3.292270834776897526e-01 1.876785720207059527e-01
7.562858228872874899e-02 1.597496470164667670e-01
4.638871469700342476e-02 5.078286991230259589e-02
