7.611556845827984752e-01 5.837955949535073019e-01
4.543251554204839060e-01 7.546277585317656689e-01
3.302000430692867416e-01 8.008341720700348221e-01
-4.692968988292985366e-01 8.718693675805063714e-01
3.856859376676647355e-01 -8.712760792256566411e-01
4.102808802174197356e-02 8.397586682571019923e-01
-9.180943578803563154e-01 3.941048454464161077e-01
-9.499878195727355923e-01 -2.410693486678501807e-01
-7.558197876140977378e-01 3.820259848762042609e-01
-7.469134316015927366e-01 -3.828574769945722878e-01
-8.107785558241328294e-01 2.379265139002911464e-02
-4.829401892891487247e-01 -6.026347113519748833e-01
-1.495494809766425293e-01 -8.096230086829175887e-01
7.313124288286689811e-01 2.542802120832203250e-01
7.809194426923899979e-01 -6.196379067075553915e-02
5.635377838197804801e-01 -4.655295146303223275e-01
2.873791815279139739e-01 -6.285733643727514641e-01
5.803116126556236987e-01 6.924013287172334219e-02
4.738943086582048103e-01 -2.981979789027394134e-01
-2.382210957094201553e-01 6.582139752560801638e-01
-5.230962757551422815e-01 4.763332028608532887e-01
7.510484884552735829e-02 4.811438976870642259e-01
-3.069054767867190336e-01 4.228766259290460128e-01
-6.810273823160621631e-02 4.022878493230396812e-01
-3.795058526476132732e-01 1.307212060804663900e-01
-4.507841820563917024e-01 -9.512104675559632239e-02
9.963555868758026263e-03 -5.130780891306406799e-01
-1.579649242170265977e-01 -3.800553333698680758e-01
1.161645775335795605e-01 1.425457044180757360e-01
-6.734133102853900876e-02 -1.853580481736956942e-01
3.274674497537571199e-02 -1.230269278809569822e-01
