6.550878701735549647e-01 -7.426368158954972376e-01
8.133591711975766136e-01 4.250760489809962683e-01
7.065196659433844451e-01 -5.508011464950200997e-01
2.775955614262834784e-02 -9.849159222182675144e-01
4.910352330651769348e-01 7.513287834036370683e-01
1.714937663071326168e-01 8.069308900009993790e-01
-1.483837599769223248e-01 8.379832977804043681e-01
-3.915166832318089374e-01 7.830421501572243370e-01
5.056875335588335574e-01 5.077573320547094093e-01
7.140103227167500233e-01 -7.845531339611794275e-02
-3.709567369799070535e-01 -8.493899888002942600e-01
-9.322920597889530203e-01 -2.762018204297955748e-01
-7.680562095759749797e-01 -4.752193146758778575e-01
-9.435528376796099570e-01 1.037249873390126420e-01
-7.555547266391919869e-01 3.556781117555896099e-01
-4.490443762393582783e-01 5.431257645246208021e-01
-5.863854262877462586e-01 3.495414561998265723e-01
-7.401602048301509917e-01 8.241067276189724400e-02
-5.280950392162975238e-02 -7.441569707085249341e-01
-4.086471490607120893e-01 -5.981614254244833617e-01
1.306330470851433390e-01 5.190776363582598751e-01
4.881632171974565892e-01 1.356024848922688653e-01
3.921551733606803425e-01 1.830967525842895072e-01
3.342501362092734629e-01 -4.636312437500555994e-01
-5.660441769976327642e-01 -2.034142633519033308e-02
-4.357453759804324478e-01 -2.926648711440603123e-01
-4.107051927723067153e-01 -6.203766664733026404e-02
-5.206679465488218972e-02 2.461119468555983680e-01
2.609596363114776163e-01 -3.205641594035414377e-01
1.008083009762640037e-01 -2.032317554758752143e-01
-4.937174273324705653e-02 -1.270637241453234645e-01
