-5.784351916414743888e-01 -7.667768399366625687e-01
3.238745538006087554e-01 -9.060115806005686334e-01
-1.260726776139579897e-01 9.807024955011812706e-01
-5.990606283578553404e-01 7.562841053522553203e-01
-4.713459790972921448e-01 7.936216740913536460e-01
-7.926898163546568510e-01 -1.751596586997219152e-01
-7.487830732273313972e-01 2.510691343634979811e-01
-2.466016444980362599e-01 7.926094118943526334e-01
5.614608260565377984e-01 -7.468385637225811724e-01
-5.586388183926317419e-01 -4.165845069136489554e-01
-4.779167545382965315e-03 -7.431706722108368801e-01
-6.333741387279516744e-01 1.088189542114857133e-01
8.944523431978267380e-01 3.855969140023796093e-01
-2.516922779273684241e-01 -5.003757902820319403e-01
7.776207423439047695e-01 -4.638566254913608078e-01
9.279290108865286824e-01 3.339675082455861865e-02
8.907145343974745000e-01 -7.329037644688457531e-02
4.422258866408813049e-01 6.452647329068662563e-01
3.938474638127782423e-01 6.652298106733183225e-01
6.100049219861408689e-01 3.499262904549284015e-01
7.381859935018471042e-01 -2.795563096181003515e-01
5.228285863067624328e-01 -3.142504044339519131e-01
5.846433548872580488e-01 -1.422823811956955564e-01
2.870920439740863306e-01 -3.684288745024892342e-01
-3.792385229987875750e-01 7.960172351032036853e-02
-1.183652525306147785e-01 4.083810179168564369e-01
2.902788166027989725e-01 3.381553366708521802e-01
9.036607992870243633e-02 3.454534571186979597e-01
2.937144089112043721e-01 8.051893202547611567e-03
1.256813063930233842e-01 -1.201444859928534475e-01
-1.087808081865540739e-02 -5.385560127593012197e-02
-2.073158448783931906e-01 1.015843657551997042e-01
