-9.325334455316371951e-01 3.544407295179412554e-01
-2.625015355603264045e-01 9.489704406920157487e-01
9.871244380144722497e-01 1.529006051292288726e-01
8.619640756393531777e-01 -4.327510703844851814e-01
8.911015977123018517e-02 8.753456096518918983e-01
-4.595988813566049824e-01 6.963717364326371673e-01
-7.745147133827922081e-01 -2.415325576984215517e-01
-6.798160696069268649e-01 3.130098743011107687e-01
6.359341939990139636e-01 6.181024687001265283e-01
-7.481554163456216600e-02 7.007345325651732626e-01
5.343238819552865726e-01 5.771010424139617623e-01
-1.374335840590536484e-01 -8.111425256609382517e-01
1.720204855920760278e-01 -8.070543662955254050e-01
7.778299413939455675e-01 -2.404920413088871556e-01
4.694004633108327385e-01 -6.200124933717078290e-01
-3.143462547694337861e-01 -5.849038201516022495e-01
6.822410605139569428e-01 -8.254926256481211200e-02
-4.355091764539314458e-01 -3.950711422396536721e-01
2.155223137501940112e-01 -5.001799462706266741e-01
4.976404678272186577e-01 2.818301892493017546e-01
3.954344727989392294e-01 -2.156925212300476735e-01
-4.622736437038325874e-02 -3.620856867828221026e-01
-2.438770497284412642e-01 3.125581000814461885e-01
-4.363602641853953634e-01 -4.863107282997637670e-02
-3.518129660786786239e-01 7.066941824204070466e-02
-2.411547988285537569e-01 -3.001719985754979989e-02
2.287964532878127011e-01 3.029389192628575977e-01
1.094035862522219071e-01 2.455841410650005663e-01
2.956812727205958558e-01 -3.576556693533090164e-02
8.857813102078310186e-02 3.021579076622538454e-02
