8.675098019136839866e-01 -4.607616054476884604e-01
5.363787676817296513e-01 -7.583964663698704589e-01
-2.372349040684895993e-01 -8.533350345358977629e-01
-6.083708577114541605e-01 7.934512853101731711e-01
9.441881595853796050e-01 1.065073319057211754e-01
4.911954916941314031e-01 8.440884076331860442e-01
7.726739741983544574e-02 9.770618801680448495e-01
-2.256569416376430215e-01 8.706688320838930073e-01
1.863955806955386318e-01 8.427142004766201566e-01
-8.048779993071386585e-01 -9.910405702345762013e-02
-2.799830844950068620e-01 6.483357494208588090e-01
3.967613626014166450e-01 6.291960776907522535e-01
6.220834780224160365e-01 3.678940676243017127e-01
7.365137149637615011e-01 7.610552012038961089e-02
7.275734013838572878e-01 -1.572294361200095303e-01
-6.367783207043221649e-01 2.457477723808908499e-01
-6.643652380131458424e-01 -3.214894201661878670e-01
-3.671475312100063726e-01 -5.627618597181425208e-01
7.704092229642506284e-02 -6.347768171085886868e-01
5.351802189439505142e-01 -3.085826563381461329e-01
5.389921719195887168e-02 4.794450852426192511e-01
2.617198462605187514e-01 4.057537600458724913e-01
2.664640319017898551e-01 -4.217896231959377129e-01
3.169112063328778928e-01 -2.672036818127297986e-01
-4.898916324783004206e-01 -1.063890921244707577e-01
-1.438486600317234569e-02 2.951485216892685837e-01
-2.876574338907957884e-01 8.226297774523626261e-02
1.225552138469806068e-01 1.262702364576266389e-01
-1.515251504180413766e-01 -1.945258714441837067e-01
-3.517580698305586978e-02 -1.454946991276031554e-01
