5.092379556102195615e-01 8.390317777221228956e-01
-9.277910870759005224e-01 3.330704932768592252e-01
-9.847588868124633743e-01 6.394126729190899305e-02
-9.638744058068015041e-01 -8.472879746716154015e-02
1.258066787126979613e-01 8.841524125660257249e-01
-2.335237135575898293e-01 8.394566383887857031e-01
-8.715772169271988057e-01 -3.006048059337250167e-01
-7.340140134341404110e-01 4.442583234939992409e-01
-4.223913529794073307e-01 -8.517404685561312805e-01
-7.231661408197831431e-01 2.092160714836715230e-01
-6.599814025971120213e-01 -2.068228722298162403e-01
2.507333352427340567e-01 6.655187465167654581e-01
-4.791326919352245639e-02 6.366641231623383357e-01
-4.943297906499223293e-01 3.558462076102313354e-01
7.341966572053580942e-01 -5.388032818929620049e-01
8.664451013895653475e-02 -8.672374448486439569e-01
-2.084665990355822618e-01 -7.288069380693585897e-01
5.243414311485049273e-02 -7.669805464758731040e-01
8.297378349035031686e-01 1.184225541242213131e-01
4.608542955640007599e-01 -6.259403830286834891e-01
5.612558385404819994e-01 3.383830645378310686e-01
-2.773583798267291733e-01 3.573270819670111287e-01
-8.496825262059880257e-02 3.465358214770525302e-01
6.090000760447511485e-01 1.543238873519151011e-01
-2.430067456803636783e-01 -3.435293892737265598e-01
-1.658935535505676739e-01 -1.187670206433172754e-01
1.367903660132257782e-01 -4.523962242488262508e-01
-9.021999064535154295e-03 9.614884493259510251e-03
4.717279675054438237e-01 -1.322181422676141915e-01
3.595314548732329030e-01 -2.473173254450968528e-01
3.229904062755119543e-01 -1.183012355488731460e-01
