-4.588251231698965982e-01 8.838840489926321764e-01
6.194978756807664744e-02 9.547250994559335346e-01
-2.632482118067456800e-01 -9.361851539787897636e-01
-5.278219303990395739e-01 6.942036628630452455e-01
7.128436177374621874e-01 5.657830992201073883e-01
2.395631556790009109e-01 8.002196604993668805e-01
1.168656590960351765e-01 -8.577459638498199368e-01
-8.188161174802468523e-01 1.123826537352860810e-01
-6.692517641086456193e-01 3.310650503619206320e-01
-7.867870200492913524e-01 -4.786505308446165757e-02
-6.543283279852505352e-01 -5.733568317479322829e-01
-7.045185909449890316e-01 -3.701767558054851470e-01
-3.232315953819891452e-01 -6.824470316412779569e-01
-2.864368517834525209e-03 -6.752152321434838900e-01
4.557690950026839771e-01 -5.360520334206566595e-01
7.089502122940057882e-01 -1.943202314291095079e-01
6.645765833624549535e-01 -1.085074610872461959e-01
4.631139772818372302e-01 4.745024971942863878e-01
5.166645155581585103e-01 3.997942489772749464e-01
-2.886849504120648224e-01 -4.582783893275717002e-01
-4.759649736587794888e-01 -2.359313285829405804e-01
1.186686384839400199e-01 -3.661925705025624311e-01
-2.073738514128861954e-01 3.955132457536416068e-01
-3.440822072211659477e-01 5.304324020003975404e-02
-1.757348683208207196e-01 -1.664639396439666075e-01
4.181101217617074761e-01 1.255010813298440275e-01
-6.204172860268724471e-02 2.836501165323900286e-01
6.448412841223244429e-02 3.437721557518041982e-01
2.162707721072891220e-01 1.674280972525690192e-01
8.923829981416574186e-02 2.093949698580995986e-02
