5.413226168031776142e-01 -7.813667785639335506e-01
-2.575872472715791742e-02 -8.791921174338614975e-01
-1.405162312150199933e-01 -8.523993302691394991e-01
-7.332961461082918575e-01 -5.067184695310410492e-01
-3.684333773261553313e-01 8.522483818250276011e-01
8.634544172096186854e-01 3.562817095965077896e-01
1.982490792252374623e-01 8.512653223817024939e-01
3.776600570960387260e-01 -6.288974484974566570e-01
7.798282628399240135e-01 -1.251489546789294749e-01
6.501252568454817249e-01 4.526260666706773406e-01
7.042876937588220532e-01 -9.698003136514686887e-03
6.503266326245862317e-01 2.222101459606183327e-01
3.264946202421146193e-01 6.512696512987080633e-01
-5.362763454347454495e-01 -4.440888165959148148e-01
-3.490710102038402374e-01 -5.340670951738165639e-01
3.672700497048790869e-01 -3.349420117668459040e-01
-6.361793387647342035e-01 -3.030021067206225063e-02
-3.561000641304634673e-01 5.637937706105839997e-01
-5.417744393825424387e-01 2.699606632990716459e-01
-3.957313375306060199e-01 -1.742723933382220036e-01
3.244943226028215721e-02 -3.156610289937282210e-01
-1.670940831378935898e-01 5.125055735675764224e-01
1.328537277852046561e-01 4.273975065954774277e-01
3.536489658980754847e-01 7.259347802554622087e-02
-3.141031647101560909e-01 2.274433992875412036e-01
1.183965955159611422e-01 2.340211810128450254e-01
-1.527989628511034481e-01 1.714021185896557053e-01
-3.526755899314071296e-02 -3.421013653810668631e-02
