-1.236364424149385133e-01 9.785605629498482783e-01
3.657621120504594425e-01 9.161611190252219039e-01
4.217334646285448296e-01 8.475507581236215726e-01
5.691294611437012207e-01 6.587558308527687867e-01
-1.766855963770639082e-01 7.837361178034083498e-01
-7.284580688106448987e-01 4.631606377586221512e-01
-6.194823855283735359e-01 4.875408532257331506e-01
-8.177777382321197441e-01 1.315492021799983535e-01
-8.929338073350771010e-01 -4.229487141606032008e-01
9.310906377743772833e-01 -2.919111639527804947e-01
7.745587364932614571e-01 -5.973081834937825629e-01
-5.360560780230155808e-01 -6.918818220137612496e-01
-2.643964565100428432e-01 -8.897211826507371857e-01
6.988430366912626868e-01 3.457672583977898229e-01
-3.487572429376851191e-01 4.023723683127450323e-01
-5.560036029058926799e-01 -5.263809675607238753e-02
-5.382249961860835485e-01 -3.666406551926585378e-01
1.871911202930024165e-01 -8.647304140589274768e-01
7.253510945527098519e-01 5.433252372826854332e-02
6.186738539591088992e-01 1.764222325776295397e-01
5.502920081173132694e-01 -1.813446848208028483e-01
2.654018187594668898e-01 -6.302138312072885773e-01
7.212158713638003316e-02 -6.630790566944767539e-01
3.052414480951781139e-01 -4.675733811489004577e-01
-1.671235330577013067e-01 -4.743600983235430890e-01
-2.701637098947908266e-01 -3.247103350348367057e-01
1.274364283459042402e-01 4.322960613824369802e-01
-1.528808300317816560e-01 -1.345828835938518361e-02
2.521656608527016452e-01 -8.937856653454356870e-02
6.944562301380310942e-02 1.930403553328510768e-01
1.818518040490418597e-01 2.306041632933172533e-02
