7.347432199898964456e-01 -6.220084211940702934e-01
6.394640070881398852e-01 -7.177515080531218228e-01
5.685313174200560260e-01 7.790316627264491922e-01
3.125003906057158276e-01 9.043125891051461140e-01
6.272734437160327747e-01 6.266674148921917986e-01
8.213540945030264329e-01 1.454287223855259548e-01
7.927703229638407567e-01 2.262541368012829235e-01
-3.544022250386656969e-01 8.077691615430706573e-01
-7.450884726580037087e-01 4.646470919180293868e-01
-4.313107798167555296e-01 -7.680764676374232103e-01
-8.292310220970352530e-01 -4.844094681270957187e-02
-6.107882044992722914e-01 -5.342470787297570745e-01
-3.066120071591755814e-01 -6.999871035574987133e-01
-7.688807150846174165e-01 -2.754775031121929341e-01
-6.744444146794330575e-01 -3.278320352643835922e-01
6.182003376886902046e-01 -1.490707000263765403e-01
1.278016268168482850e-01 -6.700924599495965417e-01
1.641934591263420895e-01 -6.088751133513811142e-01
-1.167327425910232447e-01 6.576759194011180254e-01
2.053437432067296009e-01 6.197903362444954212e-01
3.477218066511954531e-01 -2.893334457832791862e-01
1.906646510654636806e-01 -3.479463276393605642e-01
3.810323760023169304e-01 2.133526312681788828e-01
2.781253395338318390e-01 4.217436518563755232e-01
-6.504281998299021872e-02 -2.403742106031642178e-01
-2.613298675252949121e-01 -1.264899979642090111e-01
-3.400652392611684394e-01 2.168009273464200082e-01
-2.374126999456867837e-01 1.636290436534139914e-01
2.839106951908602558e-02 3.163613475756134608e-01
1.099583065025624556e-01 1.294430766417026535e-01
