-9.475664098678642233e-01 -2.184006354190640986e-01
6.970380109683553538e-02 9.826133066320982268e-01
-5.559859340912833847e-01 -7.392570938944825754e-01
9.459909570574578930e-02 -9.951333305849704436e-01
8.078097081703616844e-01 -5.685632489477949747e-01
7.145558083283009010e-01 6.167179515208321972e-01
6.898420390128796598e-01 -5.849935428615874455e-01
8.879969605611396366e-01 1.549484952328599070e-02
7.674544157148244228e-01 3.493255606518541612e-01
4.402422561323300343e-01 -7.589237225399192432e-01
4.782402967971006169e-01 6.262906622344142082e-01
-5.286522429754478836e-01 6.482774391920866908e-01
-7.519052988260216397e-01 2.165695398822310991e-01
-3.769657922058922139e-01 5.753852947173646593e-01
4.558463319937849922e-01 4.724579440401364683e-01
6.710392412834628173e-01 -7.725005253678590700e-02
-4.842500788461144845e-01 3.626561625296928493e-01
2.093560585258506246e-01 4.114941341873690206e-01
-6.064126567583050936e-02 4.291550208701555014e-01
-6.006531105575093621e-01 -1.007464610148912920e-01
4.446216961137457457e-01 -4.308201213605635238e-01
1.318977764146178344e-01 -6.785425828666987735e-01
-1.645127246300143453e-01 -5.255062615415250216e-01
8.068456372655102848e-02 -5.287858149737612035e-01
3.877151383723843048e-01 1.049831157340451043e-01
-3.516950084851175884e-01 -2.867318293583349664e-01
-3.560229890865136970e-01 3.062524652022599950e-02
2.706193517531755854e-01 -1.670644981691291331e-01
-6.608596282824875066e-03 -2.049453319274119056e-01
-1.316642153781873714e-01 -7.746109437752224380e-02
4.650593254987172437e-02 -2.953527376690930073e-02
