-2.493872051049939587e-01 9.348303237719763903e-01
-6.725833323529177565e-02 9.686800883109364380e-01
6.310718940538646571e-01 6.403231231002934898e-01
4.312798808986599841e-01 7.707476124434524678e-01
-8.136525982393192358e-01 2.977434400540358572e-01
8.422726578263823871e-01 -2.103888268037109877e-01
6.491658145604134456e-01 -6.565627761298633569e-01
-1.939540848476029034e-01 -8.953954023553440944e-01
-7.989574083685241357e-01 1.015495814318998352e-01
-4.235504908280137704e-01 -7.593523391167903425e-01
-6.329502779983275929e-01 -4.288224897672511804e-01
-4.864279132354576429e-01 -6.130226605724423683e-01
4.774398965557556385e-01 -6.888406589533311308e-01
2.050385644173194633e-01 -6.708408403096781658e-01
6.711613344816789173e-01 -3.158639475592128210e-01
6.552225973299886652e-01 2.174978757185309086e-01
3.326569351513210537e-01 5.681737353525543321e-01
2.140551513223737656e-01 6.025023337385346789e-01
4.834943132034385527e-01 2.853429827601945967e-01
2.501370133422153863e-01 -4.437434652622946341e-01
3.682564671529955369e-01 -7.963201624890575703e-02
3.528624000108189773e-01 9.273140810131952350e-02
-4.648486074525781664e-01 3.643853805386302325e-01
-1.200933832852072725e-01 5.599461098550618798e-01
-2.255070467023528036e-01 3.803890021785171771e-01
-6.239010336868304474e-02 3.601727907089769531e-01
-4.321363052124999604e-01 -6.445637024725393849e-02
1.753412402905677250e-02 -2.195287620763343717e-01
-1.319465275855583319e-01 -3.135022164258300381e-01
-2.043365175641171372e-01 -2.084958977458498952e-01
