1.584749368695098082e-01 9.602826369888629587e-01
-8.835312884699815239e-01 -3.487766070717690514e-01
-8.833133875250414047e-01 3.076404307714676878e-01
-8.897845121960172854e-01 2.372573928420854128e-01
-8.563657377515164759e-01 4.596110436993126186e-02
-4.901254531392834624e-01 6.929314296466309031e-01
-2.556914882841267445e-01 7.604053394468118787e-01
4.721579434604791792e-01 7.001623124158080635e-01
9.186439599145147517e-01 2.309195191362259647e-01
-6.454674057608755788e-01 2.591254419701118916e-01
-2.433359188984961230e-01 -9.032515528803428673e-01
-4.617799527468961496e-01 -6.159312840011210710e-01
-6.303153491665084429e-01 -3.359569230556943564e-01
-6.065899934489149548e-01 -2.171550567734271686e-01
9.381050778871871110e-01 -3.062080659797332682e-01
8.022517328964674510e-01 -5.100374278214878654e-01
3.986430968142261611e-01 -8.593879955812072646e-01
1.518150188192810834e-01 -8.666200785556279484e-01
2.397025652957205932e-01 -7.982320327568646068e-01
8.318896024926411004e-01 -7.825208786039182518e-02
4.093930471399396254e-01 -6.201148570655945491e-01
-5.892213470877505355e-02 -5.828239288776908555e-01
6.312987139719016261e-01 -1.320802821361653501e-01
5.575676330973419192e-01 -2.403142786653730545e-01
5.362096761487282759e-01 1.821872225603230755e-01
2.938986105250108727e-01 5.403251215387565587e-01
-1.657666319555811674e-02 5.123872973353151838e-01
-2.591994230832121993e-01 3.197424941983812441e-01
2.444942612164225648e-01 8.626866524906239009e-02
1.353232841078144122e-01 2.089883897526073342e-01
9.696233057420684809e-02 -1.472005336255187979e-01
-1.424274014734818739e-01 -1.644102227459030841e-01
-1.052368258497403675e-01 -2.970005593375286967e-02
-9.106452869740250256e-02 3.104539634077719823e-01
