8.553106307078374160e-01 -4.967378556007507884e-01
-7.782734803973688775e-01 6.096862626616932346e-01
-8.946557803087872296e-01 -8.707817147151913906e-02
-3.399044135436782299e-02 -9.146791224791325225e-01
-2.735414097110697162e-01 -7.952938092006448523e-01
1.518809254724630686e-01 -8.245251688367755127e-01
4.528184608594076344e-01 -7.200805791168977121e-01
-6.056249159939257609e-01 6.580104761546375913e-01
-5.936824795682090761e-01 -4.527789039089228917e-01
-6.166798025490076718e-01 4.468332913482244706e-01
-6.717800118852964575e-01 1.590733715388129577e-01
-2.313288993007980021e-01 7.377795490720749916e-01
-5.748718205104765833e-01 -1.532013714808775628e-01
3.441244673417813704e-01 -6.613863731734336282e-01
-3.731984531062836341e-01 -4.341297021467579453e-01
-2.084422761938782009e-01 -5.250175063637871897e-01
8.261743833111836466e-01 1.344068753857528831e-01
5.530784130523117709e-02 7.175136487657776119e-01
-3.707385066942733842e-01 3.942935294943735181e-01
2.635899095260104685e-01 6.355360441298635310e-01
6.637986620498943502e-01 -1.965448640751544518e-01
1.963355706511567822e-01 -4.699232147519721847e-01
6.171509311533828201e-01 1.142690152222811117e-01
4.217559470978715086e-01 -2.012195930550456646e-01
-7.771204605384827990e-02 -2.608862047551808727e-01
3.961644944498342036e-01 2.392123143304969446e-01
-1.207406455287194508e-01 2.428185159890084988e-01
2.711840842581883515e-01 3.701684593756391362e-01
1.214121081151187109e-01 2.802761810062582848e-01
-1.832003628699587286e-02 5.330396387970898209e-02
