-1.429218532117517426e-01 -9.164067428038960017e-01
-8.347572109644643135e-01 4.909925892410356707e-01
-9.742966733474366370e-01 -1.563748193445203480e-02
-7.826765979653078631e-01 -4.402122657871034850e-01
-8.482210996876274889e-01 -2.523510911055775185e-01
-3.560348491684956485e-01 8.325367144919667561e-01
-8.135408391626107738e-01 1.747680678431596524e-01
8.430547821612697224e-01 4.193693006246705379e-01
7.014714623155207107e-01 -6.012999103281948532e-01
-7.109111638261519928e-02 -7.553136359929536470e-01
4.289241696924025460e-01 -6.020011461244636486e-01
6.812352977024668244e-01 -3.874559485294005734e-01
7.784726746182819568e-01 3.297452560278221756e-02
1.495250735919327612e-01 8.258562818197283661e-01
4.659032058996488979e-01 6.790298558221622427e-01
-8.987103088656760511e-03 7.304573278833497163e-01
4.469298730701959932e-01 5.706425575387381599e-01
-2.905193514287894296e-01 -6.044406264060429024e-01
-2.730683149672984422e-01 5.188740022138669250e-01
-4.905309181837093635e-01 2.885147811735685464e-01
-4.765685537617450618e-01 7.356099752466547029e-03
-4.225943376416351205e-01 -3.358943884765513421e-01
-1.856408518492524140e-01 -4.056503206442317877e-01
6.333006304317482238e-01 -8.188902242297599332e-02
4.623730355300720851e-01 2.968306432182818422e-01
2.075527969832182199e-02 -1.519465043165331430e-01
3.826491219013831713e-01 -5.517817977725406747e-02
3.503176128727761851e-01 1.068340244230207431e-01
7.497024015367118044e-02 3.176500927896399595e-01
-9.848058014854367548e-02 2.534841050030496867e-01
