-1.782680615155413095e-01 -9.793320736456312403e-01
2.652060950977515597e-01 -9.146715393057299748e-01
-6.215653867796770982e-01 -6.943688992006687988e-01
-7.821691536026447178e-01 -4.765686612685175461e-01
-2.241100717237885787e-01 9.679454128751703301e-01
-7.329527473525598857e-01 -2.785294462335288213e-01
-5.770285488675135077e-02 8.632933994322041782e-01
2.256258342539108619e-01 8.655268945449295925e-01
-2.496771799655010948e-01 -6.361969465969823379e-01
5.118071187867381244e-01 -5.519713196579600911e-01
3.513076048057665185e-02 -6.443363681723649483e-01
7.307759778679528972e-01 -1.861622980769967461e-01
6.371099219349977139e-01 5.185909383727976829e-01
6.892475979810546161e-01 3.846887873992350104e-01
4.364566798194217667e-01 6.095077636971123480e-01
-5.760672870502444587e-01 6.203015504317567486e-02
1.987822857303311597e-01 6.063546653762448280e-01
-2.240140923014019292e-01 4.606134872846279760e-01
-3.945046385864334204e-01 1.574875109032270182e-01
-3.731762202993219035e-01 -1.482101485510858851e-02
-2.244958047497794540e-01 -2.712619141985638804e-01
1.121733988482407490e-02 -3.947121151092800040e-01
-1.221106562606480844e-01 3.075871178666244043e-01
6.036644296596986869e-01 -8.319370854122272452e-02
5.402846521642802324e-01 1.195780058027179488e-01
2.498971388264987492e-01 2.896397420696599778e-01
3.157536673573658748e-01 -7.970646433160684385e-02
2.188865998261599055e-01 1.176778006342171640e-01
8.122165802322280082e-02 -7.183590973869669050e-02
