-4.728064673838389687e-01 -7.040231918231169006e-01
8.431262151200677457e-02 -8.650575287658347490e-01
-2.230930654072103281e-01 -7.242113286527798177e-01
4.711372039398066258e-01 -6.711810444773709250e-01
4.142995362544747984e-01 -4.762882977104712645e-01
5.695489455309377114e-01 -3.894160399929705862e-01
-5.547112726549739969e-01 5.947980695147649932e-01
5.822003998293104887e-01 8.116517922456525369e-01
6.204918424077762173e-01 -1.063931085743359956e-01
1.344079767658165891e-01 9.421779377901488006e-01
2.859635067865609059e-01 8.812503358882457505e-01
5.843395921251521852e-01 5.718399591665749293e-01
6.514341726789408815e-01 1.753205009378564772e-01
1.480910357912834652e-01 8.376232800440154280e-01
-4.325378903119075913e-01 -3.372630380895870750e-01
-6.655889649110660056e-01 -5.090138228814843069e-02
-5.820265809700106985e-01 1.508428936328081067e-02
-3.862649266153548311e-01 -1.192707717124743549e-01
4.956303420318210889e-02 -1.552376034912330283e-01
-1.760304897310243366e-01 -4.678088120146139256e-02
-2.724262684850756733e-01 3.198681258652361081e-01
-8.977974552774466155e-02 5.328476728074375002e-01
3.071554674266866458e-01 5.823159723073968452e-01
4.250141082100905576e-01 1.979381244591605915e-01
7.396437631852943728e-02 3.141629899356687128e-01
1.991435605546583443e-01 2.893101481502326489e-01
