-3.662507008231161709e-01 8.151264616109665795e-01
-1.462534267366370766e-01 7.843918017776191354e-01
-5.527415266498487689e-01 5.855084040415762248e-01
-8.785642087672962397e-01 -2.579218195029176486e-01
-6.019010406581519756e-01 4.225276633264816728e-01
-2.507591471079042567e-01 -9.217363203538806449e-01
-5.382455003454201803e-01 -6.967857670665004166e-01
5.274923152282718908e-01 -7.815250381387437439e-01
1.104785190365979858e-01 -8.873623666232894891e-01
6.670868100373045749e-03 -8.648981044132215690e-01
7.515460155639317463e-01 3.893164450839876611e-01
6.479353529685355495e-01 4.984422974877020240e-01
1.063896642335354775e-01 5.972562166963200081e-01
4.481121641152421842e-01 4.415878302502443398e-01
7.706675040058950099e-01 -2.164340005406828471e-01
6.335328174557326442e-01 1.246632396645027813e-01
6.733231003504832612e-01 -6.903599940306079374e-02
4.141752983167413249e-01 -6.163681468160739918e-01
-6.923639854974480423e-01 -3.799399951597302594e-01
-3.077126868880954991e-01 4.022704062791996882e-01
-6.135141228258134127e-01 -2.177398292166326521e-01
-1.282006709352078166e-01 1.879328539881600368e-01
1.380747108927027345e-01 1.610887291690228929e-01
-4.216855894110879688e-01 -2.760827036384588262e-01
-9.525629299074063472e-02 -4.960441446419467937e-01
-1.184782202253804317e-01 -1.690489031628115146e-01
-1.285351053674309296e-01 -3.178182688318101912e-01
3.098250755559855407e-01 -3.175916823166384240e-01
4.016219620278773661e-01 -2.409975163983208435e-01
