9.594935171246065098e-01 -1.770081830316146132e-01
9.275187366128853084e-01 2.662613436385800059e-01
5.377113933433890214e-01 -7.661762791459051369e-01
3.942838109879569508e-01 -8.473556747193163874e-01
-4.438539803992653243e-01 -8.472709686169767052e-01
5.100626434723322111e-01 -6.757092679336738072e-01
-1.148550237812329400e-01 -8.368001470980115375e-01
2.858176334202189306e-01 -7.401954253804496897e-01
3.133498959762388014e-01 8.612649576689801467e-01
5.783988379727302842e-01 -3.193735458393098248e-01
6.902510659199905252e-01 1.967730949866469681e-01
5.799304762176502592e-01 3.556545944860216579e-01
5.747733454014606336e-01 -7.572272235876671698e-02
1.473240143044901029e-01 8.486730786765195322e-01
-9.651096064221642568e-02 8.307539326212713959e-01
-2.135356245793062491e-01 7.844716214208543592e-01
-6.472216030641291251e-01 4.984050834176040334e-01
2.295205069941755605e-01 3.038758559205081977e-01
5.453426503746928306e-02 5.005386848727733096e-01
-7.047921341769752823e-01 3.304078303413517381e-01
-1.268636728340744591e-01 4.961821067713521050e-01
-3.773198856560049386e-01 4.393234999263946894e-01
-8.003110322965280021e-01 -3.977039804303368342e-01
-6.839018921826232056e-01 8.343513795209842043e-02
-4.974729425840253016e-01 -6.160995171372007917e-01
-6.511339142033809591e-01 -2.844777485930117811e-01
8.121978773710776534e-02 -3.836589830717634930e-01
-2.875222126927550192e-01 -4.935587408099664231e-01
-3.886718584532503074e-01 -3.477177159515682514e-01
-3.117300120469844726e-01 -7.372101720938373237e-02
-7.229959827464620126e-02 -2.276412479067713851e-02
