7.280457281581258489e-01 -6.669368038229617213e-01
8.380322307797228865e-01 -4.791598341837048358e-01
9.157683294720050382e-01 3.244843440860026296e-01
9.097738929761579607e-01 -9.531055957456012473e-02
4.969904211970114782e-01 8.101320577322088656e-01
7.946678653987848673e-01 -1.963543352541870235e-01
2.374503725861296655e-01 7.668901542997583753e-01
-2.993368814185414784e-01 7.968812918423384684e-01
-7.733219709270275910e-01 -6.242329095404941519e-01
-9.304232466548461034e-01 3.450984401909041877e-01
-6.413064475892504834e-01 -6.274897568862259911e-01
-5.658898626548650723e-01 6.275784410959657222e-01
-8.766780680023299466e-01 1.632534410838330508e-01
-8.244658973662567503e-01 -3.511053472914724832e-02
-7.080696566230767486e-01 -3.034392220340294544e-01
-3.436705428001929907e-01 -6.190595773727216589e-01
4.752649336761530785e-01 5.015296669095468118e-01
5.328487236634251722e-01 3.972918017656449363e-01
4.852949434215573232e-01 -4.955637073104652290e-01
2.946350346458874170e-01 -5.975565788321585137e-01
1.394970631012204809e-01 -6.252127738270643054e-01
5.113792417318587802e-01 -6.593369158765657878e-02
-2.992715163865987127e-01 5.711680801805890662e-01
2.662867125329000384e-01 2.891157448015239662e-01
-1.839177215543760513e-01 4.447361831284435962e-01
-4.236387309172763849e-01 2.203248806472636045e-01
-4.708733527530042928e-01 -4.488643638911376382e-02
-4.511925791045312550e-02 -3.637637910226862448e-01
1.902284923718129128e-01 -1.785151538550052985e-01
4.311504456428788545e-02 1.747381275776288267e-01
-1.158053634255939990e-01 -1.271843240247120532e-01
-2.378462166291191726e-01 6.909317252097862960e-02
