1.473229445649522351e-01 -9.557221107004589822e-01
9.707137733457791295e-01 -2.108079157064520204e-01
3.502562675956525928e-01 -7.664182964564074663e-01
5.882263216053251753e-01 -5.347628939511451795e-01
8.693604577484251861e-01 2.778172401774025579e-01
7.962083953718502860e-01 4.021702858721328822e-01
3.593521407806968271e-01 7.898470303197251408e-01
-2.953415745190332564e-01 8.909760759716248701e-01
-1.421232437689061434e-01 8.946580637675169978e-01
6.513371930425745360e-01 9.356460586369605426e-02
-8.146758601367107833e-01 2.761433394103288697e-01
9.920227386912426615e-02 6.318930709614669627e-01
4.003038587550445948e-01 3.651484188263486308e-01
-6.454029012110927832e-01 -3.746295106547233855e-01
-6.760292097387389232e-01 2.868990831118252080e-02
-4.478406286006252901e-01 5.191291946347499353e-01
-3.187188206219307984e-01 5.170939683989119739e-01
-3.897834400631595142e-01 4.325698598753089374e-01
8.036473368638757941e-02 2.962424640226140049e-01
2.758472363300552566e-01 6.822491377701772608e-02
3.564689355014840633e-01 -2.439721463711689853e-01
2.089439474617595938e-01 -4.508530835764424927e-01
-2.712547393728383383e-01 -5.690351234425273796e-01
-3.905579711031703094e-01 -5.453449913484178374e-02
-4.208963761891699185e-01 -3.120658297701603412e-01
-3.144604132774688199e-01 -1.982572864017658476e-01
-1.261737232027612121e-01 -3.627595015729990768e-01
-1.277833031914209563e-02 -2.282606748026063948e-01
