-4.730110610433788665e-01 -7.761376667507695615e-01
-9.295165569213330592e-01 -2.839835648142727265e-01
8.603371005878130973e-01 4.546188831448971235e-01
-6.576087609564130743e-01 6.722715461314016094e-01
-3.119382448257963514e-01 8.423852586484847915e-01
-4.473169306817423863e-01 6.963511322715612017e-01
3.119481581275078130e-01 7.853757187728278577e-01
6.087605089684384324e-02 8.080677888047971269e-01
2.940692765550877996e-01 -7.336978034750673006e-01
6.965867861163407282e-01 -2.947678679626670184e-01
5.047998134184062957e-01 -5.316253411171191212e-01
7.639186708449826613e-01 1.312507170343357454e-01
6.537686659155941271e-01 2.630578346878226781e-01
-7.183942354538135344e-01 2.420346616538094631e-01
-7.321309398844300098e-01 -3.101350380054831990e-01
5.362299315200129701e-01 1.849687184494919479e-01
2.627256068316853321e-01 5.238751385575796116e-01
1.321154405792313025e-01 5.130828065727547349e-01
-5.863871847884482014e-01 -3.968062456124328841e-01
-3.210971355341448730e-01 4.547117189477369315e-01
2.898819826176944336e-01 -4.077660451346101778e-01
-4.353837430786553497e-01 2.452416787232322704e-01
-4.803986828011965193e-01 -8.387743540794428965e-02
-3.307623183374385767e-01 -3.760517334859655447e-01
6.853187579263630980e-02 2.027323469616502949e-01
2.001450462607944347e-01 -1.398813320087020362e-01
1.646830989097732359e-02 -3.771900947113085434e-01
-2.662539277594154208e-01 6.894221874842336450e-02
-3.530879103997930368e-02 -1.249469401192534607e-01
