-8.512799109657697150e-01 5.130744087669903974e-01
3.979072893444239867e-01 8.456877680990915191e-01
2.044178291009876025e-01 8.872063978513095028e-01
9.379885005110416563e-01 -1.193342531835479975e-01
-7.544792781612392751e-01 2.022736753841903878e-01
-6.245641410387827719e-01 4.952186910095637273e-01
-1.546808318760305905e-03 -9.177722217384507442e-01
-3.182714966919327204e-01 -7.924115946380946296e-01
-6.028941641286796882e-01 -4.317466776207889989e-01
4.732760529104164671e-01 -7.087408719458562212e-01
-1.897407469700771454e-01 -7.310640679731744696e-01
-1.351118670102804675e-01 7.200138356980484433e-01
-5.958763137594352832e-01 -4.213264448854082966e-02
-4.149101859376213008e-01 4.475886175336469264e-01
1.086836155296661138e-01 -6.800644043726996602e-01
6.568691010306277889e-01 4.114188758064482032e-01
6.246455694456097829e-01 4.490665242466754803e-01
6.063062342037478514e-01 -4.139659844517399323e-01
7.090175468395877312e-01 3.195894995806759786e-02
-3.911823810854865302e-01 -2.580801926360447029e-01
-4.883504543281574212e-02 4.531664769400493564e-01
-2.435910203437980648e-01 2.983366569729580253e-01
4.056292491336787043e-01 3.083737050986126715e-01
5.501652376283855395e-01 -1.668108619671579973e-01
3.542478908643607594e-01 -2.784187326755037106e-01
2.687427348339043176e-01 8.456349257155937327e-02
-5.020255645314550264e-02 1.359659038142572995e-01
-1.896914313031167199e-02 -3.989284174657453663e-01
1.647221605591099244e-02 -1.358170046336327486e-01
