9.832990377360870671e-01 3.081206307624799814e-02
-3.329016838862605132e-01 8.575924252381134094e-01
-9.151832479038999324e-01 -1.622761450397060823e-01
-3.782540705165435280e-01 -9.116079699350968513e-01
-6.244644654959293772e-01 -7.246261386526130499e-01
1.416516033095829852e-01 8.019941944460760030e-01
7.321834111474385676e-01 -5.926702796477139046e-01
6.726821818984973778e-01 -6.311078791803639287e-01
7.446579161753611453e-01 3.376085067697435216e-01
3.909836177816469194e-01 -7.923259257172765579e-01
2.892062258600892610e-01 -7.887303597206303252e-01
-5.413078326413524044e-01 -5.298490251014422725e-01
-4.033028513865588582e-01 -6.501634448239046460e-01
-1.756290450327249175e-01 -7.075845290179959557e-01
-7.054840944138770498e-01 1.964709786634599997e-01
6.649233477227385336e-01 -2.213958878333403824e-01
6.662773557471507457e-01 -8.086374559744786972e-02
-4.727292084925460713e-01 5.417849686264496478e-01
2.918659440660372195e-01 4.967288956319270699e-01
5.232750971320282440e-01 1.260704019058962455e-01
1.552583121794534338e-01 -5.629541320763554735e-01
-4.388505072045737476e-01 -1.861461781285126404e-01
-4.920788222376747956e-01 -5.989198126443012055e-02
-3.518593764974864424e-01 4.579238776977719860e-01
-1.989353748586084603e-01 3.851276682031547494e-01
6.338412786539170118e-02 -3.666636591937019740e-01
-2.192658644459904160e-01 1.102987524487827192e-01
2.484833489617268576e-01 -2.460212281523613265e-01
1.295917758301497469e-01 2.039093884179966898e-01
1.574454823146015370e-01 4.772698745856700231e-02
