2.593654286191756086e-01 9.332484416779819325e-01
8.048866764408567631e-01 -5.846133692586333863e-01
-6.956243020028822777e-01 5.694910898591765136e-01
3.107450937412939984e-01 7.614367680348064216e-01
-7.890648962300613745e-01 3.010897418566700900e-01
-3.076121565184342654e-01 7.213159287162220767e-01
-4.191059687401610945e-01 5.442296000263801004e-01
8.090881686133594153e-01 -2.978401505107378666e-01
6.710679962567872581e-01 2.052772202694929382e-01
6.798354706556499760e-01 -5.390759203534038063e-02
-7.486419043646435068e-01 -1.222467099393714507e-01
5.592079162046655894e-01 -4.526680612784474977e-01
3.375055957677529084e-01 -5.965195789730124432e-01
3.022637905660944813e-01 4.250583336765790810e-01
2.103704625096680381e-01 3.840667803489530852e-01
1.149723206766045808e-01 2.982201034270927087e-01
2.802678405243194115e-01 1.020198564303835403e-01
-5.162104446899764554e-01 4.376800388626748278e-02
-4.785042982110799259e-01 -5.256192129272576619e-01
-2.812611504075891999e-01 1.078592642139716562e-01
6.964708577404161820e-03 5.728556964535413965e-02
2.055142858142458839e-01 -2.082419525532247795e-01
-2.722973043440645724e-01 -6.234139400504282724e-01
9.179605093474249577e-03 -5.661155911349745606e-01
-1.272916182425448128e-01 -4.724716975465452773e-01
-2.945346208159962398e-01 -2.770794591853020239e-01
-2.689080971936493869e-01 -2.194719645158624832e-01
