-5.491547282567685873e-01 8.073682464854597951e-01
7.844630385454073318e-01 5.512393462944720213e-01
8.405664649803784583e-01 3.695622308967663749e-01
-3.338946915713943420e-01 7.538799737580460514e-01
-9.209519752913383206e-01 -1.097921097144712588e-01
-4.434573294089931284e-01 5.889028556534575687e-01
1.290367926635114237e-01 6.432136018937189004e-01
6.347640835506018764e-01 3.298874898181210491e-01
4.763542815131573960e-01 -8.539361985308115965e-01
-1.003924986271013120e-01 -9.636174757976234684e-01
7.608169116936109866e-01 -2.096614258464159497e-01
6.511730757532532277e-01 -4.126187152408384295e-01
6.919479341380505577e-01 -1.046161669051177967e-01
-3.573775226552644655e-03 -8.391008404733835135e-01
3.229623450531877715e-01 -6.512109813092347155e-01
-1.827855902295137946e-01 -7.104777474441966723e-01
5.031305784657121860e-01 -2.539427451014294457e-01
-6.701404145677980484e-01 -4.162066610823497714e-01
1.368829338401385265e-01 -4.232611128286699054e-01
2.689027251367421267e-01 -3.252059006504996741e-02
1.940988186680951133e-01 2.848146236583583013e-01
-3.464734567372636520e-01 -4.888699293265542645e-01
-1.725707237729385557e-01 3.875972611751463126e-01
-5.632196744146388268e-01 2.381306090415594712e-01
-6.199768799767818583e-01 -3.146160544008141241e-02
-3.852045034438238424e-01 2.428035191460868325e-01
-6.423743206998236421e-02 -2.226450263272170271e-01
-1.911614719169972554e-01 -1.206900908646777598e-01
-4.202583066094837672e-01 -1.415185247647621387e-02
