-2.567472508782973617e-01 9.288380103309089586e-01
7.522913150279663119e-01 4.846731610703259863e-01
-6.928059629777698625e-01 6.350244100114726953e-01
8.816849570394922342e-01 -1.121517454193571295e-01
3.081286452965379952e-01 -8.984483834403972358e-01
7.067557387339988839e-01 -4.651937119296066792e-01
-9.248739784288254051e-02 -8.868577445803071946e-01
-3.617222746118936016e-01 -8.159752145581454785e-01
-8.703953570034980158e-01 -1.486244792198130604e-01
-7.611893818167269066e-01 -3.414935140337606034e-01
-8.052095051031015194e-01 3.992275723806164994e-02
-5.710108412364264252e-01 -5.586478707843239855e-01
-4.909004343018733563e-01 -5.893645743513525881e-01
2.488263864462228123e-02 8.466336320720685427e-01
3.982198218022540703e-01 -6.562384565295859007e-01
7.289122159816601165e-01 -4.354739747036676101e-02
2.970017163039258001e-01 7.392625143338283911e-01
2.931177153334874053e-01 6.289759448032502531e-01
-6.379805638243195576e-01 3.738560430064998275e-01
5.541145232485035210e-01 1.583319976271562179e-01
4.712407506757156916e-01 2.197765352004127370e-02
1.183572461751793287e-01 4.678337152416459643e-01
-4.817481535125629488e-01 4.036765782082357701e-01
3.269552263447421669e-01 -4.880797452944141690e-01
-8.485617578022884577e-02 -4.766894135752789974e-01
1.570368286206440533e-01 -4.149609481378518927e-01
-3.392893227123769950e-01 -3.226833830547745641e-01
1.346148814694692608e-01 -2.359246110428712684e-01
-2.616069399749965663e-01 3.277811460772992458e-01
-3.399953032298970168e-01 -5.756978340402662403e-02
-7.773678324407715112e-02 1.292450889445119488e-01
-1.406683901972202444e-01 9.103445339432982009e-02
