-2.184640329246614887e-01 9.364038763199110660e-01
2.848219910552806655e-01 8.359611441870358206e-01
5.607592782283872257e-01 6.500953808732300443e-01
9.596779294291902795e-01 1.198299485160328470e-02
8.021542155350979142e-01 1.485013637304773426e-01
6.274568303855780904e-01 -6.495383133986909474e-01
6.696629622305002583e-01 -5.684513250633258519e-01
-8.140747521985265411e-01 -5.100669856275881209e-01
3.060856465548745207e-04 -8.579451442771977021e-01
-5.642065908628978166e-01 -6.911564298313662702e-01
-2.621329909689221194e-01 -7.503208012130352378e-01
-8.431693006552219982e-01 -2.039047597417556756e-01
-8.660370442509700561e-01 4.256937933571162784e-03
-2.023547081170894713e-01 7.812035702026801642e-01
6.770100748483508513e-01 -2.230193462916301717e-01
-7.068201832955636199e-01 3.244484738158235904e-01
3.737726551202380509e-01 4.679009160019553804e-01
2.169348226528474144e-01 -5.310878053564734858e-01
4.031404619409115209e-01 -1.478641276357395562e-01
2.452480602978703017e-02 -4.541143311916822078e-01
2.149563546881280429e-01 3.735348261109714962e-01
2.422473428115158589e-01 6.661729751185078985e-02
-4.513908435228781157e-01 -2.527116955706862900e-01
-5.189201199696371475e-02 4.663153199348799016e-01
-3.961367051790132821e-01 3.397531365845661289e-01
-1.585363227481114967e-01 -1.328907811981361320e-01
-3.055400689268665260e-01 -1.180235710425273504e-01
-1.117118945178144501e-01 2.834324642045382148e-01
-3.182076785497474081e-01 1.905892885159352346e-01
