-8.624867656829900975e-01 -4.151523040018794686e-01
-7.756390997858080283e-01 -5.314717492875968841e-01
-8.423043432743333725e-02 -9.045439405567688995e-01
-9.549259260165849916e-01 5.638967825622872437e-02
-8.462555559521750537e-01 4.641353560845762893e-01
-8.511532761163211891e-01 1.731353385788124144e-01
-1.444666919549935646e-01 9.323462699068194581e-01
7.979785988214396775e-02 -7.498177236912156873e-01
-4.628059783831888208e-01 6.888377336876519985e-01
8.495257525240892393e-01 1.669647568725067255e-01
-1.817613564758588096e-01 7.782324745522015697e-01
-2.432781613339168036e-01 -5.705256437699688377e-01
6.353552306978171860e-01 -4.041662923100246552e-01
4.224832130024712695e-01 -5.358329957914805819e-01
3.995196431551131244e-01 7.489051802116063472e-01
-4.912524520216437485e-01 4.408487209794327288e-01
-5.674813313046849217e-01 -1.297109861417263255e-01
-3.065734462787292336e-01 -3.680374818593259434e-01
-4.080627134331893391e-01 -1.356480987007822603e-01
-3.774599998997735240e-01 9.054796516176180643e-02
-1.514085522527244820e-01 4.220140176242850871e-01
3.988847395299948140e-01 6.027175218454118300e-01
2.928943915070353898e-01 5.491112835148392879e-01
6.392304736628022788e-01 -4.955736734851862862e-02
4.918649738737312926e-01 -2.717752838120352510e-01
3.878765768992965546e-01 1.818454187270205080e-01
1.644211151268307747e-01 -2.325293047672280511e-01
2.738909933790573126e-01 -1.413544859024876144e-01
1.424181286690751891e-01 3.700560470433147953e-01
5.409428543527671635e-03 1.301602226375525306e-01
