-4.525214061601220972e-02 9.877083742805006228e-01
8.540641120414510512e-01 -4.331422339177445902e-01
-7.770061232541880525e-01 -5.743352507882959479e-01
-4.987335828863740383e-01 -8.577101278741201540e-01
6.984899501993568904e-01 -5.686370424221829367e-01
6.807364119273602576e-02 -9.071644048117003534e-01
-1.171937551385975884e-01 -8.960570884249386969e-01
8.830761985238210210e-01 9.765325552696118086e-03
4.059278386484126422e-01 -6.783940558226331241e-01
4.710152970903219161e-01 6.584077651336920356e-01
7.724942388064440779e-01 1.682454436576947543e-01
-7.169954532766092958e-01 5.401438670769522776e-01
-9.053681128116310983e-01 9.203430084378907972e-02
-4.995402136623539602e-01 6.131155424058262193e-01
-4.009474832365422792e-01 -6.812370018616189515e-01
-7.598317982606571652e-01 6.980359788701298715e-04
6.400719618659270749e-01 -8.688064008550830733e-03
5.064680219158422814e-01 2.615676356002777370e-01
4.828085446440997242e-01 -1.933039706813807490e-01
3.680861975315731782e-01 -3.444077151733681008e-01
-4.837708029425666911e-01 -4.671785461998316791e-01
2.143057822909240004e-02 -4.660383608354319307e-01
-2.935606978593420235e-01 5.053095918151426780e-01
-5.252434465779157735e-01 4.061997984290618979e-02
-2.170582458063285702e-01 -3.064918885495001577e-01
-3.807802353380299043e-01 -9.527457540983877426e-02
4.760948624935883861e-02 5.226884774501712183e-01
2.542445711245661100e-01 2.161457069494941152e-01
-9.890580919102064106e-02 2.679707942718068114e-01
-8.391540577961206088e-03 2.631363140803142514e-02
