-7.644045182876392230e-01 6.264600550094675535e-01
-1.946882622472148050e-01 8.682202453787505325e-01
-9.385855165850437443e-01 -1.523788283122188281e-01
-7.905881439508353203e-01 3.983859586659381780e-01
-8.916330655784162618e-01 9.072837578726812569e-02
-2.903760883399837400e-01 -9.140763396211053493e-01
-7.027132077291440293e-01 3.173249186979535952e-01
1.778381623809635048e-01 7.899477160672085940e-01
9.784259748020469605e-01 1.405989574587619972e-01
6.883281475916828152e-01 -5.621456059056392229e-01
8.773184043448630787e-01 1.701106435886103399e-02
8.245096876168070965e-01 7.718015437102741794e-02
6.352178457850161664e-01 4.096578213413833991e-01
-5.105554283996620590e-01 -6.663982036754348970e-01
-5.761560529700351374e-01 -4.591727335285433198e-01
8.652957382424587840e-02 5.905532344258990207e-01
3.535265958046484580e-01 4.950884381056294137e-01
-3.069940752409630602e-01 -6.865795176096120001e-01
3.703242926664160883e-01 -5.958883395971127372e-01
5.621060916898080739e-01 -9.209060489216554235e-02
3.164814737477286699e-01 3.241726464495644500e-01
1.334241637099818079e-01 -6.236295917097565145e-01
-1.662620091569453618e-01 -5.683121656843533875e-01
3.188705357430515752e-01 -3.570154292545455466e-01
2.558133818885081623e-01 -2.979490039423857151e-01
-5.102464105150616297e-02 -3.883309721911076262e-01
-3.864550343624190143e-01 -2.827132200689322916e-01
-4.526413462358648276e-01 1.413166028457061296e-01
-1.336644991640196789e-01 3.191524531228676076e-01
-1.193266070415137936e-01 9.513465188861705557e-02
-9.910006830009013279e-02 1.482526032706787400e-01
