8.244999883304879873e-01 -5.357742091928698880e-01
8.185776499845432985e-01 -3.447116898607439639e-01
-2.333593703877189229e-01 8.716023509215611309e-01
-4.170017399382181522e-01 8.006202894108718215e-01
-6.720576823341297690e-01 6.660593334327999937e-01
-9.363169145480884081e-01 3.207084667137558021e-01
1.127008446282615067e-01 -9.377358176036530990e-01
-6.002844981506562094e-01 -7.666791652731943518e-01
-8.245114377501808756e-01 -4.669836427978193982e-01
-2.587756903708308132e-01 -8.668876448010801594e-01
-8.760070700504785091e-01 1.621073749220700855e-01
-8.049825214390131656e-01 -2.174899601932691329e-01
1.736653937458357277e-01 6.859564343337248848e-01
7.635279946336966106e-02 6.728718801048217957e-01
-5.465997510764722955e-01 4.185122333072110457e-01
4.757879659585915189e-01 -6.837039506003246281e-01
6.532525061707850078e-01 1.251662758972962031e-01
2.458863012765868106e-01 4.299063393573140379e-01
6.008545560556187715e-01 -7.674661557665529710e-02
2.647758991472012879e-01 -5.954551591489507523e-01
3.486496624036708458e-01 -4.387412972704358149e-01
-5.050690545811706844e-01 -4.740453108981140251e-01
-3.322476600607222608e-01 -5.031907117208147540e-01
-5.536572366416983582e-02 -5.055511349759296280e-01
-5.080403369742344521e-01 -2.925054693575768888e-02
-2.895426534117954143e-01 -2.428548557306627609e-01
-1.991016962701333270e-01 -9.816739736544942418e-02
-6.229605742772496846e-02 1.895456489867748118e-01
2.984311058795117155e-01 -9.763361782604437766e-03
1.364247977447506921e-01 1.113629590431772648e-01
