7.150579725807073572e-01 5.776958927112895159e-01
-5.873925098026991920e-01 7.010771091894800744e-01
2.295074293228299422e-01 8.535528599296007268e-01
-1.457996008921947917e-01 8.300067106799622341e-01
3.835602464886753160e-01 7.263383618471155323e-01
-8.769622229907741984e-01 3.458138478486810774e-01
8.792982090310886845e-01 -2.136333255208266169e-01
4.858400118428902736e-01 -8.449577546361443092e-01
6.623761449089236031e-01 -5.528567141629381343e-01
2.030714440321229053e-01 -8.693613948217455700e-01
6.588104851065855749e-01 -3.551822021679482133e-01
6.168567429469191676e-01 2.191579290937989699e-01
-9.212997822144208815e-01 -1.561479349008670636e-01
-3.389567142491689000e-01 -8.057640912056769356e-01
-7.864425415406410824e-01 7.500657378586155465e-03
-7.291024743013907461e-01 -2.997721101728942905e-01
-5.001925972999580194e-01 -5.991359677084018287e-01
5.225907506138861569e-01 -1.231445555004643810e-01
1.866495900730206770e-01 3.591240626268991654e-01
4.093573338539207018e-01 6.667696273814163743e-02
-3.143453658091273639e-01 4.232742474818853573e-01
-3.332178272780378925e-01 2.797778702867404488e-01
-5.388544431186256256e-01 2.415384983719617851e-02
-4.138086416257951150e-01 -4.528041085306387381e-01
-4.181814950081463866e-01 -3.379567160823404026e-01
2.019461306472191894e-02 -4.659650903767466601e-01
1.383684171307513477e-01 -3.475288522258284107e-01
9.682885085705039696e-02 1.371015442235442583e-01
-9.341377017867970312e-02 -4.151230779669473625e-02
-2.500829710833784580e-01 -2.243156840333459731e-02
