-8.708903147503361808e-01 4.270864813448558284e-01
-6.853077154212551259e-01 6.958511102638467172e-01
-1.135461913851361637e-01 9.536060099921647160e-01
8.433494769491437504e-01 2.507100408415677828e-01
8.768964645353268805e-01 6.950090079792380082e-02
6.584205555858495540e-01 -6.383010043604518957e-01
1.920153983694684874e-01 8.559255059493106055e-01
-3.524025778154155075e-01 7.406934171712430404e-01
-8.583142931513454421e-01 1.224103371007810165e-01
2.387740370520614885e-01 6.928938556031944973e-01
6.767482643297234590e-01 1.382223666669529782e-01
6.008956975171984016e-01 -4.358985387517338439e-01
1.827693716159572435e-01 -8.090896135659343402e-01
-4.695463788627064067e-02 -8.491926262600392183e-01
-2.089074639540556000e-01 -8.023501560563897073e-01
3.819685767279674127e-01 3.641659137647587086e-01
-7.241948344214756972e-01 -2.059320019621316833e-01
-5.914867116803786962e-01 -3.908239461732297415e-01
3.516665480049939729e-01 -3.476875862218088420e-01
-5.787318961450566013e-02 5.423966471988119764e-01
9.989914292614754388e-03 -5.498616611948549115e-01
2.435823211654426224e-01 -6.367951229250798373e-02
-1.498559263078241832e-01 -4.361101532230412525e-01
-5.422087639889012767e-01 -8.606164268408926510e-03
-3.295494937803866708e-01 -2.695244393162530283e-01
-6.079647223664375044e-02 -1.746967476850817824e-01
-4.147285261874895657e-01 2.366176551108357951e-01
-2.131887842955757784e-01 2.670022258071323706e-02
-6.744688000686689666e-02 2.048558664376029792e-01
-1.684805820393727449e-01 2.337907392121202077e-01
