-5.458766479583891940e-01 -8.098268390697822561e-01
9.638895024553054691e-01 1.070432296108243392e-01
-5.211032131287942487e-02 9.963816952705468744e-01
4.935813224486622630e-01 7.835886871436263945e-01
7.086275711466051286e-01 5.777815831094940124e-01
8.589092951480618021e-01 -8.568975334267348032e-02
7.100414783160016174e-01 -4.665612800855896691e-01
2.081786420586823616e-01 -8.321626227988452307e-01
-8.681500408437092808e-01 -2.901909571817515299e-01
-9.069119552364205417e-01 -3.478589727926073073e-04
1.941108528357038676e-01 7.835017185379115068e-01
6.163006061901102894e-01 2.010319622302591258e-01
4.888513927202183251e-01 3.418756362783461622e-01
-6.139063448971053549e-02 -6.477409772974994651e-01
3.199619841671754727e-01 -4.493283140146234755e-01
5.043286570243681322e-01 5.576660868189723536e-02
-2.636902007632956901e-01 -5.445395047634784547e-01
-4.712937504252490695e-01 5.471217589478282184e-01
-6.660851774999713149e-01 8.098854806170910359e-02
-6.236690470468878589e-01 -1.375725143361409830e-01
1.863316335825334453e-04 -4.630148086268120466e-01
2.591597852694501602e-01 -2.782447751581225703e-01
-4.905274081453979695e-01 -1.588428779470705265e-01
-8.065568434881276172e-02 6.304010285817867043e-01
1.599341852936795871e-01 4.568254848247514932e-01
-2.320689928794469059e-01 4.770692006522293527e-01
-3.861534625730205783e-01 1.292439175522433759e-01
-2.036859479891454661e-01 2.396958727731396122e-01
-1.067195415030955524e-01 -2.036508205852146647e-01
9.640793343395344384e-02 -2.012688211028169916e-02
