-9.744783544078102766e-01 7.992658563138796413e-02
-5.412145044481125877e-01 -8.216268983659754666e-01
-8.566576003119110716e-01 -2.464691981514968155e-01
8.908626277992492959e-01 3.043983806425412664e-01
4.236507282637373417e-01 -7.432171272900635062e-01
-8.410690455480622496e-02 -8.091809696672326302e-01
-5.393826727386172859e-01 -5.641717620176804893e-01
7.832845366151830468e-01 -3.211098791235517114e-01
-1.465753244307355929e-01 -6.429933484536919375e-01
-6.380214975813910394e-01 -3.291610294651464708e-01
5.110141713457433399e-01 -5.193974393337891238e-01
1.203456068382732641e-01 -5.615965043290910286e-01
7.805530804422029512e-01 -2.968975420154853009e-02
5.567502258574252849e-01 -2.080763937034806887e-01
7.347274218112290756e-01 6.256535516978101175e-02
5.718895082888937331e-01 4.468540138621607261e-01
3.773197174498567064e-01 7.319160383523864999e-01
-6.145247186794253746e-01 5.584646902737543384e-01
-6.629327656452870254e-01 9.979038043355133170e-02
-1.469455579978693749e-01 8.006341931609627371e-01
-4.616539188595790710e-01 5.340212052556762012e-01
1.371004022869261596e-01 6.876715527454126953e-01
2.137657120290626378e-01 4.439561109061220812e-01
3.630699183405441399e-01 3.707210307594956730e-03
-2.008240491490615731e-01 -1.476407276809801605e-01
-2.997613492366293375e-01 6.535656919532382980e-02
-1.100331114860970266e-01 3.426784133684678824e-01
2.271868468213835979e-01 1.456552892989090853e-01
-6.929389993107203105e-02 1.187336849427049618e-01
