-1.238853636688229259e-01 9.450348566732058586e-01
4.638075614748981557e-01 8.560809268145199713e-01
-9.422946333892210369e-01 -1.933314339383524483e-01
-6.314374208795138221e-01 6.372304890153480672e-01
-3.416935581366422059e-01 7.774996712709600910e-01
-8.656060810648560366e-01 1.598757611542424018e-01
-1.812725854845547158e-01 -9.345630478256614637e-01
1.372874728285389534e-01 -8.720883128219979463e-01
6.783012906733434377e-01 -6.141300120289776565e-01
6.649631030806489873e-01 -5.595050127583225397e-01
7.708866994690121155e-01 -3.275393064817893052e-01
3.303845446371593830e-01 -6.894186763811797070e-01
8.237211482849265964e-01 3.069621851288758529e-01
6.876887345415234609e-01 4.482666643362503978e-01
7.449277845644372009e-01 6.844257495225799029e-03
-3.584382860320704522e-01 -6.550188774475397269e-01
-5.643576490018661351e-01 3.915166838480779177e-01
5.654760591487625332e-01 2.935900533622475828e-01
-3.944000991833085945e-01 -4.897052837046362295e-01
-6.053047453257739408e-01 -7.095683785798105603e-02
-1.150721928169784469e-01 -5.016810240468283499e-01
-4.568009192213644543e-01 -2.264959005372201850e-01
-1.563235754710524117e-01 3.959984521751374054e-01
1.294012820550819731e-01 4.203546531362598038e-01
3.110711488290320847e-01 3.142690779937974965e-01
2.800212147237983173e-01 1.662219946749409483e-01
2.684749361410531665e-01 -1.126539106980126020e-01
1.104981601673164365e-01 -2.491750856564969585e-01
-8.319739298682510276e-02 -2.198939767348897234e-01
-3.484922051294898071e-01 -2.816740802543496805e-03
-5.654253997687132272e-02 1.712191826757838709e-01
