-8.143503251412639310e-01 5.522991666294327917e-01
-8.874220517253397222e-01 1.740791735339646817e-01
-2.486214253516713102e-01 8.912278962928710246e-01
-5.352182895542857421e-01 6.563170386145874557e-01
8.630664576721658321e-01 4.479220138751352498e-01
-7.690219405244715922e-01 -4.133126726913328719e-01
-4.507690347526350227e-01 -7.891174088598580383e-01
5.044183194291858019e-01 -8.176593204152756700e-01
7.317570901375227699e-01 -5.783237165307023586e-01
2.639164133358667952e-01 -8.289191727276202792e-01
8.788448470624585784e-01 -3.041805252764622769e-01
3.892329461033725707e-02 8.196787993026289909e-01
7.809537352005824218e-01 -1.772536639328440300e-01
-5.270518073327445756e-03 -7.639825819463985646e-01
4.363233468676409044e-01 -4.920441129003044756e-01
-3.738621405009251442e-01 -6.024599157294854290e-01
-4.753852754286720383e-01 -4.664914589688086144e-01
-2.186682660932727507e-01 -5.088749391989318971e-01
-2.198383577367576114e-01 6.167890751353705125e-01
-4.420032795581855800e-01 -1.548244202012362125e-01
-3.983882253131714180e-01 2.693164256854849170e-01
-3.836105311990076205e-01 9.752413835272906451e-02
-1.627484311436587783e-01 -3.295792295240386749e-01
5.976063956392810850e-01 4.768838655182447428e-01
3.067026123469194787e-01 5.987459872247788972e-01
4.811935868865032662e-01 -8.258643151672252769e-02
4.035118910612984222e-01 8.152146528660665636e-02
2.544008699612741453e-01 -1.871995263745659596e-02
1.122817819666877409e-01 3.988515807536915370e-01
1.774975926595938891e-01 2.112290111545217786e-01
-1.822491181475463864e-02 2.795336379369417479e-01
