-8.473495790336336153e-01 3.805007951701234736e-01
-8.901575495509042035e-01 1.077257254832693772e-01
-3.248541367178582884e-01 7.404285816638424000e-01
-6.225618990928201146e-01 4.649545869278185473e-01
-1.428263503850096539e-01 7.630688691469516005e-01
2.889582112294155625e-01 7.907979172976880022e-01
7.765780195830417343e-01 6.023149452370412105e-01
8.331950333443122192e-01 4.984801273951314227e-01
9.210889304578417924e-01 2.222707776056063178e-01
9.193044814391693187e-01 -1.630619802324574930e-01
6.587312009170879223e-01 3.932503755323322192e-01
-6.376998883600444312e-01 9.617143495770516526e-02
-6.134632144491836137e-01 -1.064542012634878132e-01
-5.995221700051408531e-01 -2.664519999517597770e-01
-3.723717888777378082e-02 -9.161618454286685198e-01
-4.512351161896105967e-01 -5.430251985716052499e-01
6.925032906834688307e-01 -4.335360828351466078e-01
-9.857739848563748519e-02 -7.517014188539388186e-01
3.244025925803552535e-01 -7.108201605177491000e-01
-2.202591272564153810e-02 -6.146121814878442446e-01
2.133169227929532785e-01 -5.812893728552072092e-01
3.924320668112226684e-01 3.929276146693744254e-01
6.458717086446373878e-01 -3.211314819568404644e-02
4.741305110966778646e-01 -2.349447122825551737e-01
-1.059568325862550037e-01 -3.425693729279529753e-01
-1.500910875001053024e-01 3.352355760575473353e-01
-1.145950559130853863e-01 1.778607107187828718e-01
2.760208223318312282e-01 2.136254273321913991e-02
6.803640842929163657e-02 -3.403125846731232772e-03
