1.342234332479574077e-01 9.501827852818823805e-01
4.436837603880018355e-01 7.926773651952569999e-01
-7.230527984159547117e-01 6.372817295764673373e-01
-8.018159051785894720e-01 5.213010601579454173e-01
-9.423678383469158426e-01 -9.999242743442389447e-02
-8.832391731523354661e-01 -3.327123060837602897e-02
-1.011381652646631407e-01 8.250953807790164518e-01
-3.306944874098497467e-01 6.723118251140763890e-01
7.973369662241870381e-01 3.403777795687387697e-01
9.022465951382847571e-01 9.499033502778352414e-03
8.560814533464666809e-01 -2.036558205541780520e-01
7.821972767865678078e-01 -4.351135564866201455e-01
-4.587588357373923453e-01 -7.958164539153448347e-01
3.345849989358810062e-01 -8.084136638169509004e-01
-5.728841681569608602e-01 -6.450670619979297360e-01
-6.695578111174677050e-01 -3.656784472274355324e-01
-5.179311410364275670e-01 4.086905992904742435e-01
1.764269342646943850e-01 6.162576187329967814e-01
-4.447174659258312235e-01 -5.121874643123608406e-01
4.964805578412868070e-01 -5.480366206466906753e-01
2.935512517182713443e-01 -6.083364963428100625e-01
6.018550152776181994e-01 -1.163241105938874892e-01
-4.684078059961263030e-01 2.465369206634847321e-01
-3.898268660736645685e-01 -2.696334539455052526e-01
-3.783375973923472357e-01 -4.483224068123533440e-02
-5.848746703952546061e-02 -4.486159997891225881e-01
3.813730187910997493e-01 2.969268113188513469e-01
1.052814382858062031e-01 -3.185089153792512451e-01
3.304350220262838866e-01 -2.089387568062881506e-01
3.090783122181485765e-01 1.824154194008482596e-02
1.117159775060778543e-01 2.861112203474108773e-01
-1.226392717536332472e-01 1.857419252921677366e-01
