8.270768421091557743e-01 4.467710359601438364e-01
3.426636962815484133e-01 8.986589041999987204e-01
5.141058645299408925e-01 7.794082569792702975e-01
5.689939315206523629e-01 6.555764114076623184e-01
-6.194490558636148864e-02 -9.285608532330348330e-01
-8.496977425135426865e-01 -4.663224016319678644e-01
5.799265455542054193e-01 -5.936573160818376937e-01
6.766860011828044197e-01 -4.091542207815649368e-01
6.588167068004325833e-01 1.050275621689877592e-01
-9.049171194792442474e-01 1.321727439264692647e-02
5.564391183319596923e-01 2.669548480195273465e-01
-3.934216369826861182e-01 -6.292274721684817385e-01
1.199078807737713609e-01 -5.553321554425089124e-01
-1.318246015398462923e-01 -6.090121485323075623e-01
-3.926497943706914739e-01 -5.060739920679061532e-01
-2.451472403550137569e-01 7.357187786016563535e-01
-6.117733034566676942e-01 5.777023698278551667e-01
9.251751278532230338e-02 5.887356720927899856e-01
-7.219252364448961456e-01 2.060937272134398812e-01
-6.461074782224330848e-01 3.948178396331216700e-01
-5.121584959570946172e-01 3.479537287274261925e-01
-5.713620356324023986e-01 1.065918845411487209e-01
-2.661424656285997226e-01 4.167571733562130398e-01
-6.948207026611352699e-02 3.665094951938064338e-01
1.248504700602356549e-01 3.029950983322212132e-01
3.693381572273994884e-01 -6.036082049591370846e-02
3.050977055473579336e-01 -1.511633905863580263e-01
1.303951285885225804e-02 -2.838804259155930931e-01
-2.304508413916841747e-01 -1.493188628448521016e-01
-1.926700607597357784e-01 1.123860092216477785e-01
