9.346813709644065105e-01 2.916197898453045667e-01
9.340912155401851491e-01 -2.253325406630052041e-01
6.508846396561221992e-01 6.158633034806315631e-01
-2.017146447476136049e-03 9.094160065544479865e-01
5.039565850390378410e-01 6.218543977861881178e-01
-1.114181260857308037e-01 8.114071704776755212e-01
-7.943683726362504860e-01 4.708165519886952644e-01
-8.779377512135395634e-01 2.900225426366945802e-01
7.398435231410647184e-01 8.914934212067038288e-02
3.912016594709958328e-01 -7.817674379417982600e-01
8.363304383709392609e-02 -8.529450812483210242e-01
6.896454697377940590e-01 -2.350390860308039787e-01
6.151837427944772951e-01 -1.312022688376377477e-01
3.343432282148569579e-01 -6.137331031094352962e-01
-8.547459623653896887e-01 -1.931134464731293632e-01
-5.052443401056820882e-01 -6.543342796010044315e-01
-6.622108923987116702e-01 -3.661420640246769720e-01
-8.057893062830903674e-02 -6.708555965001598009e-01
-7.382011491110868073e-01 2.210218135323787081e-01
1.830171769932893155e-01 5.540716371279872376e-01
-8.385865370516376593e-02 5.190159698508665098e-01
1.719024531862637928e-01 4.025905870698961997e-01
2.669454206617166703e-01 1.744524382606766344e-01
-3.534421809158018735e-01 4.094096881145111722e-01
-5.542964772169506338e-01 -2.797361066837858803e-02
-4.473378120275546266e-01 1.784875227191138614e-01
3.011508297612880969e-01 -2.635847733427417183e-01
-3.248258930695699931e-01 -9.566131734743690829e-02
-2.383303186589674494e-01 -3.566859609937506614e-01
1.422815215165051418e-02 -3.346677339194584211e-01
2.505353501078919770e-02 -2.605118937707296967e-01
