1.204842827341675998e-01 -9.583990270752310581e-01
6.357414443771532975e-01 -5.644420932156518633e-01
-2.212567563872726850e-01 9.367955098008282633e-01
8.754008334307782357e-01 8.662843255647355648e-03
7.816190107104776796e-01 4.171087917412623636e-01
1.909026846201976046e-01 -7.749749594751080828e-01
-9.432313973502491899e-01 -1.109405808224415563e-01
-8.978468897257917414e-01 -4.117371786443767973e-02
-8.562316304616031382e-02 -7.257691176656202448e-01
-4.066070879231140078e-01 -6.079670330474495898e-01
-5.827694908534077900e-01 -4.216981204960323915e-01
5.282376748127319832e-01 6.647185046886924242e-01
1.792980578739772693e-02 8.070265450508367078e-01
-7.273994765167877130e-01 1.516836325192220114e-01
-3.740660130869734035e-01 6.644506969666882368e-01
-5.502210435322897331e-01 4.820143189782405968e-01
1.574891500684116041e-01 6.654359078808169681e-01
6.324908148571987132e-01 1.338098949510973801e-01
6.058476349821364515e-01 -3.411287276432634769e-02
3.258700353703696262e-01 4.901986932306035549e-01
-4.847841519222453321e-01 3.870775049879726648e-01
-1.918382089233935384e-01 3.358698553517875940e-01
-4.452698390180762633e-01 4.601039544137648651e-02
1.640322872984580349e-01 2.766619118363401464e-01
3.661743593487973847e-01 1.263261770729311728e-01
-3.651864130467048497e-01 -1.575867406529068981e-01
-3.474251864952942852e-03 -4.815857853605118866e-01
2.243889084236900255e-01 -2.200729503428522915e-01
5.422231488975835095e-02 -2.477570917255409733e-01
1.038667078583184328e-01 -2.293685610143448850e-01
