-9.895219432770256951e-01 1.035273393064666952e-01
4.278429510868901886e-01 8.452735895622166540e-01
3.670795691167382802e-01 -9.236707126944325719e-01
-4.066618877206885085e-01 7.803738348149538151e-01
-6.727922251379369056e-01 4.544973268448356807e-01
-7.670735542378080973e-01 -4.037545206044023116e-01
-5.442312518473534366e-01 4.974335741251721399e-01
-7.596903386607352093e-01 -1.601997121393889667e-01
-7.022043922126118831e-01 3.404331321340336308e-02
-1.014772512395747950e-01 -7.881983668582522862e-01
-4.330941066912317727e-01 -6.360668141157341804e-01
-5.156823114488376936e-01 -3.513028281199606084e-01
-2.089445723569622326e-01 -6.403497300814251503e-01
7.203800171348577752e-01 -3.303946204582691726e-01
1.707304795578372947e-01 7.026412654180411721e-01
7.787663064840957272e-01 2.940412813688481064e-01
2.273174249066402530e-01 -5.337687033545756021e-01
1.854244227861527039e-01 -3.004869110362276552e-01
5.856546987735433696e-01 -8.600208308265105961e-02
5.138068499820359625e-01 1.128944388163031359e-01
4.096401940060854785e-01 -8.871846795626786575e-02
2.936337952712894106e-01 3.891844853599524257e-01
3.363659944521876222e-01 2.054069486446758186e-01
-1.262449667926730801e-01 4.758232022257294913e-01
-1.514920282365574411e-01 3.206384486869172101e-01
-1.523324222818958108e-02 -8.430786256350598917e-02
-2.648957101877505438e-01 6.955936930027732668e-02
