8.759409373147730715e-01 4.492021820558880218e-01
6.962908600535345771e-01 6.851295048106579300e-01
-3.148270850035092550e-01 -9.457487055337636672e-01
6.789923338142564990e-01 -5.186325524250531283e-01
2.508202582923886870e-01 -8.327021634664509842e-01
3.915111278576881015e-01 -7.279505708095486138e-01
-8.272139913822553758e-01 -4.474430077660323524e-01
-2.147474404461345576e-01 -7.667229524860380563e-01
-6.209807505936062455e-01 -5.824454135233552154e-01
-8.337987603738719056e-01 5.456426603709489953e-01
-6.677941757393682232e-02 8.778326431966905208e-01
-7.826395579509516365e-01 3.100435180830294901e-01
-5.973293155014535172e-01 5.672573680223532699e-01
-6.024324740308248938e-01 -3.883935756325376798e-01
-6.361084674424276608e-01 -1.014913540057754970e-01
6.739509733052309048e-01 3.200662976426997819e-01
6.451731235884887727e-01 -4.861492526444030626e-02
5.647378314725559623e-01 -2.456236611900986799e-01
-4.033526169874709910e-01 -3.550362025512305841e-01
-5.116743126852891788e-01 3.056458712369070629e-01
-3.425351647257112719e-01 5.550660006483288944e-01
2.514177966742645043e-01 6.123144503358213253e-01
8.332081122460043010e-02 6.204207056766390949e-01
4.791877742829764864e-01 2.894043640896868941e-01
3.256446719563630965e-01 -3.309090543679762964e-01
8.905080463986986272e-02 -3.462137794359177456e-01
3.376236717598462000e-01 2.247829023671881477e-01
-2.290823170907770739e-02 -2.343019323432720957e-01
-2.060586050321981388e-01 3.451143098970455014e-01
-5.623249659906511683e-02 1.940213868118635387e-01
-1.436259261800155729e-01 5.448032333478983885e-02
