7.877916204636726816e-01 5.269614313263858429e-01
9.588782065204147775e-01 6.662634571328246436e-02
1.632460148898260688e-01 -9.439545786553711348e-01
6.499954001517697089e-01 -6.565018379313387609e-01
8.182863033264869967e-01 -2.694667061560056531e-01
-6.779471943356859542e-01 -6.759340663019186568e-01
7.770179009243436408e-01 2.751282555528446472e-01
7.181849507470579042e-01 3.598329080214586750e-01
-7.739151294116241031e-01 -4.858258831588237459e-01
-8.801908225537096175e-01 6.579423575949831793e-02
-2.402050082694296568e-02 8.390428866574000111e-01
1.784162483724081594e-01 7.619089722657491626e-01
-2.732795353057798637e-01 7.753951923070794283e-01
-5.675223439943258841e-01 5.536272162226419935e-01
3.555774960374266658e-02 6.780998693453191839e-01
5.696947600517225929e-01 -4.833660719765048297e-01
1.411886962476696650e-01 -7.545261941700825981e-01
3.834532084270200203e-01 3.932038739947583128e-01
-3.011308185422668648e-01 -5.887069977399524978e-01
-6.339554945558956156e-01 -1.349465896111260999e-01
-1.263008225608097390e-01 -5.383409444417602829e-01
3.881809129533375646e-01 -2.575961718547691848e-01
2.704162546741928908e-01 -4.131951481692882622e-01
-4.204661271595048766e-01 3.279848321376670484e-01
-1.836100219118303734e-01 3.332000707334578093e-01
-4.644779807067921928e-01 -3.211274629815985548e-02
-3.800746675197898550e-01 -8.944180033836719723e-02
1.317223101212246922e-02 -2.860062863983240944e-01
-1.785509248926993031e-01 -1.230484474437025660e-01
1.521534939105705364e-01 2.154322440517383586e-01
8.245048170796429043e-02 1.198245014556724303e-01
