-9.089646643384353686e-01 4.007605733877092798e-04
-5.970422211659284217e-01 7.948067483200851324e-01
-6.256879374235335689e-01 -5.177269642239360481e-01
-4.369187315414545525e-01 -7.156155122724043860e-01
-3.908340007896687340e-01 -6.908341893368297182e-01
-3.431662926308881034e-01 8.147852327921817350e-01
2.796032349889858715e-01 9.538876331251406882e-01
4.732658393841731037e-01 -7.970191137396779313e-01
9.640393738039476634e-01 -3.731979724236050150e-02
8.755696917788790001e-01 -2.553710481967499946e-01
8.405959136278717825e-01 1.478281184564615158e-01
6.787234702095359395e-01 4.739799393227557833e-01
-5.956234315948247815e-01 2.606561472699075455e-01
-4.748846672701538263e-01 4.803696164743768149e-01
-3.286564626000775258e-01 6.161010737881854604e-01
5.586824035973185498e-02 7.036475902760602752e-01
2.271919950183820258e-01 6.136028175774720372e-01
-1.487140492910063103e-03 6.284240977869737232e-01
-4.670940061171618418e-01 -2.581022884001489826e-01
6.982444595495015394e-01 -2.285053325091475074e-01
1.456877315298367448e-01 4.114123108939635731e-01
-2.597442190092700831e-01 -1.655031756446924407e-02
-1.240360031305288904e-03 -5.343174513329650432e-01
3.313220936784695980e-01 -5.270275862691398139e-01
2.991705319937845720e-01 -4.766967518660565339e-01
6.250957054915394495e-02 -3.347626757156852428e-01
6.640882020948961351e-02 7.230956111415778875e-02
3.620898986121205421e-01 -1.832470348477503036e-02
1.658617399884710908e-01 -7.068416445561297168e-02
