9.019523912446602010e-01 1.036128460591194816e-01
8.999774393903092751e-01 -6.556133444319706127e-02
8.432716129345541045e-01 -3.543257197669830161e-01
5.320569660926480759e-01 -7.813136926814249206e-01
2.598165346585765145e-01 -9.238609331993005158e-01
-8.268214552994830324e-01 3.754163992795694349e-01
-8.771236721764361643e-01 -3.827180615670761621e-01
-9.012205166550329993e-01 -7.011790666524976567e-02
-6.920301108497505238e-01 -5.222627166743684102e-01
-5.762195706808039830e-01 5.567419434028885172e-01
-5.994930781477972315e-02 -8.180770610902149409e-01
-6.238961672174155870e-01 -3.001260364572386763e-01
6.094320236004037161e-01 3.301715190387097820e-01
4.624595915890575837e-01 5.679137832514131734e-01
5.120242152118237300e-01 4.737658369841889483e-01
-2.111546505489986514e-01 6.084950591103304163e-01
1.297597615871500243e-01 6.204590720192354469e-01
2.201299559844616116e-01 5.643834205520074088e-01
-1.112651508839511937e-02 4.396892387508291589e-01
-3.654835943856973857e-01 1.066249174853478726e-01
-2.450972683790525464e-01 2.187026604102213778e-01
-3.239533345295019795e-01 -4.906537685923893499e-01
-3.102995183309877336e-01 -4.744081357356441098e-01
2.027963110679700809e-01 -5.080283901164855953e-01
4.280781086186397633e-01 -1.355356694354150349e-01
2.400074195159023205e-01 9.923601132453975515e-02
-1.792711788119336902e-01 -2.010716380549890381e-01
1.483215705834394771e-01 -1.397091467759681016e-01
1.296725399627898789e-01 -3.264860965382245239e-01
