4.588196643337836278e-01 8.040047126443301551e-01
8.134297021477999712e-01 4.470794883099197814e-01
-8.150864082969115909e-01 3.470940462398465765e-01
-4.097479463098349095e-01 6.319615726485452445e-01
-1.808447748544280975e-01 7.010592317333417256e-01
-8.241007587912758670e-01 4.741752292251296200e-03
-5.954264590320097472e-01 4.053029054634210149e-01
-5.904573200443337111e-01 -6.518671359732191029e-01
-7.230123217068387120e-01 -2.950988108410393385e-01
8.129700924112565064e-01 1.338568173083289070e-01
5.238272928021376895e-01 -7.386202013567578772e-01
6.212918655545175417e-01 -6.093570565864298016e-01
-2.048824437866857140e-02 -7.449808246915926579e-01
6.401466988703151673e-01 -4.519149604607006210e-01
-5.162923479333573207e-01 -5.338498332080739983e-01
-4.759527028642992486e-01 -4.066533773541227692e-01
-3.132522361225639762e-01 3.111364740280256891e-01
-4.170777564663495918e-01 1.156926407217559634e-02
-9.238275800950664085e-02 -4.370214858734338126e-01
4.709236625662726050e-01 5.184896598995950567e-01
4.472487410134686203e-01 3.993539672535788565e-01
1.837943236110309297e-01 4.850220835721377188e-01
1.452077845223644081e-01 3.449776337762511802e-01
-5.957443149670176713e-02 -1.763230247518292604e-01
4.742863258674791527e-01 -4.256532608725470401e-02
3.451413270967174096e-01 -2.158209696591998350e-01
2.798972313388644051e-01 -6.144176839064557916e-02
1.918186425245544391e-01 1.189762167462273118e-01
