9.687752118674231028e-01 -2.368761884450253652e-01
7.197858723375468726e-01 5.699643782397966207e-01
-3.293846281531244147e-01 9.091858002106224523e-01
-4.689921703282123877e-01 8.517879991052055288e-01
8.299423667130505500e-01 -4.379132421618154303e-01
-9.741575691084572997e-01 -7.846996461760646913e-02
-9.574501091070813930e-01 2.483725420419036559e-02
-9.013378546597110574e-01 2.065970457557397555e-01
-1.724868733919523722e-01 -8.228302994276012194e-01
-7.186428652660736827e-01 -4.712073605242287355e-01
2.652206131117743060e-01 7.206239618365846145e-01
4.472584080667142969e-01 5.984036835440684765e-01
3.649194592455839992e-01 -6.571464149812388245e-01
7.187968583583822513e-01 3.059321658027085167e-02
5.077879176943507211e-01 -4.800084589081262676e-01
6.644369499793177924e-01 -2.357924934002215700e-01
5.939477534099956157e-01 2.808718580326105552e-01
-1.769939305310248290e-01 6.613422680781165797e-01
-4.500062788476330566e-01 5.590399596777824165e-01
-2.821615490501482859e-01 -5.978726778612398762e-01
4.199940540447320569e-01 -2.886966599049573534e-01
3.171122661089669226e-01 1.182164700649598055e-01
1.927905906586777629e-01 2.369148225298252086e-01
-3.831345105153822761e-01 3.223381530295167940e-01
-1.524793594051771506e-01 3.390201572958929099e-01
-5.154294549426053917e-01 1.041044916101184215e-01
-2.084843950631856402e-01 -4.121401719347705384e-01
-4.413293499672195641e-01 -1.626486625516236906e-01
-4.099417952384412089e-01 -2.490841457730129382e-01
-2.763106071520874951e-01 -1.576165285956333539e-01
1.228992210701542742e-01 -1.801248958402922873e-01
