-9.125493029500922892e-01 1.474347477440707613e-02
-4.754875235789361998e-01 -8.068250423128662252e-01
7.252223335829335316e-01 -6.271964592251763060e-01
-3.926562033537965291e-01 8.303036058813602072e-01
4.862197332383529913e-01 8.369029578798193869e-01
6.363802036503325432e-01 6.986509563846177162e-01
7.186297576378684049e-01 5.186278078600603525e-01
2.324463323723725550e-01 -7.903077148647119632e-01
6.668182573478945718e-01 -3.596039150834230980e-01
-6.649002954034555213e-01 -4.038680707854359619e-01
-6.942882403344469155e-01 -2.059488701029041635e-01
-4.257028644880763157e-01 6.154132469036962538e-01
-4.347011484687447469e-01 -5.706112342676161742e-01
-5.526919312346746382e-01 3.854085077686901784e-01
-5.465960505830711469e-01 2.339467549630444843e-01
-2.621893669072684618e-01 -6.131169420327332586e-01
7.008485445004106751e-01 2.395185911302709358e-01
6.030503861839480173e-01 2.453050799188636888e-01
3.611396881556391131e-02 6.288142312261580935e-01
1.171969583686245653e-01 5.498630195426350564e-01
3.518827263476254630e-01 -3.062031220261308140e-01
3.970123183587184190e-01 -8.135123787990708455e-02
1.114057084786504309e-01 -4.590380305910816139e-01
-1.555450988378756505e-01 -4.590445257352171460e-01
-2.665066392171043241e-01 -1.765356369225142830e-01
-6.981009143995639543e-02 -2.363478807780183821e-01
2.321622546467010106e-01 3.372467137997487985e-01
-1.087086505214984733e-01 1.175877438755231069e-01
1.742897423460501583e-01 1.420647976593606421e-01
