7.389940476287028270e-02 -9.970812696325470625e-01
-6.230563322049581521e-01 -7.788804535571243193e-01
3.753266788334839177e-01 8.516438275159398108e-01
-4.086690623469847461e-01 8.585857644271931433e-01
-6.430866497415536065e-01 6.532041159038898259e-01
5.852108319922397772e-01 5.553858421146505853e-01
7.313536170753058840e-01 -3.681033795364094252e-01
5.954206257291067006e-01 -4.655541941063020550e-01
7.414461776677744309e-01 -1.338058646018910891e-01
7.286063588770813615e-01 -9.770970739493761714e-03
5.825146007522541414e-01 3.330019060478501824e-01
-3.493772437218070070e-01 7.398030793439576147e-01
-8.936130162848892056e-01 -1.242557064068936928e-01
-8.269999832146125440e-01 1.051060853224051184e-01
-2.171085599952055356e-01 6.130714839660372784e-01
-6.596763129697354178e-02 6.001890082787857406e-01
-7.210964880981574066e-01 -2.860676667642785831e-01
2.304544930725944962e-01 -7.209500126608251458e-01
-5.891530215316722607e-01 1.745513250613169864e-01
-5.166303497296885761e-01 -4.995445488345259255e-01
1.327628971507501532e-01 -5.955701036320741881e-01
-2.134590461370729220e-01 -5.615319525610277251e-01
-3.897702223567309221e-02 -5.502205122924164193e-01
3.121106626344704038e-01 -2.253433324371089119e-01
-4.083197784120565776e-01 -3.044032903488615993e-01
-1.785903404408906159e-01 -2.751271288509710700e-01
1.832465194373811557e-01 4.108501569743425175e-01
2.261701149147804790e-01 7.246447041165117453e-02
-3.464085692946411998e-01 2.364721845162469360e-01
-3.130858895706603584e-02 1.585944976588959388e-01
-1.789554393557279688e-01 1.673224121497637051e-01
