-7.342891527697636977e-01 6.267028140148437343e-01
-9.098361286663989578e-01 7.793846968901992078e-02
6.756353740298384203e-01 7.084526086068623218e-01
9.348045178823398693e-01 2.670647599804992223e-01
-3.094094202486244102e-02 9.229711842678828271e-01
9.226329412238867267e-01 -3.207896928985925489e-01
3.563189602369960518e-01 7.313942118216056887e-01
-5.023079536598241690e-01 6.361858844483607722e-01
-3.101873423484363679e-01 6.559907894297291042e-01
1.310859452444139150e-01 6.701866221500411003e-01
8.084955403961422427e-01 -3.353401012269691117e-01
-4.825342377884200840e-01 -7.375130019798160630e-01
-6.402242436145088034e-01 -3.626594512446731922e-01
-6.312308790683278659e-01 -1.494724288163095660e-01
-3.443172067138688397e-01 -6.469107732527783483e-01
-1.059740892285740976e-01 -8.324889695343783425e-01
8.400568921291953761e-02 -8.107797285161614242e-01
6.351295756207436805e-01 2.536212425898056178e-01
6.262061399339645673e-01 -3.524945588143131303e-01
3.063359848659281126e-01 -6.445748448062580405e-01
-4.643266448540889213e-01 1.962381751704539989e-01
1.051116699097025403e-01 -5.358511771193178452e-01
3.308963323215965979e-01 -3.312276685441487567e-01
-7.155178773335615916e-02 -3.667037672736176979e-01
-2.556819718393958385e-01 -2.017927454927447850e-01
4.023884410587221239e-01 2.138270311884819808e-01
-1.204559076541592555e-01 3.890412788615670303e-01
-1.008026397345877512e-01 1.362925278480513203e-01
1.946608975338912639e-01 9.645429254346461062e-03
1.010934737799035477e-01 1.610266422591588031e-01
