-7.205977957490695696e-01 -6.454166921772473975e-01
-5.815220825325184695e-01 7.146741561895688655e-01
-4.794794212052568838e-01 7.535228988873075018e-01
-8.945578980643195122e-01 1.211062160258146309e-01
5.363790591068021696e-01 -8.249546030953381903e-01
2.942548972117945971e-01 -8.782018927464696478e-01
-3.523239624602803044e-01 -7.625609185109465393e-01
-7.895776590198783085e-01 -1.206560163825290966e-01
6.229521004499425363e-01 5.400450048343925502e-01
8.227412493619460365e-01 2.204130799890300085e-01
8.366801632736307059e-01 5.014313460904033792e-02
7.417614968873865733e-01 -2.996553183573539281e-01
-6.113040917482136932e-02 8.287985057589704052e-01
3.954935949208928103e-01 6.442216247773476789e-01
1.729344634970611805e-01 7.055124877301541808e-01
5.617184299360403754e-01 2.907334746577514006e-01
-5.762866875275348688e-01 3.530054448219525631e-01
6.098038417622848872e-02 5.238271187646194038e-01
-1.605744495002945638e-01 5.224910857026772160e-01
-6.111387566511844449e-01 8.919560321616625681e-03
-2.619387384218600512e-01 3.373860711594101058e-01
4.181153056529720025e-01 -5.877296135805629707e-01
4.863076513252215793e-01 -1.705352557965370830e-01
3.790283691245839304e-01 -4.213955719363797758e-01
-7.820936473071980755e-02 -5.774276231512969204e-01
2.719358910933460383e-01 1.932666546970630232e-03
1.616203620119961715e-01 -3.320499126487986286e-01
-3.737913544614611672e-01 -2.255472413098081885e-01
-2.412393431327396198e-01 -2.310876591836941718e-01
6.795789690490665509e-03 2.233656943424161892e-02
-3.400979445093010173e-02 -1.876537192617524219e-01
