7.057831768409026374e-01 -6.380272752933016100e-01
1.439743687582819287e-01 -9.642299066433883681e-01
8.813297428108876064e-01 2.972511833780465684e-01
-3.712367672684513398e-01 -8.566692128084069102e-01
-9.825392532720794714e-01 -7.103909979748003478e-02
-9.249637019166638829e-01 -2.752405802187409822e-01
-7.189498105053970800e-01 -5.018870268023554182e-01
-9.289381234672851040e-01 1.288215373322559587e-01
-4.973699526307554519e-01 6.572372997250355287e-01
-7.848073912608489744e-01 6.570098505336711969e-02
-6.018859495863886355e-01 4.103380312296647792e-01
-6.668485654224263204e-01 2.389800770766608851e-01
2.335619637085474196e-02 8.488119079559784952e-01
-1.720344821509471600e-01 7.775055437230833366e-01
3.797095628962299241e-01 7.130343916497831058e-01
7.239520505455757649e-01 -2.493662691779784391e-01
-6.259340365898299341e-01 -2.037106257988459124e-01
2.464818402970752886e-01 -7.143653926191070314e-01
7.234511386214717565e-02 -7.198243087804655493e-01
-3.224087517612506670e-01 -4.986454812908538980e-01
2.547245948506900448e-01 -5.880145283299795800e-01
-1.041187342526371795e-01 -5.163466670875380693e-01
6.068036225263230277e-01 3.117122269094154685e-01
3.828472220284730998e-01 -2.860315771924639150e-01
1.698810238598914002e-01 -3.206269656312766281e-01
5.257891307751861865e-01 2.338189228766799910e-01
-2.646251073367433815e-01 -9.550202841999956560e-02
3.348354260584995301e-01 -4.800669675960403393e-02
-1.811840169162279857e-01 6.642350423216748789e-02
-4.335964207030423151e-02 6.435372304394243459e-01
-3.603161975325620825e-02 4.913898640422905695e-01
2.007605657726575510e-01 2.202915678212178374e-01
2.152227406222073092e-01 4.118317101022674342e-01
