3.533971385394673037e-01 -9.061332457073032476e-01
9.271020626682068277e-01 -3.372470237527541159e-01
9.215309121190574659e-01 -1.351454871449757067e-01
-8.855329613355432672e-01 -3.498018185661074253e-01
-6.641347619872686181e-01 6.993133773463908742e-01
-2.959555623570481742e-01 8.840582063008955993e-01
4.809306202909662264e-01 8.158020835067729681e-01
8.341854846503824472e-01 2.242821919684127308e-01
5.059692710490754086e-01 6.525496786042034314e-01
-1.601009638523665790e-01 7.515085023575321932e-01
-4.768301486100510189e-01 5.923327345338993410e-01
-6.671558374562421845e-01 3.039704736745171831e-01
-7.145720735352039110e-01 -2.173508579243308703e-01
-5.324129166506336164e-01 -5.758548658791200481e-01
7.633641684384528947e-02 -7.479857549400930061e-01
-2.892526026240220260e-01 -6.620033083989682599e-01
-3.841043300386265957e-01 -4.832987521479511495e-01
2.528746031257324001e-01 -5.623432661839949942e-01
6.138266362839712720e-01 3.099445053628303581e-01
1.509572128764629650e-01 5.214729893746324896e-01
-6.114618217678639833e-02 4.248113520232879026e-01
4.885000346096345925e-01 -1.860820503441230345e-01
5.203292591057051553e-01 9.525086221037228074e-02
3.854025618849656332e-01 1.290808623456574378e-01
5.518723221326465866e-02 -3.559639415791583383e-01
1.405728513053583761e-01 -1.097854900749128393e-01
-4.433302267922482561e-04 1.102024489847727717e-01
-1.841429095219909717e-01 -1.990223169127207647e-01
-2.438999447589435265e-01 -1.521425857905409247e-02
