5.394346235469270612e-01 -8.055666848837652605e-01
-1.101491690714545557e-02 -9.028616574750344403e-01
8.889994066343726020e-01 -3.054384577817025326e-01
-7.306653552622986714e-02 9.856632808827106018e-01
8.049443206076708490e-01 2.464074877150509157e-01
6.762968654037522231e-01 4.741631868602613209e-01
-4.683587268979743645e-01 7.782454801776222952e-01
-2.229594821229788637e-01 8.373077733043441384e-01
-6.223650499015713766e-01 5.888610656247508235e-01
2.442102162741636717e-01 7.618048812478420695e-01
-6.988020987851251142e-01 -5.222854280539475091e-01
-7.993783833221264068e-01 1.771513013730457997e-01
6.808886631532747868e-01 -2.620155424059789628e-01
2.034934578845145059e-01 5.703430035733904058e-01
3.376857320577468791e-01 3.964324307226033128e-01
6.042399492482539158e-02 -6.637576051469363803e-01
-6.415353269689630933e-01 -2.662398294907757923e-01
-6.615757693616424184e-01 -1.213696998245850506e-01
-2.758295546333708326e-01 3.843434212414781892e-01
-4.557653787757988129e-01 1.622994884184605358e-01
-4.936747525851112317e-01 -2.256922979714559574e-02
-1.618489696456258328e-02 3.285431855481167895e-01
4.943555693611514368e-01 -3.115452348882283284e-01
2.993971181236465551e-01 -3.719798472903189102e-01
4.060028616589745343e-01 1.738451652937384947e-02
2.524896459111407032e-01 -2.939163126192537862e-02
4.034204410812947117e-02 -3.890739211897756289e-01
-1.767734715317928196e-01 -3.618549535218263391e-01
-1.952850447580271043e-01 -2.474036573852739229e-01
