8.009743528862346418e-01 5.904288736316934960e-01
5.709628429171803576e-01 7.098766965660425754e-01
9.026239955611018440e-01 -1.087791744821065554e-01
6.522902994978581059e-01 4.780655257203504926e-01
-3.488904482275668739e-01 -8.885869644347721419e-01
-1.543467893968803080e-02 -8.852275710605540526e-01
6.510715073250022966e-01 -4.023917215951210991e-01
4.777334367286339423e-01 -5.922530802946511796e-01
6.391651528739589194e-01 -2.763026087163760192e-01
-3.116505236367997922e-01 8.457201230138012837e-01
3.000047954666934524e-01 5.533725168562341201e-01
1.535032425286456809e-02 7.629401906642062636e-01
-6.989624132211933460e-01 -4.361739375097423155e-01
-8.853713357733383749e-01 9.071037754729112390e-02
-8.196671251168922145e-01 -1.580817617509189255e-01
-7.707635537142508708e-01 3.881918207499456264e-01
-1.070485962091894533e-01 6.487979727951361797e-01
-3.589079678566609588e-01 6.199125715293022365e-01
-7.031384078428373208e-01 2.673218742240138224e-01
-3.995711207697394407e-01 -6.113839267201389704e-01
2.150773277994839638e-01 -6.475850152674045290e-01
-3.876568399417715249e-01 4.524107215566872675e-01
-4.323936517558936710e-01 -2.694554550965563289e-01
8.874720829176431514e-02 -5.652002298545744097e-01
-7.658766096558281000e-02 -3.860065161933356470e-01
7.392398412529678497e-02 -3.755797611629594912e-01
3.830021188173582392e-01 -8.712449592104237750e-03
2.275721854020775481e-01 1.671823223845553263e-01
-3.587881580031126449e-01 1.645450048564623680e-01
-8.930561714927692796e-02 2.869893321701991740e-01
-8.622109047560945483e-02 -1.056047784836824932e-02
