1.469886880889496039e-01 -9.230339923634184318e-01
9.142182249580110831e-01 -3.791793014761791758e-01
3.417765230841784962e-01 8.590391825805954173e-01
7.604018407119981227e-01 4.485436421095395643e-01
9.026541095300933959e-01 -5.826850165906637818e-02
-4.159942650455801805e-01 8.185297298784935949e-01
-7.423581055087941083e-02 7.819989834788837468e-01
-6.375280441011478283e-01 6.349678213310309127e-01
-8.717228616540547703e-01 3.332114977944756196e-01
-7.836503430793239078e-01 4.009638239484686895e-01
2.703192197769013760e-01 6.128983229000450894e-01
-3.941037630422408733e-01 -6.943461271926950618e-01
-8.121208230321840249e-01 -1.249917881535632103e-01
-7.006827783153044553e-01 -5.097836544328927973e-03
-6.360208255126585941e-01 -3.275257449233952012e-01
7.239982413873656819e-01 -2.058605896043099737e-01
6.072188232772579575e-01 -4.031004675693203310e-01
1.528498798341518805e-01 4.298217201818627653e-01
5.724884165507377887e-01 2.664083023079204943e-02
3.800445735673566028e-01 2.383560158253686667e-01
-5.183587034244671043e-01 1.519037635157489685e-01
3.950744509780796387e-01 -3.391219018986049716e-01
1.183530418642972926e-01 -4.609350159493857402e-01
-1.641581927172272026e-01 2.851542527899939561e-01
2.682714690281979841e-01 -1.377982566536922471e-01
-3.771098523981567530e-01 -3.332237876841142032e-01
-1.485986991058228790e-01 -3.257841249924050553e-01
-1.156266766346620845e-01 -1.620463274658604513e-01
-1.591627510486886832e-01 9.292841976243085278e-02
