7.095401787270571026e-01 -5.880839621552939045e-01
-3.988187820155573715e-01 9.150082695687380419e-01
-9.338441211831565170e-01 -2.095334563968158093e-01
-6.753000432032814082e-01 6.724019931991472854e-01
-1.966678308455968860e-01 -8.752373457986394323e-01
-3.979878881237565724e-01 -7.936525339940729840e-01
-6.159475423359281887e-01 -5.855835318105055975e-01
2.316494377186698733e-02 8.904586881931033648e-01
3.471781149510306252e-01 6.888879263450420343e-01
6.701046481763244245e-01 -3.451355204755879869e-01
7.217897769553897058e-01 -5.230249586364899700e-02
5.803892420230365445e-01 3.077894161326703570e-01
5.820156303267577380e-01 1.411715910750220848e-01
8.276336966721267729e-02 6.925228181161384722e-01
2.881192939599208080e-01 -6.117285202278336387e-01
-7.915122803970642273e-01 1.539138120461231440e-01
-2.448596649094841038e-01 6.305962956013070331e-01
-5.737826772174308143e-01 4.067690752062940174e-01
-6.410561219566748847e-02 -6.354963532641574320e-01
-5.584412457933694007e-01 -3.023662760032033714e-01
3.711391869180052927e-02 -4.810832087298355098e-01
3.170605696953120445e-01 -2.564549831462877294e-01
1.578729264429855339e-01 2.645027037339792164e-01
-4.542108046491636908e-01 2.815494788723332253e-01
-5.059051636181259859e-01 -1.797224033278853675e-02
-1.486110242946911686e-01 3.728015373516809783e-01
-2.127132928382881039e-01 1.885269099080383037e-01
9.561014046413295053e-02 -1.782747663915008052e-01
-2.029430307760883012e-01 -1.825876445130304448e-01
