4.921001589106250851e-01 -8.065729144068216616e-01
8.995752106562866501e-01 -1.664720561826775747e-01
-1.332517741874778006e-01 -9.502634301199380795e-01
-7.971360190430950565e-01 -3.540540309488516280e-01
-9.110072726433473544e-01 2.582198214523184210e-01
-2.819280995129157530e-01 -6.732416984036829755e-01
3.331137544456475030e-01 7.747302283436942050e-01
2.603183975264919403e-01 7.743266745145682695e-01
-8.823121649233399422e-02 7.709399467446658161e-01
5.398835586759488381e-01 5.323650889248972007e-01
6.496147926522628513e-01 2.956882518210289801e-01
6.506371416574650013e-01 -5.861678411537761535e-02
-7.116425500744565369e-01 1.575900208299974570e-01
-4.537084174237127621e-01 5.729494003746803399e-01
-5.473322896565303575e-01 3.851384678701467168e-01
2.543092478221133379e-01 -4.899745912671216175e-01
-5.165121833842123422e-01 -1.218201088157119250e-01
-2.077159649944389508e-01 -4.208990087060437424e-01
-3.255208299391486593e-01 -3.075209962406835196e-01
-3.967954734976811837e-01 3.526850424710936127e-01
-3.323007882046696282e-01 2.045051936408225635e-01
-1.229240428555353343e-01 4.514432206753068999e-01
1.056088217774654170e-01 4.142842244814025632e-01
4.244286164724152544e-01 2.225555338394811788e-01
1.227097096494337430e-01 -2.684784616935840806e-01
3.167152579287111358e-01 -9.238229290018074025e-02
2.377641478026691901e-01 -1.214124197215352141e-01
2.316935316872063486e-02 -1.075623098754935614e-01
