-9.861751611014113461e-01 -2.528736265208527886e-02
-4.306099991333062760e-01 -9.006246649011775407e-01
-8.006962441729982283e-01 -4.254753464619667191e-01
-5.339706552782126359e-01 6.165615097166825542e-01
2.876870816956250687e-01 -9.392553632094452487e-01
1.616204145505071021e-01 -9.159675593558168627e-01
-7.146716538340929237e-01 -1.047820253876781543e-01
-4.972110533708986035e-01 -5.913336300413609692e-01
5.262051177307186522e-01 7.843937791457359365e-01
7.634181765702018341e-01 5.470773783086387843e-01
9.418773385593414149e-01 1.267931047420761126e-01
7.837814309192380202e-01 -5.947117827825583181e-01
7.346195116158426019e-01 -5.176552208492194440e-01
-5.841615057232426578e-01 7.919110728913034136e-02
4.298752005938276388e-02 7.278548461899394528e-01
-2.491855580248629465e-01 5.846630843862831162e-01
6.164611777919282165e-01 3.876975566823194774e-01
3.203271689035830372e-01 5.606247954339637074e-01
-3.715065421027695380e-02 5.142693422540920434e-01
2.835800823497990897e-01 4.273572307367961010e-01
4.265357844641929352e-01 -6.508194016588837449e-01
7.004076260072473747e-01 -9.679551214938368620e-02
5.890490937584307307e-01 -2.850489275092121712e-03
-2.003710564966537308e-02 -6.420539496792584400e-01
3.858666775136875282e-01 -4.894916155877508390e-01
-2.299493977198623362e-01 3.598720295713525030e-01
-2.625028430076681296e-01 -4.243794409430625136e-01
-3.523035626465099712e-01 9.277710569497828186e-02
-1.920989823948504871e-01 9.758912967232399871e-02
-1.376328758196626867e-01 -2.415005179898176979e-01
2.270733858849228737e-01 -2.840067015303484113e-02
3.089001996470840394e-01 -1.094374639671411437e-01
1.843739774556954480e-01 -2.582460951556973527e-01
