6.067588758749808964e-02 -9.816421382409961094e-01
-1.525641064673214919e-01 -8.747506166175939013e-01
2.756619501905266945e-01 -8.051006332737506987e-01
7.295372039238771089e-01 4.337747779106781443e-01
4.336725151445118831e-01 6.923476010833212735e-01
4.562609880561507847e-01 -5.760340515308486342e-01
6.363384803872065287e-01 -2.304818976072067482e-01
6.774794729362672019e-01 -5.681857888048077315e-02
6.035675616338334049e-01 2.669922511359444361e-01
-8.221645881008105006e-01 4.470796181263494429e-01
-2.384629457981925771e-01 7.843627915114727012e-01
-7.165335707899699036e-02 7.388816833981530774e-01
2.497900453692217526e-01 5.659059246954033506e-01
-9.045167803871528855e-01 -1.505487437651467642e-01
-7.372929132586085732e-01 -4.749016630463196997e-01
-4.894402968758496120e-01 4.801340651006639759e-01
-4.314564862126201716e-01 -6.185439521825490949e-01
-1.535127881079254575e-01 4.840991386683130560e-01
-6.701255435468608246e-01 -1.775101781461957753e-02
-5.346783850670884242e-01 -3.105616467908304812e-01
-4.671525364246795209e-01 1.213551237791663934e-01
-3.044257577816443239e-01 -4.596912618288625518e-01
8.023089769705001083e-04 2.250643065799286247e-01
1.821721268374782154e-01 -4.133690802091758432e-01
1.137230131219549023e-01 -1.917115221971753616e-02
1.289262246597299988e-01 -2.739116129604131644e-01
5.547087172499236274e-02 -1.841411979868547710e-01
-2.202277122478053517e-01 -1.080346342003705995e-01
