-7.087420603660143925e-01 -6.116119536488223707e-01
-7.869688232498317504e-01 5.489481356903862519e-01
-6.533853073024605829e-01 6.538676068767578231e-01
1.275734306882255441e-02 9.546938786493207596e-01
6.589840906458563907e-01 -7.142851210798731865e-01
9.161642362934858674e-01 -2.249277709230586633e-02
6.389801432068622500e-01 6.386609031919924240e-01
7.917756813391035875e-01 3.913502253889665217e-01
-3.655277250630588615e-01 7.069622846669471050e-01
2.672555771164994431e-01 7.347487941256829469e-01
-1.224853197383105746e-01 7.351340859064480204e-01
-6.775144480955672677e-01 2.077281785308164042e-01
-1.217655897501100370e-01 -7.530225152124653265e-01
-5.896484900571627996e-01 -2.510724635547171846e-01
8.052925907397504024e-02 6.247977488710581007e-01
-4.795854837948360094e-01 2.578377032234906996e-01
-5.036299779972411850e-01 -1.245680780325168213e-01
-4.141546922735796221e-02 -6.569686675666539522e-01
-1.389668641640888491e-01 4.405368255811110689e-01
4.904211111398976697e-01 3.798037693624374822e-01
5.260297279130812242e-01 2.225767327853546695e-01
-2.652249839524027375e-01 -2.658762320016580527e-01
5.587292065984315048e-01 -4.261902720437823477e-01
3.240660125064905306e-01 -5.050357843401191982e-01
3.629210274879325904e-01 -3.788685947982101676e-01
3.492453435401440820e-01 1.112551168513296607e-01
2.079571892523797427e-02 2.375303890218142533e-01
-1.473286161080426260e-01 1.130927886140462198e-02
8.117818004154148115e-03 -6.300312324175588730e-02
2.973069059674626757e-01 -9.376440835187477285e-02
