-9.315501732635313170e-02 9.810262431686430640e-01
5.400814724904947628e-01 8.113662306097360055e-01
8.870115001912647346e-01 -3.128366850218652351e-01
1.599350741423994082e-01 8.397784823420902933e-01
-8.708309372405219628e-01 3.460153807885399946e-01
1.460429756661199840e-01 -8.508888717153035852e-01
-1.317863664466077389e-01 -8.624516606955028308e-01
-7.124154252347939531e-01 -5.993494237142851233e-01
-8.687499003502681116e-01 1.074902579039402201e-01
-8.354839914841859505e-01 -3.058962544197862399e-01
-8.038014009802351145e-01 -1.611742043521882661e-01
-3.851208539751061477e-01 5.604189566173919390e-01
5.493033977306243099e-01 -5.539544460952969818e-01
-6.147208084553664742e-01 -3.573221753455578797e-01
-4.981203872087900941e-01 -4.613278602550090479e-01
7.657506832223381910e-01 2.241155010680898341e-01
-1.592238663944072208e-01 4.415508629175375344e-01
6.306178516933306222e-01 3.549258236864185068e-01
6.424918197536562126e-01 -1.334629041304977344e-02
3.943266312295185538e-01 4.550741193653351502e-01
5.239693398286933146e-01 2.564361766879777460e-01
3.331140504781064382e-01 3.299508355473828591e-01
4.876363082183133302e-01 -2.009897758043789895e-01
-3.634407506274009436e-01 -2.979279904208307905e-01
-3.257331485229910673e-01 -9.144100366351752551e-02
3.427350614493380743e-01 -2.034660833503070254e-01
-8.804694108866803481e-02 -3.809445498848971212e-01
4.722580316155865210e-02 -3.202097997664526408e-01
-8.443894632617597595e-02 2.211988471355025854e-01
8.863751396634647617e-02 3.983509176653551864e-02
