-2.252986881151252674e-01 -9.036834954181901525e-01
-5.133185102865844840e-01 8.095173550072072288e-01
-7.708654211295792313e-01 4.043430954101320807e-01
6.982327318080062684e-01 -6.624423129671966892e-01
-6.369758690854542271e-01 2.337807421339227476e-01
-5.285162233263520637e-01 4.669807862550394151e-01
-5.619048104591664039e-01 -3.084945670498143167e-01
-5.849859540005093450e-01 -1.027116271826087335e-01
1.868243554640532100e-01 8.674827704468581757e-01
3.658729760462530595e-02 8.157744754190753289e-01
-2.084199985880977601e-01 -6.165851412376901486e-01
-4.194108171100680016e-01 3.488987589420315949e-01
3.201502683835503182e-01 -6.982835403453528933e-01
1.475723007291968314e-01 -6.657228588863395302e-01
5.497413417839985827e-01 -5.447838696735796127e-01
4.054289892398199591e-01 -5.650509716434967133e-01
-2.927223292178252612e-01 -2.121022784917617754e-01
-1.366516394880736840e-01 4.759642674666341167e-01
4.788432298366090967e-01 6.604037457640661302e-01
3.118016458414393788e-01 6.765907058523671358e-01
7.461761861974689491e-01 2.254290424228752587e-02
7.179604387426200551e-01 1.974855037078201703e-01
2.462577780452772647e-01 5.406119527992147011e-01
4.524189379045886333e-02 -3.275860244440246261e-01
4.612832091395515088e-01 -3.161631175584785347e-01
5.506575351562297271e-01 2.242175358626029014e-01
1.848409084962276405e-01 3.124639293291737174e-01
4.550481961344522985e-01 1.209048192534131483e-01
3.841144431163902584e-01 -2.338995930175589641e-02
-6.235594157422563039e-02 8.659587288929859739e-02
