-4.720656874194770758e-01 -8.728112590129355475e-01
-9.676619096302017109e-01 -1.907341597405279587e-01
-7.561388704263588556e-01 6.438853614049205865e-01
-1.128794839341104167e-01 9.770478035838094932e-01
9.679543598768614032e-01 -1.797410546874583237e-01
8.047981498037031223e-01 2.981016687093587803e-01
-5.785771575982942005e-01 6.587243809951049967e-01
2.819631948259487264e-01 7.830011858379122280e-01
-3.756188714335418899e-01 7.095624414098568034e-01
-8.216607289213804233e-01 1.060772667310531936e-01
1.219880133894226797e-04 7.337151581890906105e-01
-6.808954196894253519e-01 -5.102316445508355836e-01
5.449405379738669897e-01 -6.370723059391786292e-01
8.035743481558400847e-02 -7.887037792702968897e-01
6.103452305351464435e-01 -4.551750709044641297e-01
7.519220534253130417e-01 -1.751485336293176764e-01
-6.950791609294686424e-01 -1.312989793833370944e-01
-3.245998067318504043e-01 4.448063794747998401e-01
-5.448522642051739640e-01 8.024797568576644280e-02
-4.308083713548495064e-01 -3.919831160626540689e-01
-1.904706503756433689e-01 -5.663162871714396696e-01
3.734096246629110549e-01 4.384287155707686789e-01
5.187155169431872936e-01 -2.258363500580215164e-02
5.628014925743395347e-01 -6.476411909555744584e-02
2.343152063135051366e-01 -3.555204119772539806e-01
3.082007418133946297e-01 1.726439549351664882e-01
2.025691206160931679e-01 2.170476651634000442e-01
-2.482891429253337653e-02 2.485613625129899362e-01
-2.016312458560322596e-01 1.399314461585262348e-01
-3.652572019160422317e-02 -2.677410957317380991e-01
-2.176411864783377725e-01 -1.260824835694228929e-01
