-7.656562034796016158e-01 6.010986618769301737e-01
-6.548464027239561114e-01 5.090800927946466103e-01
-7.486782339801204555e-01 3.423096254977132102e-01
-8.016878086586354257e-01 -3.740150054336557339e-01
-7.160525650846896184e-01 -1.370197912748508107e-01
-6.052290898863332824e-01 -4.202756810335320226e-01
-3.383289464346861952e-01 -6.691850266518235557e-01
-2.218192235694693010e-02 7.503873288907890737e-01
-1.664634990301647188e-01 6.619910915946963792e-01
8.138493881894063309e-01 2.613087671528774303e-01
7.707254677240152896e-01 3.348048900454648202e-01
-4.634480440096105380e-01 1.504114827083576078e-01
4.873959114199526155e-02 -7.142334268121539598e-01
2.766844357556443867e-01 -7.032416258936972087e-01
5.122876930647902727e-01 -5.645471009965835618e-01
-3.663827634169374292e-01 -2.535644105385446712e-01
-1.947915260584789088e-01 -3.140243783110289177e-01
6.358886812230148122e-02 -4.996310887615104113e-01
3.008974488456315211e-01 -4.409753511731187570e-01
6.696498282985682282e-01 -2.192078431146937956e-01
5.793148012801343505e-01 -1.235508127449881505e-01
5.463994252473778346e-01 8.230791352403950267e-02
3.946399767203627174e-01 5.584533167209100313e-01
4.337238952517458723e-01 4.347598306172717475e-01
2.255045058104712327e-02 5.493675436876593876e-01
-2.806349180710375566e-03 3.651742431742689421e-01
1.479122146420617512e-01 1.660347829818616394e-01
1.103393742000215588e-01 -1.332220123356097075e-01
