5.252985184207704661e-01 7.632089297440215470e-01
-9.410837199055543945e-01 -1.845534861241411306e-01
7.920758204325841767e-01 2.038254437337828628e-01
6.459464531856664582e-01 4.757116677065866828e-01
-9.228386887532791238e-01 1.688081952315598211e-01
-7.597118527483178729e-01 5.588254868874608094e-01
-8.300171367041258019e-01 2.853420024541362121e-01
-2.448900160602394682e-01 7.464188020060096296e-01
1.653873212739094545e-02 7.579550475090152117e-01
-5.882977987944488785e-01 5.784225752710292490e-01
-4.297242887361965025e-01 -8.416038388965976225e-01
6.044496464324243812e-01 2.251172396048178037e-01
6.917362213744188137e-01 -4.409820946898430905e-02
6.345608664391170217e-01 -2.299837588270230437e-01
-4.736005412795923908e-01 -6.004154472688381095e-01
-1.115302943309716410e-02 -7.988778466014441193e-01
2.380704297117016907e-02 -7.045849240179151707e-01
-2.684071488072081735e-01 -6.075954737413657991e-01
2.800670329399647107e-01 -5.983125787056482459e-01
4.060400020004459876e-01 -4.419522181542185346e-01
-5.743426373275121177e-01 -3.140844502568045926e-01
-5.467257124174090821e-01 -3.514765761250792098e-01
2.676222442285430825e-01 6.007082413791026143e-01
-4.616138725143698607e-01 4.789368546991212838e-01
2.739353808488295128e-01 4.545448875050445148e-01
-2.143257361646322967e-01 4.320579961862200391e-01
-4.894816561721896941e-01 -1.109407858456348817e-01
-4.109756147329218789e-01 1.980057099434191781e-01
7.252828400737164338e-02 -3.352572769027045707e-01
2.798392891857235942e-01 -1.981165220544563732e-01
8.978409465525391542e-02 2.608726146608989493e-01
-2.048724207020160837e-01 -1.072311634070702985e-02
