-4.191938606898474862e-01 -8.923530271560398131e-01
5.531133145113902722e-02 -9.613242074304171325e-01
9.775923914633233291e-01 8.352189257651702892e-02
8.064016014292968437e-01 5.066068842359680025e-01
6.076137461227902881e-01 6.790821752294442515e-01
4.009335978746472740e-01 8.446267345876742327e-01
6.487651987796341224e-01 -4.489364245804626230e-01
1.085987037667394822e-01 -7.897765189596651636e-01
-7.002088101458975311e-01 5.193659019489100803e-01
-4.803323513076555584e-01 -5.220075495247507025e-01
-6.080376996410857826e-01 5.076251026963005675e-01
-3.392750681251097689e-01 7.567963527137283597e-01
-2.448842261830623257e-01 7.435440769104185721e-01
-1.910338577092795531e-01 6.745935062788338543e-01
1.252564111722657691e-01 6.128583954891738683e-01
-3.797484470903891851e-01 4.198052328543486755e-01
-5.168641188589231383e-01 -3.222097722831736566e-01
-5.039553873236184423e-01 6.801407199105485857e-02
-4.378613869773693712e-01 -4.347707141432757133e-02
5.890932455134567647e-01 2.352285539997185926e-01
6.264108109842064787e-01 -7.374472281227284487e-02
3.216185377571864623e-01 3.553322394198106804e-01
4.851434542600555622e-01 -2.729323965567914123e-01
1.484860757971680385e-02 -5.309489434143815911e-01
1.130192405011289924e-01 -3.959774153039590239e-01
3.367487052330167541e-01 -1.983158416485485132e-01
-4.346437094657045613e-02 -2.483415619505662669e-02
7.589568873637744795e-02 2.039232204170515483e-01
