-8.331810243840541697e-01 -5.049887076803216690e-01
-1.713648720239189793e-01 9.433525191981856350e-01
-8.968393634634808098e-01 5.058389602314365685e-02
-6.174825950294030585e-01 6.848775100332147314e-01
-7.494734115876459102e-01 4.961565637975192122e-01
3.177569725551578350e-01 -8.462932501736534219e-01
6.976536457009000491e-01 -5.998289574600370599e-01
1.376673129227701242e-01 8.755663143785424873e-01
8.481758072760725575e-01 2.558215551587132430e-01
6.052657884883713146e-01 5.501448080876538693e-01
8.211551049574848937e-01 -4.378684453548808281e-02
7.523552613430320446e-02 7.908583976862100240e-01
-6.573764823191201589e-01 3.435249056217956620e-01
-7.189804271491727627e-01 -2.924407770326988357e-02
-6.461063270841069794e-01 -5.927162561025069859e-02
-5.525369654206559178e-02 6.336304486086679066e-01
-3.873580110638085161e-01 3.723493696530514874e-01
5.016757188733524941e-01 3.538490671313443414e-01
2.303523448073311053e-01 4.597607523151167608e-01
-2.186473632245139742e-01 -7.027847433336942284e-01
2.891105146942800075e-01 -6.597575871117872248e-01
5.327934990682733352e-01 -2.615287824977090003e-01
5.204965441511408830e-01 -1.588376555110114219e-01
1.512159254276120302e-01 1.500450677431896807e-01
-2.956196263055752560e-01 -5.676241874734632223e-03
-1.430003229608708681e-01 7.264773744388981769e-02
-1.561789505975103576e-01 -4.475353921079481823e-01
2.293918326898798377e-01 -2.991303793173422654e-01
1.113382001124066240e-01 -4.339411782375142690e-01
-6.148051563225408883e-02 -2.521509646704979679e-01
