7.495324781193567487e-01 5.985994019154924350e-01
1.397226187039438405e-01 7.942717627951541015e-01
7.723905030293803931e-01 -2.923562219918073371e-02
7.740641225273837689e-01 -1.167630075543427404e-01
6.322419714866228668e-01 -4.617376162064365519e-01
3.422572329203341090e-01 -7.440514052781384002e-01
-3.696015665992707366e-01 -8.747500078534502510e-01
-1.865513457986027746e-01 -8.258551514169766294e-01
-7.199281759491170662e-01 5.194745181398235934e-01
-9.557946617435969516e-01 -3.576783778367768202e-02
-9.501774717843214368e-01 1.046784593403776720e-01
1.512616452161939795e-01 5.833373106180544942e-01
3.980175764526165949e-01 4.404228602579029483e-01
4.309735646559785804e-01 3.051970606321952606e-01
-6.262529593742739431e-01 -4.925823097067620338e-01
-7.143896409197471042e-01 -1.319076982259322350e-01
-6.214129078697117059e-01 2.686398636210328150e-01
-4.139593457047688885e-01 -5.079029079595105411e-01
-5.363455959748166801e-01 -2.746664413288561479e-01
2.156062762976493630e-01 -4.511654490611403667e-01
3.553568615808406217e-01 -2.847848008781937446e-01
3.207899593868887567e-01 1.685170575628963316e-02
-4.229927769797786619e-01 3.052451011633416367e-01
-3.514017320014192203e-01 2.958542818273638408e-01
-7.394201665437900514e-03 2.983445126995030172e-01
-2.907606618180174074e-01 -2.910333047414783159e-01
-3.321690140627965582e-02 -1.820768278185427580e-01
-5.263221121817366482e-02 -2.470616092728695687e-02
