-6.455739863438285653e-01 -7.575826217306398380e-01
-9.222927236272517870e-01 -8.137997098404795059e-04
-8.056823871972867979e-01 4.284081427145343124e-01
1.011040166135399460e-01 8.783562393436301630e-01
7.946179872161770463e-01 2.907429799726609643e-01
-4.343327269365714338e-01 5.956295222171291703e-01
-1.111189530636906980e-01 7.216334945827839187e-01
-6.951138839166330907e-01 1.830506960596090804e-01
2.472477336930915537e-01 -8.259805694223258943e-01
7.313173617328827536e-01 -3.003797697466085714e-01
-6.664570756045135047e-01 -2.463123229379522439e-01
-5.129803472930155595e-01 -5.673512259874825547e-01
1.183431721340680171e-01 6.051712494953892518e-01
6.307774663421884531e-01 -2.453944327726439306e-02
4.276079740187376799e-01 3.199814083381776753e-01
4.721158369794947185e-01 -3.671917101022169061e-01
8.619501975616457312e-02 4.592728430741396806e-01
2.225422190175745715e-03 -6.500854309902288630e-01
3.434823850282552327e-01 -2.831224786854306605e-02
9.498998020461290465e-03 2.355724692926784436e-01
1.064091790719809277e-01 -3.395799804270048794e-01
-2.950599691366829203e-01 -3.920747711735617091e-01
-1.932283941279095696e-01 3.903851914009090485e-02
-2.322410672499873319e-01 -2.948848269241654552e-01
-1.319014785543710655e-01 -1.561407273996274769e-01
