-8.116793960793572404e-01 4.480949072937601141e-01
-3.405674043237041926e-01 8.558942261753372804e-01
-7.777813285665090559e-01 -4.845461241181034384e-01
-3.430789719874146604e-01 -8.953067424684644227e-01
1.755818324424142374e-01 -9.756847409230140489e-01
9.729827262665421417e-01 1.038733521146386896e-01
3.915994374009326706e-01 7.761990633285914543e-01
7.471315786000279902e-01 4.849215582647768419e-01
7.595518188354112299e-01 -4.554130404820150857e-01
7.949581957766979068e-01 -1.512823268815125799e-01
7.409724805863687758e-01 -2.914169354881279150e-01
-5.317436627093218293e-01 5.269153404147961517e-01
-2.100614098083039283e-01 6.572503352759380135e-01
4.573229913999374840e-01 5.213919732345222435e-01
5.533291579320154252e-01 2.368617820412591557e-01
-6.805135250013512049e-01 -1.529927230759678125e-01
-4.815092379377251541e-01 -4.943862383272400463e-01
2.541491655575633390e-01 -6.669925584265765650e-01
1.441911771794497366e-01 -6.652036881919041189e-01
-2.194600636896307799e-01 -6.036365792890893145e-01
-4.587464102749440331e-02 -5.563451129338747858e-01
-5.797290868446259848e-01 6.469319681058449678e-02
-3.945849672257078500e-01 3.361133257826477982e-01
2.448578832111926173e-01 -2.419126771586702640e-01
7.240334799067274334e-03 -3.312449973516859436e-01
-3.383000979056134394e-01 3.096338233474131910e-02
-1.732625350496749036e-03 4.874260228022984087e-01
3.351400458169859209e-01 2.396002623683437249e-01
1.284062022734533126e-01 3.585995555755894237e-01
-2.233712010997015301e-02 8.207034897311957233e-02
