9.394841974459777756e-01 2.881825883692367141e-01
6.457663388584506947e-01 7.223879316696897313e-01
3.015156593410571739e-01 8.871807651899441538e-01
-8.332643334494205245e-01 -5.144105359681365730e-01
8.087067603309087138e-01 -3.755303943059725702e-01
5.633249508330790967e-01 6.108310517105223214e-01
7.632414060154909530e-01 -2.100188303025604386e-01
7.395438995815782901e-01 -7.225580458478983448e-02
6.765996454260468917e-01 3.271071692081440330e-01
4.559677910793809019e-01 -4.851494204913373576e-01
-7.202449147131229079e-02 -7.705690090396475345e-01
-5.617084234850845403e-01 -5.372997543100835882e-01
-7.533491657201690783e-01 -2.910963271528023144e-01
-6.807569374917719074e-01 5.900348980928751264e-01
-4.777017474971629318e-01 6.431857102499687340e-01
5.883437529372305130e-01 1.844187685838149793e-01
1.521884495806962445e-01 6.062237312202624073e-01
3.069100352478349447e-01 5.075955980667935519e-01
-2.591961517447827212e-01 5.377884214755335179e-01
-6.804435194399487408e-01 3.109369091088518555e-01
-6.736724570047282201e-01 1.077797000651876530e-01
7.427397478534983333e-02 -6.070521047175216900e-01
-3.055229403485124062e-01 -4.269470218106863335e-01
1.400254223020045707e-01 -4.033718483248577291e-01
-4.903740894219764668e-01 -9.386855346018352364e-02
-3.100758191953214005e-01 2.035700339873551812e-01
-2.879011278008921648e-01 1.100829646297799835e-01
4.097430437799224889e-01 1.611778596455775703e-01
1.959275616986033419e-01 1.466649343916096582e-01
8.874685676370433485e-02 -1.094787180444472680e-01
