-1.066752238997985686e-01 -9.708529805305059490e-01
7.416904004978877030e-01 -6.427195789853923369e-01
1.635490735266363072e-01 -8.801448774043477696e-01
1.587234156778221383e-01 9.729804818820035894e-01
6.971465366972207089e-01 5.958807583695940879e-01
8.051553685619819989e-01 4.300082295078199723e-01
4.351940315560144934e-01 7.544684122332870890e-01
7.799732319266030611e-01 2.267749894072555172e-01
7.534720799694182292e-01 -4.010201975843291633e-01
7.397603188500549987e-01 -1.240606767648394643e-01
5.991923088161180688e-01 -4.182594261910932976e-01
-6.737159763189372319e-02 8.346326869740020582e-01
-2.643885740215078384e-01 7.845714315743372858e-01
5.234863685780725140e-01 1.075928340159551105e-01
-5.159595356778913233e-01 6.139604557305293753e-01
7.781505040969399767e-02 6.197642036826582768e-01
-6.878632263867597851e-01 3.670906762233789311e-01
-8.715742212699049141e-01 -2.289838764543959682e-02
3.081410129600355430e-01 3.286113329660839133e-01
-5.753520959823266168e-01 -5.028238710464337791e-01
-7.479132325146048421e-01 -2.168352387302912576e-01
-6.781056421278680579e-01 -2.677114151966051778e-02
1.882816009201534746e-01 -4.259062329904399480e-01
-5.786783210292247709e-02 -5.258624286547484150e-01
-5.735299811397408520e-01 -2.665630413708639512e-01
-4.073546352237166768e-01 -3.781735360516693678e-01
-4.498383828612224633e-01 1.846892546334248653e-01
-2.174082216746824336e-01 3.336102676341368700e-01
1.108202644669926823e-01 1.853131585307915274e-01
-2.924757773594408375e-02 2.334730589777422316e-01
-2.437666752889029453e-01 -1.415281163683728971e-01
2.721212632613493471e-02 -2.599742662044198793e-01
