8.590985754877694669e-01 4.432857245925823642e-01
5.067029407999521506e-01 7.579859082918810609e-01
-2.736149793829013022e-01 8.090770133327256364e-01
4.395937531924945518e-02 8.364651326005865251e-01
1.855586955857981835e-01 7.885212870463330637e-01
9.289405382997685257e-01 1.393857667856558957e-01
6.795029641350438521e-01 5.001150565887905186e-01
-5.909075170038512459e-01 6.342260423612098297e-01
8.721840040160461216e-01 -3.772753461357045146e-01
-5.965436520983220525e-01 5.463588417920530738e-01
-9.246365720941894795e-01 8.932356117674909723e-02
-2.639421798467402880e-01 -9.590397850346916719e-01
-8.641726904175385249e-01 -3.940727738912884193e-01
-7.309746492598694356e-01 -5.838383617420235261e-01
3.066262370889321631e-01 -9.082019002597178092e-01
2.702548802760184610e-01 5.289708796816665615e-01
5.772761177090323104e-01 -6.915089391687047060e-01
6.606238765570703331e-01 -4.459299547836308442e-01
6.115185483471300421e-01 1.932284064119631217e-01
4.169296757655247543e-01 -6.425295137097005727e-01
-3.945205621907391658e-01 -7.692695731885732524e-01
-7.933191198765885410e-01 6.356152049985422381e-02
-4.155200333777855359e-01 3.869787590593818938e-01
-1.500837231350763967e-01 -6.841122603233393829e-01
1.109395113730503729e-01 -6.389652597891221086e-01
-6.306004065973319639e-01 -1.429761104583716913e-01
-4.211563231041713928e-01 -3.654885846064255817e-01
-5.039954935348268661e-01 -1.001602687363401106e-01
-6.725337697418633243e-02 -4.069092387530238719e-01
-2.832804692132848690e-01 7.993365500955039449e-02
-3.919443210029752156e-02 1.384617825706955796e-01
4.526777500204400839e-01 1.845341390179798318e-03
3.905030355023578204e-01 -8.913332201844587077e-02
1.509374004438505945e-01 -1.022778212391232677e-01
