4.549756345814556791e-01 7.691882815796958761e-01
7.814109998081817388e-01 -6.101978706024977495e-01
8.633423286795209872e-01 -1.876757632351630511e-01
6.305765452172192864e-01 -6.546913435885727273e-01
7.958756488996411305e-01 1.130223694951005692e-01
6.717405534764582242e-01 4.171519571363459522e-01
-1.061103420859035862e-01 8.072166854982092410e-01
-9.194535111986501530e-01 7.619861506300104614e-02
-8.178516534008534178e-01 2.360098034529617417e-01
-7.725807483773092788e-01 -2.888447016537962209e-01
-7.404712320485712373e-01 -3.983289794128882511e-01
-2.364689795572063324e-01 6.279576400223692012e-01
4.731591611585014845e-01 3.711000202012330607e-01
1.717485539868214561e-01 4.873163462744528607e-01
-6.282785830818408135e-01 -9.264484196498315449e-02
-3.001256936442746603e-01 4.593954322767558329e-01
-1.961003653348894482e-01 4.291607709821524952e-01
-3.775630010706866324e-01 1.869814132513256677e-01
-4.516145496993118069e-01 -6.552857163681518049e-01
2.953600824735332919e-01 -7.011201502121949813e-01
-9.620487682707336285e-02 -7.559745279178639032e-01
3.833025599064147221e-02 -6.911824055420038304e-01
-3.024031062107348511e-01 -5.974284548398477446e-01
-3.654527759005002929e-01 -3.387985738599391672e-01
5.538539218330490455e-01 -2.853028943443934318e-01
3.483084006100234387e-01 2.046213774261363139e-01
4.355887049911608688e-01 -1.039565829919668477e-01
2.693127689605893105e-01 -3.486912747962787607e-01
-5.087945355163895483e-02 -1.776427166544975733e-01
3.316500555026682950e-02 -1.019922095223461389e-01
