8.599903912977197029e-01 4.693470177858796721e-01
7.684582878106193116e-01 5.457922580544459779e-01
8.770727283732614454e-01 -3.732403792677214116e-01
7.285544382062338065e-02 9.025627068238116779e-01
-3.138359382058239500e-01 -9.460275251851369971e-01
3.905891912218300011e-01 -8.006037543096776732e-01
7.272797331415279398e-01 1.124276479767220144e-02
1.687854738142130842e-02 6.975677139439039331e-01
4.815820474070616752e-01 -4.819023834379782545e-01
4.821761991800532776e-01 2.957643777434441068e-01
5.938018079505715807e-01 9.738771571029602309e-03
-5.059466417122250315e-01 5.984461759850561169e-01
-2.409445180794612951e-01 6.100253889845665967e-01
-8.096156315642845103e-01 1.509663315657684968e-01
-4.957403303390994775e-01 -7.233347364913231825e-01
1.250239832758508751e-01 -6.774624855628402775e-01
4.243542646881195979e-01 1.055363508653723026e-01
4.549674626136673838e-02 4.300446849739338884e-01
-4.677205343241629953e-01 3.690936049242709571e-01
-6.957882783207991473e-01 -2.293071520486896775e-01
-5.482269815081241005e-01 -4.799724690365347324e-01
-5.146060600452291300e-01 1.321736704247633287e-01
-4.495986277616859650e-01 -3.268194674328201987e-01
-4.662119381251503270e-02 2.027636773236565493e-01
2.204920971745431488e-02 -4.807941870062087397e-01
-1.517618933999278497e-01 -3.720578277434044012e-01
1.706720282395173260e-01 -2.533997989559670927e-01
-1.575588584353853350e-01 7.850908762932954851e-03
-8.121338469786122671e-02 -1.803076589214423486e-01
