6.018713768847734347e-01 7.354542507798661477e-01
2.302032463244068350e-01 8.573818283123382233e-01
1.917556849949524911e-01 7.988715221296656122e-01
-7.671612982100491085e-02 7.182177128298066204e-01
-3.364539188922428536e-01 6.593448022180131707e-01
-6.931997587193651222e-01 2.633440240591896631e-01
-8.733448969918808924e-01 8.630795163755701493e-02
-8.720087936041951426e-01 -2.618275689090781080e-02
-8.109285632112658293e-01 -1.175703313352230023e-01
-2.132151777346870947e-01 -9.043218588892901755e-01
4.774623835904108771e-01 -7.582512430856168661e-01
6.866806383575992934e-01 2.171413919094989931e-01
7.890019832859731519e-01 -2.852366312736683285e-01
-7.088088122622229759e-02 -8.219404682810396157e-01
-5.502781732731977238e-01 -4.590877406623632417e-01
2.942309527597527508e-01 3.768050825314474550e-01
-4.201761539585272542e-01 -5.024470855875308173e-01
-2.070397580083038480e-01 1.673580416754427702e-01
-4.419385009033197642e-01 -1.626277274106735504e-01
-3.472178517788488961e-01 -2.771130295666564547e-01
8.189010549324740595e-02 -6.106054614529746738e-01
9.429461037439564042e-02 -5.336817126961189706e-01
5.684868912252220019e-01 -3.017893875658643754e-01
3.031651539073449420e-01 -4.076094301266968145e-01
4.853448550934268413e-01 -4.771977699337606044e-02
7.794083363162583600e-02 6.072356719854664353e-02
2.829475162157680801e-01 4.944040968236032563e-02
