9.986217474980409181e-02 -9.692836373698519026e-01
9.614959566335344876e-01 -2.269654888253933717e-02
3.346953461692359078e-01 -7.559456892194976740e-01
8.231426971474933296e-01 -1.385308234823613704e-01
7.079046891770753858e-01 -3.674722095030645841e-01
7.589158534741156092e-01 4.158071483064487150e-01
-7.489099108450034681e-01 6.564849341293249596e-01
2.262166645080196103e-01 8.123754886659534380e-01
-1.471927537246467965e-01 8.372862597005509278e-01
5.035408663642316762e-01 5.483279830626098805e-01
-9.737776332244894029e-01 -2.074989110801831599e-02
-8.215454687000562917e-01 3.566577485776509793e-01
2.109517245225391580e-01 6.756471030295475577e-01
5.692060339431497251e-01 -2.200304765698698206e-01
5.183517205979090159e-01 1.159920961820301577e-01
4.298810152958403297e-01 -3.781232804928698066e-01
-1.453823543755897174e-01 -6.248170519778526444e-01
-4.678775354775663309e-01 -5.159628819418697887e-01
-6.059458886300208569e-01 -4.131281416083907865e-01
-6.903634071972435393e-01 8.835079359935174570e-03
-5.058911749761710874e-01 -2.622489425246239403e-01
-4.596053660741405422e-01 7.416472173651771083e-02
-2.723280260268031716e-01 4.724889019444649119e-01
-3.201357855627550153e-01 3.607085319880851682e-01
2.580460483306494246e-01 -1.793630298023640990e-01
-3.628744614950497882e-02 -2.150192038680930062e-01
-1.512416636182216112e-01 -1.729209259147158617e-01
-8.804141413110200265e-02 2.292686449135996618e-01
1.501953952632234524e-01 1.176024990980569368e-01
