4.028543598234561318e-01 9.031537990423285089e-01
8.363603833702724089e-01 5.188829640442325086e-01
8.694975068262802420e-01 3.258458084247866093e-01
-2.770429155459441795e-01 -9.127569308207729160e-01
-5.833785878888672061e-01 -7.781474396628551560e-01
-8.679661033402730208e-01 -3.961063161058192561e-01
-9.215307507637967577e-01 3.091362481877609619e-02
8.222390168079046768e-01 1.469921970446789183e-01
8.046995027923764532e-01 -2.328426469798312304e-01
2.978184272340647087e-01 -7.986746764218636274e-01
-6.210450841985412085e-01 4.106886942510707961e-01
-4.338828177873272351e-01 -5.343162299510185731e-01
-5.908982655281546092e-01 -2.587073197145294268e-01
-6.964364269364691218e-01 4.597456590967635010e-02
-5.927303516979701703e-01 7.737397987205606176e-02
4.212839700423674505e-01 6.179253690681983935e-01
-3.561783780460749393e-01 5.302124209925733744e-01
1.990884668556074377e-01 6.249734323160126559e-01
-1.819079983601756545e-01 4.727630472195823996e-01
5.733000217271005949e-01 -4.765386041043722098e-01
-1.672457177024102015e-01 -5.425669384713380783e-01
3.145221191888236123e-01 -5.438781881516694394e-01
-2.292964245709914473e-01 2.715180343063891208e-02
5.621588653659756463e-02 2.704850328305338225e-01
1.852982187617853160e-01 2.767680960183829253e-01
4.486484126013398077e-01 -1.182778228561773837e-01
3.202713259694000558e-01 -6.764680353603381947e-04
1.218997395932482075e-02 -3.571556288552414360e-01
9.344073644901987330e-02 -2.587379233689324209e-01
