-5.033321103851575579e-02 9.901297972140788994e-01
-4.214252069740745399e-01 7.801923377439498042e-01
1.753568735144401813e-01 8.845452565536100487e-01
5.676715681195259045e-01 7.704749728627034999e-01
6.526072172319700160e-01 6.815569693477495639e-01
9.564172212593129441e-01 1.184812964285296248e-02
-7.502995355851476145e-01 4.578885393535114812e-01
-8.089528684536113623e-01 2.632244463803214973e-01
-8.192889972843068191e-01 -1.775111157467324507e-01
-7.782042896342835636e-01 -3.240695810344879635e-01
-6.349311714102009452e-01 3.122417323261654776e-01
9.209966499049138111e-02 -8.448002038775765943e-01
7.253632318562307502e-01 2.267175393371766712e-01
7.039681188272099988e-01 -2.032355633860127020e-01
5.153956355193839434e-01 3.642946080317118751e-01
-3.094694145581453615e-01 -6.247473896514957881e-01
-3.720306792741234214e-01 -4.953700372077293190e-01
5.450659921202819502e-01 5.295059659849464528e-02
4.601379013415907160e-01 -1.737507828289164280e-01
2.758327417243906510e-01 -5.182424186707826896e-01
-1.437281061672668059e-01 -4.844995985661308957e-01
-4.469317777603211694e-01 -1.435085888273567867e-01
-1.123285514165106753e-02 4.141793056991902033e-01
-1.029940625225471244e-02 3.358674177894913071e-01
1.512481253475276843e-01 2.444036228400432997e-01
7.934637476726645600e-02 -3.556368422032161192e-01
1.266899468625135861e-01 -2.110775319551933538e-01
-2.564258495436218532e-01 8.009630346338392215e-02
-1.420698761527490750e-01 2.014178531101128850e-02
