8.985780989060693225e-01 1.853668798304196064e-01
6.222700274374411977e-01 5.890251483232823437e-01
7.746863317889634004e-01 3.168125470714016068e-01
-4.469116312126602542e-01 -8.492771297337605718e-01
6.026461662160123578e-02 -8.498081381975066684e-01
5.410775451041727191e-01 -6.218175705294751721e-01
-1.942809808264889526e-01 -8.010261954756797698e-01
4.816332452849143020e-01 -5.358759154165692040e-01
-2.330300005930605600e-01 8.112100638846371226e-01
-5.521100525602409270e-01 6.616793855133260571e-01
-8.155225856577084098e-01 2.564257930914082828e-01
-7.984164194126042169e-01 -2.933168247611315227e-01
3.549677832506459851e-01 5.820374438531157324e-01
5.892572704287771801e-01 -2.357576881010701661e-02
4.272282666286172370e-01 2.758563703928057498e-01
8.122651517977332036e-02 5.872325043870703087e-01
-6.390504424414455986e-01 -3.319602338707597355e-01
-3.339264492387549743e-01 -4.899170919080993447e-01
-5.982704353633822025e-01 -2.159500283700611090e-01
-5.466309110317810749e-01 -1.858094134971836897e-02
-4.018112985119131619e-01 3.502609477483920597e-01
-1.893507105407968016e-01 4.880244826811753200e-01
2.202723360855065871e-01 -3.834179143220474706e-01
3.034520939514271376e-01 -1.274788604114298618e-01
1.797190527469407773e-01 -1.775701837999586752e-01
-2.441033523132012106e-02 2.878076080206044551e-01
-1.264393171951026795e-01 1.558722163780223713e-01
-2.040188397609759563e-01 -8.539200087454622279e-02
-2.495745402324230922e-01 7.079471057535892224e-03
