-2.714195554209843930e-01 9.271043886963056257e-01
7.549346040258946289e-01 6.500193538166286755e-01
-7.232294098347623601e-01 4.942388996962958636e-01
4.356925251313080727e-01 7.220203167694498880e-01
8.972813158163265301e-01 -2.981546956568197904e-01
8.972972967959436108e-01 -3.022652436925923891e-02
7.963026309265747171e-01 1.474238175091673875e-01
6.331924749288985188e-01 -7.358154684080735475e-01
-3.422632118928055633e-01 -8.358304218645205008e-01
5.459362754273625745e-02 -9.259140944228174686e-01
3.942739450513058630e-01 -8.296590300588372324e-01
2.388950694327411917e-01 6.609571179415080211e-01
-5.561770225609719009e-01 -5.921742977205577407e-01
-6.635141616947761722e-01 -3.732562366291326539e-01
6.411913780983555800e-01 -2.066721470505554145e-02
-6.400549395370036532e-01 1.864192118300458667e-01
1.339256957194863984e-01 4.534798636337579181e-01
-4.216842627727688808e-01 3.280414582934895740e-01
-5.267905588616387247e-01 1.170342852432657843e-01
-5.972249076356296593e-02 3.530220360830390036e-01
-3.565334498712790512e-01 -2.448987376168129393e-01
-9.920145417509590446e-02 1.251402269703815462e-01
-2.612684029068201297e-01 -4.828080589011272267e-02
-1.192225497947493607e-01 -5.006577579141475720e-01
2.619162193162148378e-01 -6.227417503177444802e-01
3.801664350718982344e-01 -3.154251260995418610e-02
3.227659562347485189e-01 -3.135764510362766821e-01
2.006799213861473197e-01 -4.732670700170841793e-01
7.778926229898333600e-02 -2.054309657696570535e-01
