5.117589390993929621e-01 -8.506042038643321090e-01
7.379430595239109270e-01 4.912678608709327155e-01
7.686400946374599696e-01 -3.196180548985976255e-01
8.294789209481839842e-01 -1.247274628585207795e-01
-2.947016701109940739e-01 -8.616985896439260939e-01
-7.485195561264044173e-01 -5.053337429987110330e-01
-9.129185209215997521e-01 -2.994310299397678551e-02
-3.540695823025289957e-01 -7.315074894824241669e-01
4.698318127523838372e-01 -4.756395123745853493e-01
2.396607482740639450e-01 -6.451842415965527433e-01
9.707164971044072999e-02 -6.771858051120245303e-01
6.877742022813320144e-01 8.725454195936800748e-04
-1.343354552089418563e-01 7.624283693808243667e-01
5.472273146436602564e-01 8.615227054473588442e-02
4.429866680719500849e-01 4.624328856477751826e-01
1.312791087318674332e-01 6.650251087473860734e-01
-4.088701729177834920e-01 5.414132392590327303e-01
-7.579880101858861297e-01 9.502184588712246638e-02
6.871093120935932441e-02 -5.077562176521498438e-01
-3.775004109459167978e-01 -4.277830401307188279e-01
-2.732305614764159521e-02 -3.293632687313773344e-01
2.886565228069499223e-01 1.403918483298147168e-01
1.914499125581733407e-01 2.930872248227845978e-01
-6.189048116389096466e-01 1.326135583155325579e-02
-5.233244080924367436e-01 1.276573601619649112e-01
-1.959675198321733924e-01 3.602334545674028554e-01
-9.123466997274785883e-02 2.926278914825301003e-01
-3.725683034283427397e-01 4.322975495185506223e-02
-1.378979533103743549e-01 -3.404163112651759082e-02
