-9.534649239402360754e-01 -2.795415103690090386e-01
-6.772724776722490736e-01 -7.080604070157832108e-01
-9.155644560469292648e-01 3.953612597273746254e-01
-4.092896731242549602e-01 -8.752758494952571633e-01
-6.084585088698302169e-01 6.998103600787627387e-01
-1.075565014662304003e-01 -8.745915602821047186e-01
5.626726144884138803e-01 -7.435643572449699423e-01
1.716162092118946048e-01 -7.935035783391557462e-01
-6.334721087946886264e-01 4.622100039999563759e-01
2.107816628478271018e-02 8.660892120067215094e-01
5.125201012989070160e-01 7.454178584376986993e-01
-3.554805776756974622e-01 6.325644203114683117e-01
4.574383648594850804e-01 6.622616734748411060e-01
-5.750528937242078698e-01 -2.776098714323430028e-01
2.285882236681466007e-01 6.470240793674747470e-01
-3.481132396012219243e-01 -4.940179833870477211e-01
6.590344392141630481e-01 3.052617738211988452e-01
6.975392904526817039e-01 -2.133734411296109024e-01
3.626545624834471848e-01 -5.295197274623808514e-01
6.188578910979420922e-01 1.601431956761217856e-01
5.342508711998883442e-01 6.894768450971638929e-02
4.342210705557856820e-01 -3.597185384738236791e-01
3.805125351965308322e-01 -2.452253209234062648e-01
-1.044611509176168462e-01 -4.318525161846533122e-01
-5.673411066450100293e-01 1.156869053526492774e-01
-6.158234644345645520e-02 5.159033882860875053e-01
1.073532016391316596e-01 3.672106345346463629e-01
-3.330854007476765632e-01 2.478913463021527597e-01
-3.342178838945621400e-01 -6.454667934652985606e-02
8.903139296161384497e-02 6.833084408202569349e-02
-1.048088647750936853e-01 -1.278073846390097024e-01
