-7.966979237471151221e-01 5.638580051088784018e-01
-4.705579896676463925e-01 7.769767642876664882e-01
1.789034081469768542e-02 9.059531227680392984e-01
3.427708388050536015e-01 8.052467615697775916e-01
9.712129137978513516e-01 2.030314271607759069e-01
-7.809003278525911140e-01 3.529303063470638491e-01
-8.626615001055183418e-01 9.589083887016984498e-02
-8.287154711482928038e-01 -4.652339475829626037e-01
8.283387163553139754e-01 -4.563885970579738549e-01
-2.438959755959569653e-01 -9.544761286863552296e-01
-4.904364201531518641e-01 -7.719585175562014845e-01
7.231865449531986734e-01 2.929523088279527565e-01
7.539180996006191737e-01 -1.755707694059672336e-02
3.572963215300227757e-01 5.352812611321186020e-01
-1.523678999259928113e-02 5.044381273688824940e-01
-5.306244871950758224e-01 2.257221821615654211e-01
-5.147044358584698109e-01 1.000991185029793257e-01
-2.395405654663996520e-01 -7.459493523446032448e-01
-4.183914894318588873e-01 -4.006456375795004465e-01
6.410286873004260588e-01 -2.963674353605543210e-01
3.032759359888971828e-01 -6.448720926826138067e-01
4.155930506915728184e-01 -5.286010602217569021e-01
-1.538135374545940848e-01 3.195601746316166780e-01
3.964614307054024067e-01 1.913722603505004782e-01
3.435028917292796691e-01 -3.472782251422270039e-01
-4.111705467584203348e-03 -5.169911876687283137e-01
-1.300977862460793617e-02 -3.626153296826869488e-01
1.781493687674300386e-01 1.223255935259716376e-01
4.635576849187750259e-03 -4.175203299614094199e-02
