5.922316132414005008e-01 7.981097984251679378e-01
4.490934018628563867e-02 9.596545536551182032e-01
3.289898805407305282e-01 8.516644583711290295e-01
4.866342985585389580e-01 -8.347529566843010507e-01
-5.178406080228800112e-01 7.982858688041059025e-01
-7.134264540085172301e-01 6.200846666358129644e-01
7.816406907093372824e-01 3.560462471310740784e-01
7.402684714313859660e-01 -4.854461747343725708e-01
4.685122951691009785e-01 5.307822180528363187e-01
7.274329679373509050e-01 1.242255658211647990e-01
5.899669836663146150e-01 -5.135216296453000151e-01
3.419700297620428125e-02 -8.877539716531200886e-01
5.687258207258529819e-01 -1.581508427516460993e-02
5.457632255406740240e-01 -2.778762046720248402e-01
3.955641861983499874e-02 -7.211192476362368042e-01
-2.317266562200300251e-01 -7.798891232160580778e-01
-7.250067215682473032e-01 -4.980501795247093688e-01
-7.920475663507909880e-01 -2.909885319275457016e-01
-6.905307575085639638e-01 4.479852041899277104e-01
-8.484124825419532279e-01 1.143483049951121988e-01
-7.646735815831593452e-01 2.732591139311111791e-02
-1.994162310567512697e-01 -6.174147154154077111e-01
-3.773612227698798782e-01 -4.819050016908287271e-01
2.527444259181442221e-01 -2.951238321651687979e-01
-5.520085901120592720e-01 3.004727189937691501e-01
-1.143952686826458787e-01 5.842763802652215510e-01
-2.131240647687357090e-02 3.955840406734124626e-01
8.454776218521620201e-02 3.183993375243012736e-01
1.530502548154669684e-01 7.291069357198977363e-02
-1.470065634128198406e-01 -2.810293562654847532e-01
-3.425898004407109121e-01 -5.858452422068668314e-02
-2.983152379827795353e-01 1.081973052592785228e-01
