2.005405164442670973e-01 9.633928929081251313e-01
-1.890192500342568749e-01 9.089101596758170087e-01
-8.893884516893092451e-01 1.425614976263858413e-01
-9.150493754758559639e-01 -3.083721331426974577e-01
-8.022732670463176285e-01 -3.761808277221349583e-01
9.695212023113880528e-01 2.560561687063368091e-02
-5.942250381302116580e-01 4.883309508486085027e-01
5.678101238414590135e-01 5.810875130345360962e-01
-2.273628382692000072e-01 -8.168951612031672971e-01
7.855032245006643432e-01 -4.948393082761637918e-01
7.145464863986359383e-01 2.900807246007607865e-01
7.920538682943469855e-01 -2.242773864690580099e-01
-7.440054774549637040e-02 -7.708006002028567893e-01
3.495511451047302320e-01 -6.822257688825638100e-01
5.951902316513081326e-01 -4.197122663378661800e-01
-2.389156347941788494e-01 6.621382608188567387e-01
-5.888411780399269713e-01 -2.642685363811154153e-01
-5.733367878991589839e-01 2.277774384482132153e-01
-5.857884580879633984e-02 5.703553916381912670e-01
5.347092834069766543e-02 5.307136342612154278e-01
2.862751177421651860e-01 4.271013031878928556e-01
4.770786602546791544e-01 1.985099884854759911e-01
-3.797466089534758393e-01 2.533297772061306463e-01
-4.243767070574922529e-01 -2.347579410454905466e-02
-2.064845664029739958e-01 1.370199837015337596e-01
1.936531483830096212e-01 -5.317768872051790163e-01
1.000600089811682081e-01 1.140239075726500045e-01
4.221085864952694444e-01 -1.922845983049265572e-01
2.948427147745912302e-01 -2.441026681481472949e-01
-2.044838032051095322e-01 -2.655739966530574758e-01
-4.752678586855508397e-02 -3.383678548909569983e-01
