-9.791576118646240223e-01 8.321821029740862630e-02
-6.317237085806020058e-01 -7.448283253938431381e-01
7.723721281256454851e-01 6.096957344591903416e-01
5.309124108460542280e-01 8.287950561377070979e-01
-7.115746018944214546e-01 -4.632049879334597664e-01
-5.078245113555287897e-03 -9.117597021456885775e-01
4.064058918263784292e-01 -7.935076696625830150e-01
8.177916714433284273e-01 -3.549060476095245442e-01
-7.489101106966394861e-02 -8.206051579572734012e-01
2.549213955349608485e-01 -6.994171050673269052e-01
-2.474599565823609459e-01 -6.635637700266630024e-01
8.865200166025069550e-02 9.908689710746424462e-01
7.672221704204282844e-01 2.354469784192211035e-01
6.744708753185013617e-01 -2.465202570443486840e-01
-3.543308166751102384e-01 -4.743638983515691687e-01
1.789234544798830873e-01 -4.143335816483488809e-01
4.739162552186237387e-01 -2.633133198333247327e-01
6.179101173364393018e-01 1.150998103876474041e-02
5.729330812057120692e-01 4.018139357888650953e-01
-3.995593343877607007e-01 8.040341131255651641e-01
-1.075107727619093317e-01 8.587644659042131812e-01
-3.741416134927229020e-01 -2.899745597555344889e-01
-6.974561034282913408e-01 3.826670127439927294e-01
-5.907108101892113439e-01 4.139199741430094059e-01
-5.154677960621921740e-01 2.015838182702454559e-02
1.129183730892626969e-01 7.164561034241092585e-01
-3.609793894248472523e-01 4.611470789797161851e-01
-3.122704291800451060e-01 1.455992960896102528e-01
1.241869858370828472e-01 -9.799676390752160016e-03
2.426767648742773342e-01 1.711234492024195641e-01
-3.068547444996018794e-02 2.492244552630786814e-01
-6.027797770798216936e-02 5.633476427543232523e-01
