-8.771819908138460686e-01 -3.334674492537678114e-01
-9.191421225294860164e-01 2.120577630842194194e-01
9.083941338096523932e-01 -3.475450655732938432e-01
1.367974392504010817e-01 -8.899430424277481322e-01
6.952784378697418610e-01 -5.318908704346110294e-01
5.386969978858050512e-01 8.304002423162830659e-01
8.533904434225896285e-01 4.097760118097947823e-01
-4.816922995311485600e-01 7.690429817347028685e-01
-7.292449880126006256e-01 -1.185607447885112520e-01
-1.686388745638906783e-01 -6.857937354689664922e-01
-5.230624619652355367e-01 -3.757611281320089591e-01
-1.878509860851148017e-01 8.197370189961659115e-01
-5.953823054497446865e-01 2.141443197813326649e-01
3.420137399792606003e-01 -4.942815983830895488e-01
5.243871624466163173e-01 5.901719168281587269e-01
-8.984661970905148676e-02 6.316171513917017144e-01
2.216743680639634007e-01 6.028161414808429486e-01
6.149312219043592265e-01 -2.574057239089230439e-02
-2.383147161559744098e-01 4.596216868306474135e-01
4.820851001023724325e-01 2.681345154984991486e-01
2.893966998743806585e-01 3.728674725255720079e-01
3.018694145845109977e-01 -2.140733861889569378e-01
-2.277732503524355911e-02 -4.223710807171445203e-01
1.982365682424512554e-02 -1.889632453291315295e-01
-2.012722075814652456e-01 -8.450858957982324005e-02
-1.337967832373614385e-01 1.392623883865020673e-01
8.125834468988629711e-02 7.471913554803243096e-02
