-8.973563230329598683e-01 -2.796348252832501768e-01
-8.671825251123148615e-01 -1.255312620971178739e-01
-5.117240409057786099e-01 7.676026724166494786e-01
1.742985720907810343e-01 9.825793002688554267e-01
1.284141954153359966e-01 9.375994070550737192e-01
-2.139698214539293986e-01 8.505639315665317612e-01
5.358834625773556404e-01 6.906622247750656696e-01
9.678998262459487245e-01 8.743613470929784137e-02
-4.559391667463248976e-01 5.798985379893564218e-01
-6.371230570421591854e-02 -8.929566769004098070e-01
-5.446329939733315362e-01 -4.716347084084467900e-01
-1.287269770378232647e-01 -7.660922235047709083e-01
-6.033571320881162547e-01 9.908667492160803947e-02
3.030519016077824479e-01 6.032719467934091195e-01
8.126885094169961077e-01 7.510024083073134349e-02
5.656452784844379078e-01 -6.408270216310840706e-01
5.215737574827862266e-01 -5.741493192537219237e-01
6.902826525095868693e-01 -2.890521567640678691e-01
-3.760891576831396632e-01 -3.310367776842833010e-01
-3.586537579845741064e-01 2.223181924505470419e-01
-1.131622559922656202e-01 4.268117462794736028e-01
2.406332440351552082e-01 -5.252989032474255637e-01
4.382318371947926949e-01 3.158832973287629131e-01
5.234652227865999041e-01 -1.421131524129805035e-01
2.446390779742983190e-01 2.738401328123458156e-01
2.788242999707181702e-01 -2.568128060187057637e-01
-4.053522927463373837e-02 -3.271203458508591955e-01
-9.934069062809189332e-02 5.637390685111104936e-03
-5.316797951671165673e-02 -6.494926363513852090e-04
