-8.916434731936141445e-01 -5.496981059550181542e-02
-8.139799223067050171e-01 4.109575254031251901e-01
1.898001879147689086e-01 9.344904629577841515e-01
8.591351217161684595e-01 -3.661774568339504210e-01
6.931161857251298963e-01 6.324816531454060531e-01
8.690386679775005119e-01 1.995101501909834485e-01
6.065262832450554198e-01 -5.458742585150784254e-01
7.040268892844866455e-01 -2.137168649636238815e-01
2.548026643769918942e-01 -7.599564262567937156e-01
2.455490058720030677e-01 -6.815216318710415333e-01
-6.825901149154267600e-02 -7.312077084200806487e-01
-4.250781645755895011e-01 6.382805141903701296e-01
2.628696367444719462e-01 6.855098210941941161e-01
4.963423647781211451e-02 6.504038469953973278e-01
-2.437251842946155100e-01 5.372695079536240481e-01
-5.333970064209767603e-01 2.554185729485220491e-01
-3.694388542440806278e-01 3.336620289846697340e-01
-4.806601179912816657e-01 -1.016326296385057920e-01
-9.304893192453887740e-02 -5.433316914567173361e-01
-3.206941117239560657e-01 -3.584177969266137964e-01
6.298088863814883531e-01 2.510638136248797281e-01
4.544278054074723516e-01 1.132319795757722319e-01
3.090482890949743378e-01 3.668917347658113282e-01
2.569528088822724543e-01 -2.657909990567263181e-01
-6.075921696989331627e-02 -2.287432194224290616e-01
-2.172892610501310218e-01 1.214864692260075874e-01
8.235870519029045433e-02 1.897157075865905096e-01
-1.783351806300357764e-02 -1.392931032791853247e-03
