-9.917906733069166147e-01 -1.133077498799240634e-01
-5.601515917843894465e-01 -7.832985115599091497e-01
-7.004590972122809456e-01 -5.426147960177174490e-01
1.047189620703316421e-01 -9.867318430294675924e-01
-1.299367068639484257e-01 -9.054960291092114533e-01
-6.112402712342034361e-01 5.936709882910764513e-01
-3.729693851257153692e-01 7.399116215462547830e-01
-5.552234193479964330e-02 8.798061243255393959e-01
9.730165388013932437e-02 8.174966505269127826e-01
7.577522578997590852e-01 -5.548157964079512006e-01
-7.583387548870115236e-01 1.061390074418504803e-01
-6.487322576121342665e-01 -2.800858278344957597e-01
-1.097343291093019479e-01 -6.911567041664644639e-01
4.830418902540754011e-01 -6.441731671421080385e-01
8.718955905995853239e-01 -3.513003855998726721e-02
3.395624234586075985e-01 -5.772850170823453642e-01
7.776266616379033936e-01 1.063039461257994645e-01
6.366792974340272915e-01 2.673098659882141570e-01
-5.495013169515289286e-01 -1.953120699071231661e-02
-2.377302205961382142e-01 4.723914020539363712e-01
-1.837977443630743335e-01 4.222668398735992534e-01
4.348152017720972595e-01 3.624724458257881921e-01
1.725201543721629482e-01 3.963796430208563759e-01
3.907652601344811516e-01 2.010392912637257445e-01
-3.857517728035255722e-01 8.448040602090303719e-02
1.372782751234035703e-01 -3.213900965760297934e-01
2.920352344308974057e-01 -9.343965328782496971e-02
7.742010640962505852e-02 -5.436052171595089078e-02
-2.251149461252701933e-01 -2.006072669320301538e-01
-1.803276411492310549e-01 -1.092538211436299006e-01
