-1.097285583619149463e-01 -9.843031554133547800e-01
3.588468054939535912e-01 8.941981987766672857e-01
4.486131584661312566e-01 8.195362825813534702e-01
-3.180741170393980299e-01 9.090885821438610126e-01
-5.469305534949149283e-01 8.011982444987543195e-01
-5.766556313216091023e-02 8.689680442201922483e-01
-8.382374239795352677e-01 3.689197156309134695e-01
-6.989838817669948856e-01 5.110553637385879533e-01
-7.897283045727517825e-01 -3.443528840469698427e-01
-7.884333055776534538e-01 -7.096035324681722323e-02
-7.023246636512007202e-01 2.679371164715446674e-01
-7.274055856058107006e-01 1.206942088338413960e-01
9.053060564250162701e-01 3.119274519379185498e-03
5.803182632808600028e-01 -6.394174275277073605e-01
4.350960927504007869e-01 -7.161351469555835569e-01
7.657671428211464404e-01 -3.535229004080084891e-01
-6.257210150448478947e-01 -3.449772320594186592e-01
-2.067075640656640956e-01 -6.818265593516109613e-01
-3.585933245089029109e-01 -4.907701328747627878e-01
1.132662342284310036e-01 -6.514312559565557104e-01
3.311571183764962234e-02 -6.202175012309526503e-01
6.381394747192109529e-01 -2.414033222771520548e-01
7.279046995251591268e-01 7.646526401698547533e-03
-3.426548693276980084e-01 5.555893428524132371e-01
-1.370510152038289520e-01 5.814699405917651553e-01
4.462376782529589025e-01 4.372397083382903449e-01
3.068676861596872363e-01 4.961916399439987302e-01
-3.932850700550291068e-01 -1.123891740847006299e-01
3.373277504275735694e-01 -3.393509515997860659e-01
4.697147698811608985e-01 9.383412554813920503e-02
-7.158458305557111219e-03 3.136020389208037384e-01
-8.249801006829277084e-02 -7.970881445832719847e-02
8.136985370622384917e-02 -6.844435502810229666e-02
