1.019067247498757073e-01 9.877134702532035515e-01
-6.446450048369196661e-01 -7.260593505405879000e-01
-8.139028996251987946e-01 2.618545525314515676e-01
-8.569863479075980894e-01 8.437034557597213047e-02
-7.957802425287797687e-01 -2.009076852961877990e-01
-6.941287445143898838e-01 -4.582087431172448544e-01
-1.733247083020935664e-01 -9.589605675849492972e-01
-1.937030848289795354e-03 -8.960488519020747278e-01
2.718128808763936033e-01 -8.623417571315485919e-01
8.931057495877530172e-01 -4.381448820028481794e-01
9.318368610526965856e-01 -1.492351816493164562e-01
-1.665689819982466291e-01 -7.348495996396295915e-01
5.176669640900302127e-01 -6.697793398370637252e-01
7.015927491209018596e-01 -4.713592847688012899e-01
7.076236552599888263e-01 4.907279751337808027e-01
7.545665499930488407e-01 1.996008824693294437e-01
3.512270837859634565e-01 6.828706278730481971e-01
-4.963793002660886189e-01 -3.621747664841741543e-02
-4.812491331985443987e-01 3.723844537939079991e-01
-1.862778034578978781e-01 5.353205263008506964e-01
-3.187823145993340379e-01 4.439047165971761189e-01
5.259612477353706739e-01 -4.007798065613748517e-01
5.899052820398233976e-01 -2.086369557286226750e-01
-2.078911130331080326e-01 -4.239610110688343814e-01
-7.911306748187631188e-02 -4.246851948355777062e-01
2.663085472053636771e-01 -3.483553757483632829e-01
-1.714294805507599884e-01 -1.268071867604234626e-01
3.063800576000809128e-01 5.492028920045061158e-01
4.491157638883190861e-01 3.310063590556925339e-01
3.682416308250293646e-01 2.441686916186388764e-02
3.323934496980121556e-01 2.272166956960713635e-01
8.264246823664074537e-02 2.118046177328805624e-01
