5.968682013055961466e-01 -7.279014477757165258e-01
-2.491962109946792292e-01 -8.339511614572063802e-01
-8.998844344591684363e-01 3.361897642107373740e-01
-8.308078710250852428e-01 -2.695520598142892021e-01
-6.494027315765186215e-01 7.055316911135885993e-01
6.684598488181728859e-01 6.473259137380120709e-01
1.090708447940114990e-02 9.148583129925978996e-01
4.410073308266632686e-01 6.556711163411949039e-01
2.517591214936158450e-01 7.686038640439342151e-01
-3.321830474751499285e-01 6.807627186684069853e-01
1.214726269859459362e-01 6.952777377315938478e-01
7.439225689983991474e-01 -1.744534367264942987e-01
-5.279659134220688887e-01 -5.708039214539168960e-01
-5.670865216630454064e-01 -4.324095381786106640e-01
-1.971410314401854380e-01 -5.875379895601308133e-01
1.360869831640321714e-01 -6.514246380363858391e-01
-6.299202727135784219e-01 -1.186108111337615956e-01
-5.427923240473713218e-01 -5.303114225022601685e-02
-4.984781387434149558e-01 2.509723056495873350e-01
-4.064233931185937676e-01 3.730535896455748346e-01
-2.642105231568935841e-01 3.041855454239881240e-01
4.840488870135264965e-01 2.956407632236471295e-01
5.330676214827839710e-01 -3.389324783013190623e-01
3.040094215449221093e-01 -3.520084817103145136e-01
1.754708410119411310e-01 2.772150619408831895e-01
-1.008031364115997419e-01 8.619104715068783007e-02
4.635417044540238174e-02 -1.976192027540626672e-01
2.762912003620729973e-01 -3.762547836643419241e-02
1.317831369999135638e-01 4.936605897501285256e-02
