-1.922610070176822838e-01 9.296212080910550846e-01
6.255272360515266028e-01 6.358650271889171313e-01
3.375778998991226798e-01 7.816387926686986232e-01
-8.454348872338351972e-01 3.910010105048452589e-01
-7.271764214786039515e-01 -6.710889434182697455e-01
-6.897601179295249629e-01 4.464682909718850068e-01
-7.421433056888512292e-01 1.519253895554819045e-01
-1.766819430257024481e-01 -9.415134587993310156e-01
-5.500847560090439403e-01 -6.700639599200380880e-01
-4.245791881456020267e-01 -7.139426114577004379e-01
3.563169718286055554e-01 -7.797510532786272597e-01
-4.635342029994751756e-02 -8.293465282358425394e-01
8.058855196072629568e-01 -2.734756045857349854e-02
-3.703166240331230430e-01 6.272836666679747486e-01
3.556226571212723342e-01 5.906609878047041073e-01
5.692887142763500830e-01 2.766648868107901560e-01
-1.878834618052252214e-01 5.828851936011820722e-01
-5.122594679471903500e-01 -2.004659882864255060e-01
-4.458590150663349072e-01 1.983937272304480970e-01
-1.237563221860897428e-01 4.290185009547717865e-01
-1.179818787592938206e-01 -6.184241119141298260e-01
-2.813817861352828631e-01 -3.556589725005844249e-01
-2.694385546462490510e-01 -3.224159588322048076e-02
2.915628052163777850e-01 3.354516167454707487e-01
-2.438054218943172188e-02 1.915640640272022188e-01
6.215136799402387613e-01 -1.365645132205046408e-01
5.539660266039446723e-01 -2.407174482183200848e-01
4.110407656886668204e-01 2.033305797633638140e-02
1.919035687801322054e-01 -5.585178181403523956e-01
3.305251495829002462e-01 -4.057061385050057534e-01
1.439601075479246539e-01 -2.902247052589253529e-01
