-7.170698901624457389e-02 -9.717829776477265868e-01
9.531070364798378547e-01 -2.661361831801977718e-01
6.929331653661215951e-01 -6.160396002690633477e-01
6.122244844363409211e-01 7.296517857181563649e-01
8.665445102279970557e-01 3.515168548560702044e-01
8.693912750521464172e-01 2.871972224545594338e-02
-8.490215468623175665e-01 -3.553551820682293583e-01
-2.868514975067413403e-02 -7.990154994388271037e-01
-1.990650613869999197e-01 7.998941660585703328e-01
6.850636747794909276e-01 2.087864950298460032e-01
5.815075184526710128e-01 4.187959907332018950e-01
4.982792253941421001e-01 -4.720885171161094407e-01
2.229132781303825306e-01 6.661175880478753530e-01
3.287841791514664602e-01 5.502603510386763208e-01
5.627187253303750358e-01 -2.080384939919620035e-01
-6.960502336571621207e-01 3.159116433844104121e-01
-4.242321997695504554e-01 5.566322584447838118e-01
-2.995917851911535923e-01 5.382397504220768347e-01
-1.415274466486843019e-01 5.275825216891654179e-01
-5.026391584263955048e-01 -6.487258911234159431e-01
-6.122162809879380108e-01 1.181059776399079886e-01
-3.393587359550221949e-01 -6.233544334269415232e-01
-4.902473897142978765e-01 -4.656097624630677889e-01
-5.276497573007054021e-01 -3.368484643171093529e-01
-5.388276514072427581e-01 -7.271087473861845285e-02
-9.481670346895114398e-02 -4.828220363175091956e-01
4.098125349902798642e-01 -1.313723433212965752e-01
-3.159325760532897820e-01 -2.419403936198094018e-01
1.811554230057152992e-01 -1.595545752289072861e-01
-2.039183859878565819e-01 -3.410272692726634691e-02
-5.816509520585479848e-02 -9.518940001195883016e-02
2.127220293666804707e-01 1.988981643637135754e-01
