8.767387435542425278e-01 -4.625330691198741295e-01
2.681506543907200002e-01 -9.244442210001693194e-01
-2.543214094003739545e-01 -9.552018590453854596e-01
-8.008151232349770832e-02 -9.202727140790244453e-01
-7.379722066063167940e-01 -6.411140860517369200e-01
-5.832725887678841259e-01 -7.572937284294207760e-01
-9.703181288913879099e-01 -1.597763365302485028e-01
-8.660991657106661412e-01 -2.283106214335152429e-01
9.122666935958191337e-01 1.409268398948702594e-01
3.965193275213856339e-01 8.198868350083499124e-01
-4.844596023939316543e-01 -6.118578801092229291e-01
7.687494203936672266e-01 3.831685912329568788e-01
3.903563797611365183e-01 -6.223735829826325672e-01
2.395214389318980619e-01 -5.966591894573882726e-01
5.889545038368851904e-01 -3.082754864476667800e-01
-6.413820336268540867e-01 4.384295770998904995e-01
-2.173917272530097589e-01 6.871552832638386787e-01
-1.280174808128942410e-01 7.011351547068186418e-01
-5.470848971732273913e-01 -1.537905246797060255e-01
-3.475775130972839633e-01 -3.329629789291597142e-01
-5.504059071594507024e-01 2.358160114867906554e-01
-4.840131493916297045e-01 1.317828232138024136e-01
2.078057719298428141e-01 5.145215635450254288e-01
5.083965893692273808e-01 2.299229192450470138e-01
3.524128303890368685e-01 4.067001483064285328e-01
1.609227724726167985e-01 -3.087224377120898478e-01
4.147607260416089070e-01 -6.416112566075116153e-02
-2.294012120251154030e-01 9.442173625614010135e-02
-1.464770822120281535e-01 1.962538166066474521e-01
2.386641073657489731e-01 2.387785071517217750e-01
1.017087600998899666e-01 -5.830500963470959530e-02
