6.161116058604226842e-01 -6.821008511710613398e-01
4.093107356819360859e-02 9.984099682912619400e-01
-6.767307029279927555e-01 6.993446650739300052e-01
-8.676286083809532368e-01 3.359612607516607730e-01
-1.316095484490009682e-01 8.885653032547268237e-01
-2.927458898646141394e-01 8.323735278275894434e-01
-8.512640509583278003e-01 9.416709651850881102e-02
-7.686173172002565002e-01 -1.678140643500135587e-01
-3.809987210044737393e-01 -6.548858487151084651e-01
-6.191037405700539065e-01 -3.284733624482923942e-01
-9.974016755840582615e-02 -7.122124016746977926e-01
-3.698451869583562202e-01 -4.842664064491283837e-01
3.230856000683425266e-01 6.819787633473769484e-01
7.031903574578847183e-01 -1.824137012892753373e-01
6.176708722885653202e-01 1.268596233207330559e-01
4.439805500147906980e-01 4.066911889017165715e-01
3.048469603404164140e-03 5.528443459208993715e-01
4.876183986858478869e-01 -1.699665183153965253e-01
1.191591012503216973e-01 -4.508798927021458458e-01
-3.270670810313675569e-01 4.310944145424773222e-01
1.582851028082394862e-01 2.114298649711583988e-01
2.561944338025831658e-01 -3.027398033778308517e-02
-1.928404410805121261e-01 3.147716414095074189e-01
1.956269205499724592e-02 -2.811523834253000786e-01
-1.346605766339586119e-01 -1.807169505853118696e-01
-3.708627581888834790e-01 9.217491120981116670e-02
-3.439686563896114380e-01 9.838409146315145112e-03
