2.856805468819674232e-01 8.595669991772619811e-01
6.625920986321220951e-01 -5.417937459512527365e-01
2.914370923187925566e-02 8.233635067549436304e-01
7.308747053033848307e-01 -2.568208896423949672e-01
6.810447215583824709e-01 2.040840810749759149e-01
6.789859004678265864e-01 -8.674317763457606301e-02
5.075908827424776559e-01 4.216874272335313090e-01
-2.417628794033556683e-01 7.120989352722630894e-01
-4.740070148166748432e-01 6.683643372981141750e-01
-6.472937089609499539e-01 5.394071688596075997e-01
-9.127495855468991115e-01 2.692191462507380062e-01
3.519818046482591726e-03 5.368748003155744408e-01
-8.820641104764533891e-01 4.091570986069722332e-02
-6.387713427520976817e-01 -7.320019797755352720e-01
-7.521880031707104397e-01 -4.664521536783569067e-01
2.301946041338990834e-01 3.447830084897942626e-01
3.481262571934432559e-01 1.714134525029226697e-01
6.604867324752690394e-02 -7.274949876693758144e-01
-4.305178571230381945e-01 -6.363321800313288534e-01
-5.403694605144205854e-01 -4.843675850300326879e-01
-4.223288531404571500e-01 8.245867862223307809e-02
-6.089491969650511205e-01 -9.160131938908350202e-02
-5.811183499841988676e-01 -1.571965601591067685e-01
3.552207691309274273e-01 -1.929512704941331869e-01
1.258145281109500357e-01 1.223658996432644593e-02
6.658306547047959656e-02 -5.646990149354448318e-01
2.497175035797520593e-02 -4.632279777280223221e-01
-1.438456794227565005e-01 -7.672783231575219798e-02
-2.342553899112361782e-01 -3.301478206514883995e-01
