7.484537969766728027e-01 -6.439739704921659813e-01
-9.649857594539154038e-01 7.912556487028975238e-02
-8.717181187459569491e-01 1.564904733893327793e-01
-6.771659085186232385e-01 5.663535432726731766e-01
2.484977206628650181e-01 -8.712121660615100849e-01
-4.664333375247423086e-01 -7.967849501441360838e-01
-5.615064840892157738e-01 -6.534188376551207655e-01
9.829772561793366226e-01 1.093357835385566773e-01
7.522836232955308899e-01 -3.144953898995234698e-01
-1.346951721213083264e-01 -6.668509185165675257e-01
2.941881301589557851e-01 -5.570496998796108379e-01
-6.004328356357373497e-01 -3.353145359633007416e-01
-5.401593841741588742e-01 -2.359725365739594183e-01
-2.897809638176870872e-01 -4.030339442729976573e-01
-4.211644349750910399e-01 8.786257064970277864e-02
-3.984488786782738323e-01 3.318604802498484330e-01
-1.112943408620055280e-01 6.975945404846690678e-01
8.044973308004961243e-01 2.840070579640836534e-01
1.331162799857890655e-01 6.925723740089193559e-01
5.248184493007794771e-01 6.387729997319050446e-01
2.835466792228353294e-01 6.374552538958253578e-01
6.778150325247351837e-01 2.682571734656212792e-01
5.867094444296405698e-01 4.292276852189039205e-01
6.034246850558312204e-03 -1.954934625221285138e-01
-1.127633665629743098e-01 2.738665671999327977e-01
4.721611899441520155e-01 4.816270965202831822e-02
3.266089903948204975e-01 3.284842893898775040e-01
2.801275477667434233e-01 4.411975809467042625e-02
2.111270965362634366e-01 1.538707621418652083e-01
