8.999142555161209200e-01 -4.317762087107194779e-01
3.533683995717982196e-01 -9.212360213962170752e-01
8.448831839234125507e-01 4.194082140543131110e-01
1.126582332523580199e-01 9.460970466846229110e-01
5.090256505582620994e-01 7.753613316960613622e-01
6.256305052806515610e-01 6.916934031093373569e-01
-4.527978302013786482e-01 8.105347084579298533e-01
-5.908155028721271407e-01 7.080399532791900041e-01
-9.758521243467124240e-01 5.118560768199012512e-02
-3.165984053963841194e-01 7.638569991607910836e-01
-7.127444376819096483e-01 4.185079169382187048e-01
-8.515430317867311860e-01 -1.226509528015731626e-01
-3.525659185449674382e-01 -8.173945759509069209e-01
-4.355126177163879397e-01 -6.761391006277764903e-01
4.321877381575142674e-01 -6.702011392819041680e-01
1.305082556149693429e-01 -7.694465021984945308e-01
-2.145521771788382603e-01 -6.793764702526607913e-01
-7.426302683841984331e-01 1.584171412015426550e-01
-6.101567906156847299e-01 -2.449010140732173213e-01
7.182645866854663330e-01 1.882418988161799478e-01
-5.566697740957354812e-01 2.217892271450436770e-01
-1.119657072656549818e-01 5.885916417848544580e-01
6.332356348339535090e-01 -4.537552024466327133e-02
3.506858374121203381e-01 4.782187033264809206e-01
1.114885396495697151e-01 -5.602186383682563608e-01
4.035486373000412574e-01 -1.127161757312498958e-01
2.093480781865344198e-01 -3.632234413714878207e-01
2.432912281560083989e-01 2.047160099468738614e-01
9.351700744497276618e-02 2.417453194987576603e-01
-2.659980983000047594e-01 -2.455692826328139955e-01
-2.788183505705823517e-01 1.433036621048863202e-01
-2.535151673404306694e-01 -6.806378382348449163e-02
