8.308610434323916438e-01 -4.267326016384659360e-01
7.842987853086693661e-01 6.012228780846344822e-01
7.274904302158365921e-01 1.614321790673146628e-01
4.571721527687267472e-01 -7.343813456773421455e-01
5.985734192113681962e-01 -4.007103385661628936e-01
2.760307479442280498e-01 -7.773320477031826492e-01
-5.602045150799976891e-01 -7.636550924575183918e-01
2.653760976159929008e-01 -6.496024664024450113e-01
-5.172288317974107485e-01 -6.896074101229393571e-01
-1.056726844577316610e-01 -7.300225436739258278e-01
-2.482578576629398404e-01 -6.993588369366500190e-01
5.197051503378071757e-01 5.787590778201906483e-01
-4.402572902652393538e-01 8.367060884921262431e-01
-9.451969134635498371e-01 1.411564822141554987e-01
-7.439128051474160896e-01 5.488513126939911224e-01
-8.675011832654130339e-01 -1.184726007158907156e-02
1.485640212373806612e-01 7.103939572929507396e-01
3.903179350233544898e-01 2.503135852003235962e-01
5.591274788332328133e-02 5.569065685539772437e-01
-4.828072874241811641e-01 -3.648420938821126391e-01
2.484614916021662123e-01 -7.772362948094263535e-02
1.505758888676096974e-01 -1.977662442989920055e-01
-2.141165475902845339e-02 -1.742449094574008983e-01
-4.064012426153769120e-01 4.134504646857630750e-01
-3.926367181626906344e-01 -8.830986514049406211e-02
-5.172844926739260663e-01 1.410017480924900257e-01
-3.924951391571613879e-01 2.665384176254927406e-01
-9.102864693001053165e-02 2.104337537233955113e-01
-2.414574381076332599e-01 1.323936354350381817e-01
