-3.301481896848155739e-01 9.031545567047200018e-01
2.717963311028990803e-01 9.035225640546995507e-01
-3.407474633485959581e-01 7.640411589784442681e-01
-8.360662931631844819e-01 3.136455469345900138e-01
-4.610715653630315103e-01 -8.707445607994351855e-01
6.783380541175275669e-01 5.558061415810597872e-01
8.692938244831901473e-01 3.582920712629291682e-01
9.763823060607815796e-01 -5.920882952377652664e-02
-8.265776629820238419e-01 -5.212894986265196456e-02
-1.331737630715342235e-01 -8.478613501583597278e-01
1.424664682757526279e-01 7.045963494550606665e-01
8.719247637221898550e-01 1.958110059978435125e-02
7.684711075237472544e-01 -2.289541046988764761e-01
5.588500994999213711e-01 -6.226467534627125877e-01
3.725653558966430801e-01 -6.664770340569265983e-01
4.546688747664446306e-01 -5.837779206626333428e-01
5.103833299119028277e-01 -3.759931920423436047e-01
3.766255332016107404e-01 5.206979893605775400e-01
6.167751745328736712e-01 7.329965327493906391e-02
5.198149083612790822e-01 1.610800833118499198e-01
1.576436387311977438e-01 -6.078578239629987001e-01
-6.390792334716406398e-01 3.262229422455969474e-01
-6.202800834204095226e-01 -2.691431924113484309e-01
-4.131860454750533873e-01 -4.367447253178172728e-01
-1.712143237521355221e-01 4.661755297442551904e-01
2.026024365516045644e-01 2.771207141787523365e-01
-8.613691237651580068e-02 -3.776313464695588706e-01
-3.765730600564018427e-01 2.417769480323286868e-01
6.784377825895984704e-02 -1.684004258983400892e-01
-2.482406653631170634e-01 1.456899638426191745e-01
-2.713555225272307747e-01 -6.469519458370666387e-02
