55378
56489
47877
57901
59198
50345
51760
55449
54017
50854
48105
50956
57571
52344
51073
56657
47189
50661
50614
56586
47444
55947
56567
55075
50474
53764
54142
54809
49618
49854
50688
56629
56459
50263
51966
45855
55255
54693
56562
55089
53743
55463
55320
56862
52619
48487
52157
52582
56300
52666
55033
48904
50946
60449
50511
52224
54573
50941
54493
55027
53941
50155
51949
52128
55083
56388
51455
52338
54711
56841
55555
54548
57179
58804
57723
51201
57088
56396
56867
52804
49179
52796
54215
57355
49272
56945
52973
47827
55068
51505
52428
53028
58413
50468
57897
53394
50727
48883
55285
57009
54424
54229
56073
49529
51425
48910
54279
49430
52465
54487
47903
47630
52465
54993
50517
55517
46625
52600
50145
54000
60219
51783
47932
54120
46571
57660
48999
55513
55836
52900
57793
59781
48949
51014
58010
55281
57815
51294
51939
58235
49004
48132
58165
45769
53244
52360
54307
59381
54072
56246
57566
49070
50312
50285
54812
57079
56321
55277
57667
53520
48831
50798
48982
59970
47571
55838
52477
51564
53378
55656
55701
59700
50705
51932
59092
55242
56742
48323
53074
51180
58090
55227
50797
54747
57160
47007
53404
52661
54210
49555
58117
56358
58529
53213
52348
49261
49956
58429
53361
53360
51116
53239
51280
54103
49086
51914
55681
53457
58430
47966
56658
54453
51029
51699
51970
55481
58202
57824
58227
50770
55809
50217
58488
50869
51479
52711
59122
54396
55490
58250
51180
57500
58244
50133
53697
57898
46443
53360
57712
48886
55731
48916
47508
60951
55284
50535
59460
56521
54476
50020
48225
58796
53263
47706
55043
47339
60440
51179
56419
52077
58385
57124
54776
51655
56803
51689
52310
52457
53644
50230
51875
53743
52497
51827
55452
55228
57210
55969
52072
50003
56530
55197
56455
54449
48068
56485
49294
59494
52945
52045
57692
50247
56067
56561
49599
58786
52721
56870
47656
47612
58481
50749
46265
59751
54152
50420
58737
52444
50660
56041
51001
49297
47705
57460
50880
56415
50930
53171
47440
50323
57221
55101
48867
52746
51386
59476
59767
47928
56411
47765
50251
55244
54659
47253
59738
53438
59411
56788
53531
50096
49850
57621
51085
59518
58246
53905
49352
54074
46149
52885
53012
53639
48552
56822
56555
51399
53934
52785
48585
53449
50048
50199
52123
50637
49113
55731
57576
55546
55468
52075
54902
58786
57661
51084
50239
53673
51913
56557
56114
50673
48762
53662
56980
53116
49650
50569
59282
52968
56447
52218
48914
58477
51005
54542
56354
49535
57741
52004
49041
50826
57133
53013
51285
52527
58150
51101
50762
55850
54501
47523
47177
50903
56605
48324
52933
52122
58663
54661
50709
56145
48591
49303
56552
53460
47492
54349
51134
49563
53637
48018
56799
53575
51121
55736
50616
53426
55629
59343
48390
49134
52226
56524
56670
47013
47771
51763
48888
48311
51069
55796
52114
58568
58773
49121
48813
54167
59911
54435
58398
58872
56927
58386
54565
50861
52462
49781
52165
59496
51962
56073
56918
51940
48488
55944
59237
53148
56201
50498
48178
54779
49560
50726
52468
46577
47883
57469
59801
49989
49556
47895
56020
55355
48279
54462
50368
51492
55804
54658
55851
50466
51239
54874
56894
55207
49273
57243
51101
46332
54880
54970
48199
50535
54865
56279
51990
55743
49892
57638
49323
60586
56149
57276
55240
54598
52896
51771
56277
51182
49635
55705
52415
57453
53325
59282
55495
50840
58402
47818
57763
49228
56744
52890
54453
49296
52746
51112
58113
52090
55066
53848
51222
54846
57300
57279
56750
51342
51538
50454
49603
55460
46231
54587
46989
51211
55513
54330
51860
54879
49900
57197
55332
48308
59414
56537
53861
55540
54616
51480
48351
54221
56960
56574
57338
58060
54827
50746
55321
52843
48226
57138
50156
52414
51252
54299
58601
53548
56989
47339
51382
56190
