0.06289894534739748 0.30265856998497676 0
0.07268150557970432 0.7327351010369622 0
0.0778036303854398 0.2590651522663182 0
0.09569538200986738 0.4740893512356601 0
0.10059378593813195 0.7339405179658683 0
0.12248495091785605 0.49250839097652066 0
0.13220071575950587 0.649427870383341 0
0.15427942106449344 0.6148701314565972 0
0.15844929670889607 0.35111799999852533 0
0.15920569165885357 0.6645709458464927 0
0.17340789495234588 0.6025056779646123 0
0.22069794591857195 0.3397776898067728 0
0.23086346343179642 0.8334849258808167 0
0.241852961090822 0.8269154624483791 0
0.26099942332918025 0.5684460109639846 0
0.27226386036110584 0.22261256114139083 0
0.29144865077455995 0.45800936165542827 0
0.29541733319715824 0.18195115939681283 0
0.30999670223939846 0.2814558741029979 0
0.313918281551292 0.12834703356709365 0
0.3255336198950951 0.05870435738218882 0
0.3258187047548552 0.24895978287055553 0
0.4039024851385805 0.19040276846227622 0
0.42459563552573243 0.5822923835509026 0
0.4315111994142946 0.5184922583255346 0
0.435571625628573 0.18215308505306893 0
0.4596991437457113 0.5470866900166305 0
0.54 0.58 0
0.46201670468780287 0.3239102165424995 1
0.5019938357748942 0.1192292845604701 1
0.5073305841322115 0.10028791723067387 1
0.5274604225219324 0.1970474488344106 1
0.5300658795505537 0.6721243130305445 1
0.5401689998385905 0.7258483067175651 0
0.5412419470496358 0.8587245184656069 1
0.5415660117840544 0.2345440103600399 1
0.55193641580995 0.4188198397483379 1
0.5572005331489746 0.5193260339491433 1
0.5733776269084312 0.2257573082041423 1
0.5810580130905576 0.8307048829531505 1
0.5858332480697939 0.8526655563715086 1
0.6077709345335659 0.48621846015723147 1
0.6096394575159674 0.1710962284872788 1
0.6103373814594593 0.5627577423360653 1
0.6123844487036724 0.7863191479820553 1
0.6142035236413941 0.9688937078805823 1
0.6163096952526756 0.9747045689833859 1
0.6236308686688281 0.22818384395948388 1
0.6348025665272196 0.6243135340244921 1
0.6388546141525473 0.5800763697118211 1
0.6390023476897867 0.5886735038108836 1
0.6423576228851458 0.8745041919982531 1
0.6508930053011113 0.7468102838738974 1
0.6549287181463456 0.6849432529155034 1
0.6626114510456538 0.659330524564383 1
0.6703453891238705 0.19384493417465543 1
0.6903623439592677 0.39073016571669195 1
0.6904644576397726 0.06269999258853876 1
0.7139098217367085 0.8209705927825816 1
0.7169811515257449 0.53596567244442 1
0.7398635082170391 0.8441614385493229 1
0.7424633415204022 0.5000694096952257 1
0.7488400393307763 0.09923146403953276 1
0.7552930995252718 0.4249432994338894 1
0.7633002241561063 0.7170698659097671 1
0.7935939664252967 0.5215446065101704 1
0.8068405765610105 0.1897259439555018 1
0.8183897662219806 0.5328631309229712 1
0.8209001521911707 0.36732765902636844 1
0.8242338425337844 0.8075740114493509 1
0.8265748290876663 0.35019393100527096 1
0.8419366484184548 0.3532084044815985 1
0.8797399514653621 0.17646312087821414 1
0.9094527937196901 0.281332754247985 1
0.9214216169008573 0.6994157854287845 1
0.9596141495656845 0.38336935768237 1
0.9798398177702378 0.47127126189067825 1
0.9807249423384752 0.4369714292589276 1
0.9878535777597603 0.5628554681502822 1
